216 197 265
197 216 265
263 216 414
216 263 414
155 216 366
216 155 366
302 216 516
216 302 516
71 263 143
263 71 143
48 302 818
302 48 818
130 302 722
302 130 722
316 263 317
263 316 317
51 216 920
216 51 920
174 130 573
130 174 573
53 71 444
71 53 444
167 51 655
51 167 655
108 316 488
316 108 488
237 108 533
108 237 533
139 197 824
197 139 824
294 197 95
197 294 95
215 197 626
197 215 626
267 174 249
174 267 249
176 263 195
263 176 195
309 130 244
130 309 244
76 215 458
215 76 458
46 263 327
263 46 327
279 139 111
139 279 111
164 215 298
215 164 298
67 215 340
215 67 340
299 48 986
48 299 986
335 215 601
215 335 601
158 237 93
237 158 93
333 67 394
67 333 394
178 267 247
267 178 247
160 71 193
71 160 193
102 263 627
263 102 627
144 178 70
178 144 70
45 316 897
316 45 897
84 263 862
263 84 862
41 45 699
45 41 699
226 144 282
144 226 282
300 139 869
139 300 869
122 226 845
226 122 845
243 226 281
226 243 281
260 160 676
160 260 676
207 71 332
71 207 332
65 160 601
160 65 601
196 167 248
167 196 248
8 215 119
215 8 119
127 279 813
279 127 813
99 76 436
76 99 436
32 48 801
48 32 801
87 196 224
196 87 224
24 41 649
41 24 649
322 300 696
300 322 696
40 216 127
216 40 127
115 300 850
300 115 850
348 130 400
130 348 400
56 279 853
279 56 853
73 263 620
263 73 620
12 167 984
167 12 984
117 8 126
8 117 126
295 108 744
108 295 744
35 295 695
295 35 695
13 45 435
45 13 435
66 115 266
115 66 266
43 237 73
237 43 73
195 196 446
196 195 446
120 130 515
130 120 515
296 71 610
71 296 610
69 24 204
24 69 204
173 8 926
8 173 926
303 76 714
76 303 714
137 130 807
130 137 807
107 309 350
309 107 350
342 102 120
102 342 120
285 46 13
46 285 13
308 40 921
40 308 921
331 122 664
122 331 664
235 87 857
87 235 857
170 176 574
176 170 574
6 117 759
117 6 759
55 207 756
207 55 756
28 303 287
303 28 287
96 178 780
178 96 780
323 8 624
8 323 624
201 8 604
8 201 604
94 122 397
122 94 397
278 201 82
201 278 82
0 235 196
235 0 196
232 309 245
309 232 245
159 96 458
96 159 458
259 0 581
0 259 581
284 302 411
302 284 411
288 94 726
94 288 726
30 76 456
76 30 456
47 144 718
144 47 718
118 12 540
12 118 540
343 107 618
107 343 618
1 302 506
302 1 506
233 122 857
122 233 857
332 48 828
48 332 828
292 164 561
164 292 561
345 96 85
96 345 85
298 30 133
30 298 133
354 216 411
216 354 411
341 0 427
0 341 427
121 197 218
197 121 218
5 288 772
288 5 772
2 5 691
5 2 691
199 6 100
6 199 100
79 139 622
139 79 622
241 67 894
67 241 894
123 84 705
84 123 705
77 167 487
167 77 487
318 24 642
24 318 642
31 263 281
263 31 281
344 12 819
12 344 819
291 237 882
237 291 882
105 215 669
215 105 669
204 121 666
121 204 666
247 196 117
196 247 117
334 176 285
176 334 285
325 263 43
263 325 43
18 299 697
299 18 697
110 107 322
107 110 322
150 325 581
325 150 581
329 71 866
71 329 866
283 150 718
150 283 718
238 201 506
201 238 506
273 323 924
323 273 924
186 77 381
77 186 381
351 8 212
8 351 212
154 308 9
308 154 9
61 300 277
300 61 277
142 0 808
0 142 808
156 279 346
279 156 346
314 51 42
51 314 42
116 260 153
260 116 153
239 308 369
308 239 369
171 144 300
144 171 300
52 110 748
110 52 748
104 167 315
167 104 315
82 156 746
156 82 746
29 170 412
170 29 412
148 235 424
235 148 424
50 67 574
67 50 574
212 18 345
18 212 345
346 232 127
232 346 127
211 333 716
333 211 716
220 241 38
241 220 38
140 278 752
278 140 752
293 122 941
122 293 941
81 212 384
212 81 384
274 46 67
46 274 67
37 24 767
24 37 767
106 139 394
139 106 394
7 67 403
67 7 403
251 142 296
142 251 296
208 283 807
283 208 807
262 56 433
56 262 433
39 118 225
118 39 225
132 293 795
293 132 795
88 123 196
123 88 196
180 333 65
333 180 65
326 130 924
130 326 924
248 291 770
291 248 770
317 322 121
322 317 121
234 298 262
298 234 262
109 317 43
317 109 43
113 132 149
132 113 149
58 24 469
24 58 469
190 30 559
30 190 559
83 299 610
299 83 610
242 226 577
226 242 577
205 248 696
248 205 696
217 156 507
156 217 507
338 323 853
323 338 853
252 273 650
273 252 650
337 322 555
322 337 555
306 73 9
73 306 9
181 96 837
96 181 837
169 51 537
51 169 537
80 120 617
120 80 617
89 233 596
233 89 596
162 80 826
80 162 826
249 294 819
294 249 819
42 142 889
142 42 889
20 294 230
294 20 230
75 174 307
174 75 307
10 344 338
344 10 338
98 300 889
300 98 889
254 343 517
343 254 517
214 116 514
116 214 514
19 211 92
211 19 92
281 106 78
106 281 78
240 40 296
40 240 296
301 106 427
106 301 427
269 292 622
292 269 622
330 295 871
295 330 871
15 58 906
58 15 906
3 254 186
254 3 186
184 351 583
351 184 583
157 278 67
278 157 67
282 69 965
69 282 965
187 15 417
15 187 417
227 332 63
332 227 63
111 317 957
317 111 957
90 13 293
13 90 293
206 237 964
237 206 964
25 150 427
150 25 427
100 283 911
283 100 911
60 205 715
205 60 715
114 25 361
25 114 361
261 51 626
51 261 626
290 332 469
332 290 469
34 67 482
67 34 482
124 71 33
71 124 33
97 180 331
180 97 331
78 169 562
169 78 562
229 87 392
87 229 392
321 158 902
158 321 902
49 208 717
208 49 717
312 262 647
262 312 647
228 109 127
109 228 127
203 282 869
282 203 869
103 292 818
292 103 818
210 214 893
214 210 893
101 142 881
142 101 881
149 51 800
51 149 800
275 31 380
31 275 380
268 32 466
32 268 466
145 187 647
187 145 647
26 53 923
53 26 923
347 174 497
174 347 497
125 26 27
26 125 27
352 156 682
156 352 682
219 211 896
211 219 896
92 117 95
117 92 95
289 60 905
60 289 905
339 88 798
88 339 798
194 181 536
181 194 536
175 351 312
351 175 312
54 226 436
226 54 436
225 79 945
79 225 945
33 175 107
175 33 107
182 294 101
294 182 101
183 3 159
3 183 159
304 183 31
183 304 31
324 344 441
344 324 441
276 2 30
2 276 30
213 92 884
92 213 884
147 42 258
42 147 258
36 284 72
284 36 72
63 288 708
288 63 708
14 159 356
159 14 356
93 263 850
263 93 850
133 60 374
60 133 374
38 37 914
37 38 914
85 2 3
2 85 3
131 43 765
43 131 765
4 81 377
81 4 377
320 167 955
167 320 955
280 334 879
334 280 879
91 343 464
343 91 464
70 183 352
183 70 352
350 142 133
142 350 133
17 2 370
2 17 370
189 33 983
33 189 983
172 274 959
274 172 959
272 113 188
113 272 188
307 260 105
260 307 105
270 262 160
262 270 160
218 331 968
331 218 968
95 344 323
344 95 323
266 329 242
329 266 242
136 293 381
293 136 381
244 279 881
279 244 881
112 174 403
174 112 403
59 226 135
226 59 135
250 106 563
106 250 563
253 342 605
342 253 605
256 37 652
37 256 652
222 65 254
65 222 254
265 254 652
254 265 652
327 333 385
333 327 385
255 302 427
302 255 427
200 101 208
101 200 208
231 81 975
81 231 975
311 127 973
127 311 973
143 56 283
56 143 283
86 231 620
231 86 620
135 268 950
268 135 950
277 118 786
118 277 786
297 228 178
228 297 178
126 125 348
125 126 348
340 272 145
272 340 145
152 289 646
289 152 646
224 196 494
196 224 494
286 121 301
121 286 301
9 145 633
145 9 633
185 155 223
155 185 223
146 117 787
117 146 787
246 7 558
7 246 558
236 55 434
55 236 434
310 225 94
225 310 94
287 133 778
133 287 778
128 253 780
253 128 780
177 50 647
50 177 647
16 13 276
13 16 276
315 309 0
309 315 0
141 227 538
227 141 538
264 187 455
187 264 455
57 351 362
351 57 362
163 345 609
345 163 609
44 267 72
267 44 72
161 208 546
208 161 546
191 35 542
35 191 542
153 201 69
201 153 69
223 140 289
140 223 289
319 173 587
173 319 587
328 199 544
199 328 544
64 114 978
114 64 978
353 206 759
206 353 759
179 293 452
293 179 452
221 277 643
277 221 643
74 28 126
28 74 126
230 13 390
13 230 390
151 310 479
310 151 479
27 311 684
311 27 684
134 89 647
89 134 647
193 290 223
290 193 223
198 36 711
36 198 711
209 326 504
326 209 504
305 178 454
178 305 454
138 285 763
285 138 763
245 299 908
299 245 908
336 123 26
123 336 26
168 225 400
225 168 400
11 270 68
270 11 68
23 187 6
187 23 6
202 76 118
76 202 118
21 52 894
52 21 894
257 293 744
293 257 744
72 342 769
342 72 769
258 220 195
220 258 195
62 203 471
203 62 471
166 330 172
330 166 172
188 97 663
97 188 663
271 331 458
331 271 458
119 307 323
307 119 323
68 2 932
2 68 932
129 275 357
275 129 357
313 321 826
321 313 826
349 184 747
184 349 747
22 345 449
345 22 449
165 246 727
246 165 727
192 3 34
3 192 34
334 230 86
230 334 86
343 75 58
75 343 58
27 271 177
271 27 177
334 44 304
44 334 304
161 196 721
196 161 721
70 346 789
346 70 789
80 114 469
114 80 469
335 74 713
74 335 713
17 257 979
257 17 979
138 222 952
222 138 952
312 9 465
9 312 465
36 154 721
154 36 721
182 123 345
123 182 345
239 76 44
76 239 44
299 201 358
201 299 358
216 140 670
140 216 670
155 107 65
107 155 65
49 68 227
68 49 227
163 227 571
227 163 571
31 125 197
125 31 197
217 163 104
163 217 104
57 65 813
65 57 813
248 234 548
234 248 548
352 109 261
109 352 261
237 272 45
272 237 45
233 98 82
98 233 82
199 307 354
307 199 354
1 341 257
341 1 257
166 7 319
7 166 319
17 330 260
330 17 260
324 337 892
337 324 892
110 46 313
46 110 313
327 226 9
226 327 9
92 93 741
93 92 741
210 164 939
164 210 939
261 14 471
14 261 471
101 35 87
35 101 87
260 150 101
150 260 101
6 261 905
261 6 905
241 101 627
101 241 627
122 321 572
321 122 572
282 309 981
309 282 981
30 273 501
273 30 501
318 120 860
120 318 860
148 80 327
80 148 327
203 348 570
348 203 570
211 44 554
44 211 554
341 274 796
274 341 796
149 350 619
350 149 619
289 244 649
244 289 649
156 104 237
104 156 237
316 35 629
35 316 629
24 159 750
159 24 750
290 273 223
273 290 223
346 23 6
23 346 6
244 350 438
350 244 438
67 66 393
66 67 393
209 104 121
104 209 121
135 249 235
249 135 235
188 256 676
256 188 676
212 31 757
31 212 757
110 144 530
144 110 530
262 188 335
188 262 335
334 19 643
19 334 643
304 211 596
211 304 596
232 137 829
137 232 829
130 255 516
255 130 516
113 10 599
10 113 599
151 167 831
167 151 831
296 187 158
187 296 158
284 91 78
91 284 78
303 5 800
5 303 800
133 297 785
297 133 785
241 325 750
325 241 750
69 334 778
334 69 778
330 80 623
80 330 623
310 69 644
69 310 644
38 56 630
56 38 630
108 270 610
270 108 610
249 36 466
36 249 466
39 48 981
48 39 981
318 200 668
200 318 668
201 202 900
202 201 900
93 324 559
324 93 559
88 243 265
243 88 265
137 264 411
264 137 411
233 326 804
326 233 804
293 330 966
330 293 966
178 2 39
2 178 39
180 273 351
273 180 351
101 258 743
258 101 743
23 11 231
11 23 231
156 337 687
337 156 687
201 208 17
208 201 17
162 340 552
340 162 552
333 221 154
221 333 154
80 53 502
53 80 502
179 160 25
160 179 25
150 279 12
279 150 12
291 336 334
336 291 334
45 160 353
160 45 353
21 78 139
78 21 139
123 145 445
145 123 445
342 249 319
249 342 319
284 138 336
138 284 336
60 269 9
269 60 9
60 116 546
116 60 546
266 349 721
349 266 721
289 76 578
76 289 578
66 60 976
60 66 976
184 232 3
232 184 3
85 137 636
137 85 636
202 350 860
350 202 860
331 243 337
243 331 337
18 284 252
284 18 252
53 0 760
0 53 760
313 143 172
143 313 172
243 321 949
321 243 949
16 115 635
115 16 635
179 219 727
219 179 727
235 191 616
191 235 616
309 351 348
351 309 348
281 108 640
108 281 640
267 133 91
133 267 91
249 293 687
293 249 687
170 219 241
219 170 241
320 162 166
162 320 166
25 205 276
205 25 276
14 282 15
282 14 15
132 95 922
95 132 922
220 265 480
265 220 480
215 266 584
266 215 584
327 314 956
314 327 956
349 176 466
176 349 466
187 13 413
13 187 413
306 93 52
93 306 52
174 104 757
104 174 757
215 154 697
154 215 697
68 9 719
9 68 719
140 349 780
349 140 780
2 218 528
218 2 528
338 15 854
15 338 854
186 2 118
2 186 118
135 58 824
58 135 824
329 246 690
246 329 690
266 68 896
68 266 896
80 201 938
201 80 938
6 190 866
190 6 866
302 146 835
146 302 835
299 135 159
135 299 159
337 20 298
20 337 298
353 81 330
81 353 330
93 206 615
206 93 615
312 232 1
232 312 1
342 297 44
297 342 44
149 195 349
195 149 349
302 304 931
304 302 931
257 21 797
21 257 797
61 161 192
161 61 192
84 265 958
265 84 958
229 148 972
148 229 972
259 95 173
95 259 173
102 23 654
23 102 654
28 286 112
286 28 112
4 74 815
74 4 815
253 264 393
264 253 393
203 239 318
239 203 318
346 48 438
48 346 438
50 142 550
142 50 550
270 255 325
255 270 325
252 233 722
233 252 722
228 342 865
342 228 865
155 91 159
91 155 159
202 86 393
86 202 393
42 339 972
339 42 972
267 143 934
143 267 934
114 151 628
151 114 628
105 316 370
316 105 370
218 96 696
96 218 696
292 74 362
74 292 362
179 133 19
133 179 19
273 126 913
126 273 913
150 82 189
82 150 189
97 122 586
122 97 586
145 18 761
18 145 761
26 280 916
280 26 916
322 1 168
1 322 168
101 144 950
144 101 950
321 230 404
230 321 404
104 351 447
351 104 447
162 44 335
44 162 335
127 262 30
262 127 30
14 71 780
71 14 780
186 341 780
341 186 780
227 15 446
15 227 446
151 353 689
353 151 689
184 176 596
176 184 596
194 89 849
89 194 849
297 195 577
195 297 577
148 113 841
113 148 841
167 227 485
227 167 485
272 303 42
303 272 42
260 135 885
135 260 885
306 42 4
42 306 4
84 233 734
233 84 734
73 62 553
62 73 553
225 46 322
46 225 322
167 180 402
180 167 402
195 151 281
151 195 281
100 62 145
62 100 145
128 331 413
331 128 413
208 91 61
91 208 61
201 195 914
195 201 914
173 324 722
324 173 722
193 279 747
279 193 747
172 46 843
46 172 843
200 165 762
165 200 762
74 3 972
3 74 972
30 337 819
337 30 819
146 207 82
207 146 82
311 259 832
259 311 832
116 341 819
341 116 819
156 113 717
113 156 717
351 142 529
142 351 529
352 55 774
55 352 774
145 327 156
327 145 156
176 74 599
74 176 599
284 193 524
193 284 524
215 180 837
180 215 837
41 332 663
332 41 663
352 44 244
44 352 244
219 272 163
272 219 163
83 168 138
168 83 138
182 200 58
200 182 58
253 207 840
207 253 840
189 252 2
252 189 2
243 115 437
115 243 437
163 80 583
80 163 583
347 242 853
242 347 853
240 70 370
70 240 370
151 35 139
35 151 139
326 53 186
53 326 186
195 51 345
51 195 345
163 332 45
332 163 45
261 209 63
209 261 63
132 184 933
184 132 933
299 315 785
315 299 785
0 249 940
249 0 940
122 60 55
60 122 55
101 89 618
89 101 618
319 154 688
154 319 688
39 86 869
86 39 869
125 261 185
261 125 185
139 125 821
125 139 821
116 233 972
233 116 972
3 102 366
102 3 366
87 43 26
43 87 26
169 174 181
174 169 181
206 153 707
153 206 707
336 48 330
48 336 330
352 255 763
255 352 763
93 182 82
182 93 82
299 244 882
244 299 882
90 314 28
314 90 28
305 17 98
17 305 98
260 83 367
83 260 367
24 225 991
225 24 991
294 6 930
6 294 930
17 353 824
353 17 824
211 267 0
267 211 0
281 205 160
205 281 160
222 331 164
331 222 164
259 96 655
96 259 655
68 329 965
329 68 965
64 58 968
58 64 968
167 276 981
276 167 981
353 119 407
119 353 407
46 291 246
291 46 246
151 212 336
212 151 336
232 18 360
18 232 360
291 201 899
201 291 899
97 339 372
339 97 372
135 137 395
137 135 395
135 48 166
48 135 166
185 263 703
263 185 703
184 159 152
159 184 152
51 234 522
234 51 522
216 176 48
176 216 48
12 340 626
340 12 626
331 6 689
6 331 689
301 108 428
108 301 428
103 277 935
277 103 935
349 83 728
83 349 728
238 137 372
137 238 372
91 123 546
123 91 546
111 226 132
226 111 132
100 135 674
135 100 674
169 87 441
87 169 441
103 283 482
283 103 482
269 291 938
291 269 938
187 110 660
110 187 660
324 227 942
227 324 942
9 84 855
84 9 855
351 29 906
29 351 906
270 214 555
214 270 555
53 264 626
264 53 626
33 18 282
18 33 282
309 44 329
44 309 329
157 353 109
353 157 109
136 164 147
164 136 147
157 108 786
108 157 786
97 282 443
282 97 443
115 92 618
92 115 618
289 323 173
323 289 173
338 33 420
33 338 420
96 310 940
310 96 940
346 131 115
131 346 115
98 337 146
337 98 146
179 249 784
249 179 784
33 221 531
221 33 531
335 345 898
345 335 898
61 284 740
284 61 740
185 109 303
109 185 303
301 230 42
230 301 42
293 327 441
327 293 441
215 129 420
129 215 420
171 281 745
281 171 745
2 306 137
306 2 137
69 73 627
73 69 627
162 94 31
94 162 31
312 224 407
224 312 407
339 300 657
300 339 657
68 122 796
122 68 796
229 253 743
253 229 743
255 137 173
137 255 173
6 2 168
2 6 168
105 139 537
139 105 537
303 14 365
14 303 365
64 220 733
220 64 733
242 313 121
313 242 121
60 314 920
314 60 920
96 252 643
252 96 643
85 190 545
190 85 545
308 281 757
281 308 757
200 208 240
208 200 240
240 306 399
306 240 399
225 91 313
91 225 313
60 100 832
100 60 832
24 129 996
129 24 996
6 263 597
263 6 597
128 230 721
230 128 721
17 348 713
348 17 713
305 121 610
121 305 610
198 141 525
141 198 525
73 239 705
239 73 705
191 0 384
0 191 384
65 267 10
267 65 10
295 20 836
20 295 836
324 326 110
326 324 110
271 347 377
347 271 377
146 351 682
351 146 682
147 204 944
204 147 944
96 143 564
143 96 564
122 280 942
280 122 942
0 108 847
108 0 847
198 278 899
278 198 899
17 60 622
60 17 622
202 2 448
2 202 448
313 25 270
25 313 270
174 246 137
246 174 137
3 232 906
232 3 906
101 135 54
135 101 54
281 196 659
196 281 659
236 25 342
25 236 342
334 320 894
320 334 894
352 309 491
309 352 491
319 40 275
40 319 275
320 63 564
63 320 564
209 282 484
282 209 484
116 30 235
30 116 235
59 75 163
75 59 163
7 163 851
163 7 851
285 352 70
352 285 70
84 183 402
183 84 402
135 60 569
60 135 569
99 116 493
116 99 493
204 73 303
73 204 303
342 42 831
42 342 831
32 137 674
137 32 674
333 257 140
257 333 140
246 311 203
311 246 203
155 294 882
294 155 882
25 231 716
231 25 716
141 63 731
63 141 731
165 348 953
348 165 953
33 311 355
311 33 355
252 87 702
87 252 702
263 150 232
150 263 232
133 132 281
132 133 281
291 302 507
302 291 507
89 280 948
280 89 948
338 127 79
127 338 79
208 340 432
340 208 432
291 98 986
98 291 986
269 308 237
308 269 237
220 354 760
354 220 760
324 23 901
23 324 901
249 212 393
212 249 393
161 296 851
296 161 851
13 89 512
89 13 512
225 204 671
204 225 671
19 74 937
74 19 937
249 228 284
228 249 284
249 90 785
90 249 785
212 115 491
115 212 491
293 13 456
13 293 456
6 337 955
337 6 955
329 343 951
343 329 951
217 38 234
38 217 234
73 68 393
68 73 393
184 339 525
339 184 525
289 135 848
135 289 848
223 318 691
318 223 691
111 131 318
131 111 318
147 334 322
334 147 322
189 313 1
313 189 1
99 225 324
225 99 324
282 105 840
105 282 840
312 164 589
164 312 589
309 100 95
100 309 95
314 354 742
354 314 742
113 288 115
288 113 115
30 75 28
75 30 28
334 46 8
46 334 8
269 136 4
136 269 4
296 295 841
295 296 841
264 57 957
57 264 957
354 260 758
260 354 758
194 298 868
298 194 868
197 172 918
172 197 918
328 290 68
290 328 68
244 284 948
284 244 948
334 105 950
105 334 950
290 269 486
269 290 486
197 103 215
103 197 215
269 76 630
76 269 630
171 237 596
237 171 596
306 98 846
98 306 846
205 271 464
271 205 464
193 173 610
173 193 610
17 99 257
99 17 257
40 104 24
104 40 24
192 342 635
342 192 635
23 303 388
303 23 388
2 340 999
340 2 999
23 248 206
248 23 206
97 280 512
280 97 512
13 311 108
311 13 108
192 182 127
182 192 127
280 145 481
145 280 481
288 125 560
125 288 560
217 120 426
120 217 426
154 240 80
240 154 80
135 4 343
4 135 343
334 125 254
125 334 254
169 324 793
324 169 793
114 167 457
167 114 457
155 327 414
327 155 414
268 344 439
344 268 439
150 351 488
351 150 488
182 342 233
342 182 233
101 346 368
346 101 368
336 213 613
213 336 613
235 272 700
272 235 700
196 1 307
1 196 307
189 74 689
74 189 689
66 178 158
178 66 158
252 267 342
267 252 342
328 323 784
323 328 784
175 184 694
184 175 694
1 114 508
114 1 508
332 278 400
278 332 400
164 217 908
217 164 908
129 172 192
172 129 192
113 47 531
47 113 531
250 128 596
128 250 596
203 170 648
170 203 648
22 223 505
223 22 505
21 126 951
126 21 951
241 16 451
16 241 451
294 329 499
329 294 499
264 326 569
326 264 569
345 197 44
197 345 44
160 173 248
173 160 248
149 188 624
188 149 624
344 202 700
202 344 700
56 17 435
17 56 435
209 230 293
230 209 293
129 217 505
217 129 505
313 332 167
332 313 167
214 231 863
231 214 863
162 210 400
210 162 400
210 21 325
21 210 325
175 45 150
45 175 150
318 117 769
117 318 769
55 282 973
282 55 973
339 59 215
59 339 215
98 279 21
279 98 21
25 2 89
2 25 89
261 146 583
146 261 583
114 59 215
59 114 215
230 263 983
263 230 983
258 303 543
303 258 543
198 39 389
39 198 389
253 112 67
112 253 67
243 264 993
264 243 993
14 130 208
130 14 208
124 153 775
153 124 775
42 132 85
132 42 85
53 110 628
110 53 628
237 236 884
236 237 884
70 98 157
98 70 157
194 142 112
142 194 112
287 268 285
268 287 285
318 269 393
269 318 393
320 217 233
217 320 233
310 116 958
116 310 958
8 46 158
46 8 158
180 353 598
353 180 598
86 213 64
213 86 64
270 304 445
304 270 445
248 15 746
15 248 746
167 295 444
295 167 444
57 257 958
257 57 958
173 342 906
342 173 906
139 35 722
35 139 722
312 238 32
238 312 32
221 104 270
104 221 270
330 337 298
337 330 298
19 153 822
153 19 822
27 233 762
233 27 762
250 178 346
178 250 346
350 327 14
327 350 14
323 93 839
93 323 839
53 27 883
27 53 883
142 190 140
190 142 140
337 24 628
24 337 628
143 34 978
34 143 978
45 186 584
186 45 584
115 172 76
172 115 76
246 120 496
120 246 496
215 172 860
172 215 860
344 306 99
306 344 99
231 77 181
77 231 181
21 204 408
204 21 408
341 163 715
163 341 715
210 181 161
181 210 161
171 181 997
181 171 997
222 354 221
354 222 221
194 88 131
88 194 131
29 143 680
143 29 680
197 207 676
207 197 676
113 262 893
262 113 893
234 215 86
215 234 86
161 130 299
130 161 299
117 278 728
278 117 728
82 341 525
341 82 525
255 306 885
306 255 885
145 8 424
8 145 424
131 266 851
266 131 851
60 260 607
260 60 607
339 234 178
234 339 178
274 150 643
150 274 643
103 166 715
166 103 715
211 294 23
294 211 23
302 27 865
27 302 865
171 122 891
122 171 891
202 88 324
88 202 324
222 336 294
336 222 294
164 273 869
273 164 869
192 17 143
17 192 143
142 177 57
177 142 57
3 124 287
124 3 287
185 291 259
291 185 259
88 266 501
266 88 501
145 66 433
66 145 433
19 0 533
0 19 533
299 247 723
247 299 723
183 330 31
330 183 31
110 260 315
260 110 315
24 47 925
47 24 925
120 210 15
210 120 15
20 270 423
270 20 423
43 270 252
270 43 252
38 212 274
212 38 274
206 312 482
312 206 482
333 94 726
94 333 726
307 162 207
162 307 207
273 170 226
170 273 226
7 308 190
308 7 190
327 186 557
186 327 557
108 30 238
30 108 238
34 28 249
28 34 249
311 120 902
120 311 902
9 0 762
0 9 762
238 307 792
307 238 792
106 174 739
174 106 739
92 354 63
354 92 63
114 278 390
278 114 390
4 3 217
3 4 217
15 136 538
136 15 538
14 40 129
40 14 129
196 266 11
266 196 11
260 71 984
71 260 984
329 187 461
187 329 461
188 29 422
29 188 422
337 202 405
202 337 405
142 122 913
122 142 913
28 246 248
246 28 248
199 279 779
279 199 779
335 91 828
91 335 828
45 192 456
192 45 456
273 26 727
26 273 727
202 173 614
173 202 614
353 280 296
280 353 296
48 16 151
16 48 151
169 72 366
72 169 366
10 37 513
37 10 513
193 22 259
22 193 259
173 53 490
53 173 490
354 163 406
163 354 406
217 33 308
33 217 308
101 107 486
107 101 486
274 190 357
190 274 357
27 141 389
141 27 389
187 286 410
286 187 410
85 37 690
37 85 690
135 325 193
325 135 193
312 123 271
123 312 271
350 278 521
278 350 521
107 177 529
177 107 529
266 320 856
320 266 856
305 182 939
182 305 939
338 142 443
142 338 443
7 352 928
352 7 928
245 270 53
270 245 53
292 61 469
61 292 469
165 84 18
84 165 18
341 177 105
177 341 105
61 197 845
197 61 845
123 118 632
118 123 632
159 202 369
202 159 369
44 171 9
171 44 9
188 11 16
11 188 16
174 163 938
163 174 938
278 39 985
39 278 985
325 282 842
282 325 842
38 20 878
20 38 878
89 196 596
196 89 596
228 295 716
295 228 716
167 159 14
159 167 14
128 266 279
266 128 279
80 2 891
2 80 891
330 345 326
345 330 326
118 288 508
288 118 508
11 170 626
170 11 626
310 4 417
4 310 417
246 179 963
179 246 963
105 216 55
216 105 55
103 264 32
264 103 32
209 305 663
305 209 663
303 131 87
131 303 87
124 39 339
39 124 339
230 353 948
353 230 948
223 1 731
1 223 731
160 217 994
217 160 994
137 180 672
180 137 672
82 213 1000
213 82 1000
324 163 934
163 324 934
190 52 917
52 190 917
209 122 469
122 209 469
96 56 524
56 96 524
142 311 731
311 142 731
25 163 458
163 25 458
97 62 162
62 97 162
163 124 784
124 163 784
195 349 672
349 195 672
12 146 791
146 12 791
12 343 764
343 12 764
324 81 702
81 324 702
322 313 782
313 322 782
229 314 282
314 229 282
73 151 364
151 73 364
280 244 821
244 280 821
300 302 41
302 300 41
163 130 997
130 163 997
137 66 417
66 137 417
15 324 907
324 15 907
108 88 647
88 108 647
107 65 719
65 107 719
157 198 593
198 157 593
291 164 214
164 291 214
261 237 48
237 261 48
16 111 135
111 16 135
311 37 416
37 311 416
25 256 56
256 25 56
268 250 148
250 268 148
143 120 659
120 143 659
2 236 978
236 2 978
0 8 590
8 0 590
54 220 274
220 54 274
351 79 412
79 351 412
313 302 885
302 313 885
151 299 536
299 151 536
84 71 654
71 84 654
346 55 791
55 346 791
342 320 137
320 342 137
117 83 6
83 117 6
234 308 338
308 234 338
286 102 88
102 286 88
214 2 259
2 214 259
26 190 698
190 26 698
213 54 548
54 213 548
270 65 82
65 270 82
180 210 392
210 180 392
206 250 491
250 206 491
327 321 531
321 327 531
226 318 147
318 226 147
198 111 848
111 198 848
91 88 151
88 91 151
41 285 159
285 41 159
215 330 660
330 215 660
135 295 680
295 135 680
45 307 274
307 45 274
135 7 360
7 135 360
257 183 411
183 257 411
310 248 761
248 310 761
258 328 477
328 258 477
70 337 237
337 70 237
131 176 742
176 131 742
330 10 350
10 330 350
70 155 255
155 70 255
152 122 486
122 152 486
73 98 445
98 73 445
223 329 558
329 223 558
167 189 519
189 167 519
12 309 583
309 12 583
249 309 965
309 249 965
10 30 349
30 10 349
171 213 494
213 171 494
124 197 830
197 124 830
305 325 670
325 305 670
168 183 760
183 168 760
337 129 822
129 337 822
323 46 779
46 323 779
304 23 950
23 304 950
94 15 712
15 94 712
220 313 899
313 220 899
9 276 218
276 9 218
108 125 638
125 108 638
315 62 177
62 315 177
161 149 322
149 161 322
286 113 440
113 286 440
277 179 147
179 277 147
70 49 400
49 70 400
18 98 390
98 18 390
274 79 261
79 274 261
150 244 601
244 150 601
214 352 243
352 214 243
16 205 638
205 16 638
230 308 329
308 230 329
329 285 864
285 329 864
61 265 177
265 61 177
244 177 117
177 244 117
268 304 209
304 268 209
192 30 614
30 192 614
249 264 255
264 249 255
8 59 508
59 8 508
199 81 399
81 199 399
104 70 206
70 104 206
89 100 322
100 89 322
174 46 196
46 174 196
345 264 851
264 345 851
201 231 469
231 201 469
260 186 513
186 260 513
220 22 498
22 220 498
124 88 868
88 124 868
166 15 55
15 166 55
117 178 342
178 117 342
96 239 629
239 96 629
311 210 316
210 311 316
222 290 873
290 222 873
324 19 225
19 324 225
271 8 743
8 271 743
260 179 93
179 260 93
320 316 875
316 320 875
23 185 525
185 23 525
190 177 98
177 190 98
86 325 20
325 86 20
76 32 843
32 76 843
132 127 835
127 132 835
236 157 726
157 236 726
120 152 964
152 120 964
44 95 981
95 44 981
298 148 302
148 298 302
96 118 604
118 96 604
291 137 133
137 291 133
105 142 507
142 105 507
251 308 752
308 251 752
153 52 209
52 153 209
243 303 919
303 243 919
21 100 997
100 21 997
47 298 891
298 47 891
236 316 359
316 236 359
112 23 491
23 112 491
119 195 773
195 119 773
52 260 919
260 52 919
223 165 887
165 223 887
148 16 754
16 148 754
318 263 915
263 318 915
285 2 758
2 285 758
224 188 3
188 224 3
124 120 148
120 124 148
213 112 42
112 213 42
131 248 972
248 131 972
318 258 178
258 318 178
352 326 680
326 352 680
149 247 963
247 149 963
138 27 751
27 138 751
82 188 724
188 82 724
1 169 501
169 1 501
104 80 551
80 104 551
236 212 223
212 236 223
211 327 401
327 211 401
144 259 384
259 144 384
117 310 930
310 117 930
245 32 529
32 245 529
137 92 147
92 137 147
78 156 917
156 78 917
244 292 779
292 244 779
284 84 271
84 284 271
101 113 385
113 101 385
70 299 352
299 70 352
184 330 562
330 184 562
195 250 582
250 195 582
170 168 35
168 170 35
208 153 454
153 208 454
17 152 425
152 17 425
199 175 208
175 199 208
157 196 99
196 157 99
244 90 124
90 244 124
320 166 477
166 320 477
336 278 33
278 336 33
341 334 246
334 341 246
32 16 387
16 32 387
100 84 908
84 100 908
222 79 538
79 222 538
298 77 503
77 298 503
127 332 946
332 127 946
322 70 133
70 322 133
264 292 563
292 264 563
224 172 654
172 224 654
319 312 615
312 319 615
187 193 934
193 187 934
314 166 819
166 314 819
225 134 645
134 225 645
141 237 359
237 141 359
337 5 718
5 337 718
198 215 998
215 198 998
298 101 220
101 298 220
189 129 217
129 189 217
155 285 242
285 155 242
125 225 93
225 125 93
264 29 855
29 264 855
138 140 401
140 138 401
58 257 918
257 58 918
37 62 90
62 37 90
191 43 846
43 191 846
133 254 627
254 133 627
328 336 90
336 328 90
204 303 419
303 204 419
110 51 496
51 110 496
212 285 529
285 212 529
230 254 756
254 230 756
271 308 118
308 271 118
280 317 327
317 280 327
129 300 368
300 129 368
332 354 302
354 332 302
172 229 666
229 172 666
240 187 36
187 240 36
285 101 78
101 285 78
220 221 677
221 220 677
55 270 192
270 55 192
141 36 358
36 141 358
55 146 152
146 55 152
340 49 271
49 340 271
79 295 964
295 79 964
28 107 452
107 28 452
244 78 959
78 244 959
288 176 306
176 288 306
54 340 87
340 54 87
129 10 662
10 129 662
24 322 506
322 24 506
283 172 43
172 283 43
139 129 823
129 139 823
236 196 476
196 236 476
156 146 263
146 156 263
143 281 166
281 143 166
18 353 124
353 18 124
119 9 970
9 119 970
189 96 977
96 189 977
133 138 955
138 133 955
179 329 13
329 179 13
291 285 723
285 291 723
315 188 785
188 315 785
285 27 994
27 285 994
55 287 635
287 55 635
284 45 108
45 284 108
50 32 276
32 50 276
328 175 591
175 328 591
142 286 429
286 142 429
76 300 144
300 76 144
347 178 355
178 347 355
83 154 652
154 83 652
100 184 927
184 100 927
53 274 668
274 53 668
150 79 794
79 150 794
8 287 738
287 8 738
285 238 893
238 285 893
272 241 463
241 272 463
248 71 783
71 248 783
186 97 592
97 186 592
189 222 132
222 189 132
190 297 671
297 190 671
136 3 946
3 136 946
354 37 97
37 354 97
275 138 650
138 275 650
52 18 820
18 52 820
305 314 924
314 305 924
208 65 376
65 208 376
308 26 26
26 308 26
15 198 458
198 15 458
299 74 795
74 299 795
211 91 636
91 211 636
229 175 625
175 229 625
297 17 199
17 297 199
323 155 273
155 323 273
348 15 724
15 348 724
61 298 496
298 61 496
225 116 527
116 225 527
206 69 623
69 206 623
133 171 973
171 133 973
159 130 212
130 159 212
217 56 673
56 217 673
139 103 317
103 139 317
234 328 737
328 234 737
332 190 420
190 332 420
120 193 126
193 120 126
273 249 779
249 273 779
225 149 177
149 225 177
349 89 437
89 349 437
103 60 373
60 103 373
146 348 89
348 146 89
231 347 134
347 231 134
87 130 972
130 87 972
307 15 670
15 307 670
304 18 402
18 304 402
27 87 431
87 27 431
333 188 861
188 333 861
274 315 174
315 274 174
7 148 539
148 7 539
43 231 684
231 43 684
119 205 0
205 119 0
285 197 95
197 285 95
217 205 463
205 217 463
298 329 383
329 298 383
258 126 472
126 258 472
156 256 175
256 156 175
26 111 15
111 26 15
40 263 109
263 40 109
58 2 319
2 58 319
253 117 513
117 253 513
7 99 104
99 7 104
253 153 295
153 253 295
160 283 943
283 160 943
73 313 168
313 73 168
275 94 169
94 275 169
194 278 450
278 194 450
126 108 574
108 126 574
240 316 983
316 240 983
66 322 317
322 66 317
207 221 786
221 207 786
269 2 262
2 269 262
330 204 474
204 330 474
209 128 516
128 209 516
311 98 191
98 311 191
229 134 825
134 229 825
302 236 431
236 302 431
141 334 290
334 141 290
306 70 321
70 306 321
33 179 873
179 33 873
175 337 279
337 175 279
201 343 900
343 201 900
31 289 331
289 31 331
198 53 381
53 198 381
33 328 807
328 33 807
211 188 253
188 211 253
174 40 470
40 174 470
17 47 202
47 17 202
184 141 339
141 184 339
327 173 33
173 327 33
63 261 913
261 63 913
175 101 376
101 175 376
48 298 580
298 48 580
121 45 502
45 121 502
69 23 89
23 69 89
189 62 963
62 189 963
255 25 628
25 255 628
148 2 80
2 148 80
49 53 557
53 49 557
183 252 756
252 183 756
216 298 631
298 216 631
274 124 459
124 274 459
350 346 65
346 350 65
176 196 354
196 176 354
301 198 422
198 301 422
269 209 712
209 269 712
134 247 289
247 134 289
213 90 567
90 213 567
197 179 445
179 197 445
151 220 689
220 151 689
213 6 408
6 213 408
188 312 939
312 188 939
187 246 739
246 187 739
315 7 480
7 315 480
222 254 311
254 222 311
124 146 661
146 124 661
232 306 38
306 232 38
229 210 981
210 229 981
101 39 67
39 101 67
129 105 339
105 129 339
247 281 24
281 247 24
64 217 159
217 64 159
47 133 898
133 47 898
84 24 181
24 84 181
264 294 234
294 264 234
138 288 10
288 138 10
336 172 933
172 336 933
119 103 691
103 119 691
312 288 296
288 312 296
227 101 318
101 227 318
266 176 163
176 266 163
304 28 917
28 304 917
348 202 119
202 348 119
33 212 751
212 33 751
208 7 400
7 208 400
294 246 839
246 294 839
239 190 778
190 239 778
289 45 61
45 289 61
245 81 225
81 245 225
125 230 316
230 125 316
222 5 386
5 222 386
45 229 41
229 45 41
76 127 377
127 76 377
155 81 316
81 155 316
333 197 33
197 333 33
64 46 159
46 64 159
128 0 481
0 128 481
138 260 599
260 138 599
107 174 970
174 107 970
143 303 814
303 143 814
40 122 726
122 40 726
144 163 795
163 144 795
202 295 206
295 202 206
322 147 443
147 322 443
260 117 484
117 260 484
268 85 744
85 268 744
0 59 104
59 0 104
137 214 747
214 137 747
78 91 133
91 78 133
260 353 518
353 260 518
215 255 254
255 215 254
32 240 917
240 32 917
214 218 936
218 214 936
234 143 715
143 234 715
126 256 401
256 126 401
262 150 579
150 262 579
127 6 619
6 127 619
25 75 752
75 25 752
346 80 517
80 346 517
19 174 8
174 19 8
197 68 709
68 197 709
199 336 924
336 199 924
137 343 118
343 137 118
36 276 682
276 36 682
195 29 989
29 195 989
156 107 893
107 156 893
309 159 939
159 309 939
11 169 832
169 11 832
234 354 647
354 234 647
32 85 812
85 32 812
93 308 647
308 93 647
186 317 194
317 186 194
151 295 632
295 151 632
62 165 248
165 62 248
80 111 787
111 80 787
40 82 793
82 40 793
3 231 365
231 3 365
294 27 339
27 294 339
247 282 34
282 247 34
97 244 276
244 97 276
96 314 47
314 96 47
171 243 342
243 171 342
138 34 7
34 138 7
119 239 232
239 119 232
168 288 259
288 168 259
254 307 649
307 254 649
117 232 509
232 117 509
354 277 624
277 354 624
287 226 417
226 287 417
211 119 43
119 211 43
142 263 30
263 142 30
57 96 337
96 57 337
159 25 239
25 159 239
185 222 838
222 185 838
298 294 658
294 298 658
253 233 464
233 253 464
256 23 460
23 256 460
287 223 984
223 287 984
242 306 373
306 242 373
295 316 428
316 295 428
75 304 890
304 75 890
105 68 751
68 105 751
151 74 923
74 151 923
15 315 15
315 15 15
72 1 629
1 72 629
93 261 775
261 93 775
157 323 157
323 157 157
119 49 390
49 119 390
275 198 766
198 275 766
241 351 64
351 241 64
96 297 2
297 96 2
7 118 101
118 7 101
6 186 180
186 6 180
227 61 534
61 227 534
209 97 328
97 209 328
112 229 502
229 112 502
339 13 256
13 339 256
264 180 263
180 264 263
351 346 384
346 351 384
163 350 23
350 163 23
38 209 526
209 38 526
131 341 432
341 131 432
104 168 779
168 104 779
100 267 988
267 100 988
53 290 568
290 53 568
65 148 729
148 65 729
108 139 504
139 108 504
119 184 971
184 119 971
136 169 562
169 136 562
225 307 455
307 225 455
200 286 189
286 200 189
246 167 621
167 246 621
162 199 315
199 162 315
312 45 224
45 312 224
87 94 807
94 87 807
57 125 643
125 57 643
120 133 323
133 120 323
101 55 500
55 101 500
351 63 349
63 351 349
307 344 793
344 307 793
46 42 944
42 46 944
91 116 403
116 91 403
136 138 917
138 136 917
128 87 314
87 128 314
296 4 143
4 296 143
308 102 956
102 308 956
338 292 45
292 338 45
108 36 482
36 108 482
122 340 536
340 122 536
67 107 643
107 67 643
194 86 138
86 194 138
86 142 82
142 86 82
7 162 942
162 7 942
296 175 934
175 296 934
254 76 337
76 254 337
40 322 639
322 40 639
271 73 313
73 271 313
11 262 594
262 11 594
10 155 672
155 10 672
182 25 414
25 182 414
230 241 93
241 230 93
34 239 966
239 34 966
213 228 685
228 213 685
14 281 148
281 14 148
49 5 780
5 49 780
229 179 789
179 229 789
332 171 73
171 332 73
137 194 329
194 137 329
20 293 819
293 20 819
26 252 251
252 26 251
201 289 999
289 201 999
120 338 822
338 120 822
318 133 158
133 318 158
87 244 600
244 87 600
264 275 746
275 264 746
326 259 89
259 326 89
202 180 167
180 202 167
104 162 678
162 104 678
295 12 387
12 295 387
317 113 317
113 317 317
83 197 193
197 83 193
23 138 309
138 23 309
134 343 173
343 134 173
231 96 486
96 231 486
150 243 730
243 150 730
307 142 918
142 307 918
348 299 387
299 348 387
8 157 474
157 8 474
213 21 144
21 213 144
342 333 943
333 342 943
12 170 647
170 12 647
13 206 622
206 13 622
32 212 83
212 32 83
224 9 102
9 224 102
77 7 865
7 77 865
206 159 543
159 206 543
347 239 782
239 347 782
205 353 178
353 205 178
305 206 267
206 305 267
284 323 844
323 284 844
65 79 652
79 65 652
172 249 691
249 172 691
352 23 854
23 352 854
127 190 528
190 127 528
229 7 469
7 229 469
158 107 357
107 158 357
259 38 231
38 259 231
247 144 128
144 247 128
101 203 101
203 101 101
42 291 123
291 42 123
234 173 204
173 234 204
18 153 560
153 18 560
180 133 881
133 180 881
252 236 997
236 252 997
27 324 923
324 27 923
4 21 899
21 4 899
52 274 18
274 52 18
328 313 636
313 328 636
30 104 200
104 30 200
85 222 726
222 85 726
73 132 450
132 73 450
259 73 49
73 259 49
352 95 541
95 352 541
143 161 576
161 143 576
256 281 891
281 256 891
124 326 622
326 124 622
205 105 338
105 205 338
93 172 739
172 93 739
108 324 825
324 108 825
107 197 86
197 107 86
143 51 872
51 143 872
137 73 56
73 137 56
317 132 683
132 317 683
292 102 691
102 292 691
164 204 749
204 164 749
284 42 978
42 284 978
330 138 974
138 330 974
95 319 694
319 95 694
98 124 214
124 98 214
157 309 610
309 157 610
344 297 7
297 344 7
268 71 424
71 268 424
6 354 64
354 6 64
286 151 132
151 286 132
326 50 904
50 326 904
81 347 350
347 81 350
307 261 502
261 307 502
58 239 528
239 58 528
251 275 810
275 251 810
136 83 410
83 136 410
62 242 952
242 62 952
206 50 950
50 206 950
130 241 860
241 130 860
175 37 412
37 175 412
49 129 132
129 49 132
288 183 194
183 288 194
232 64 963
64 232 963
332 122 890
122 332 890
52 131 861
131 52 861
320 201 601
201 320 601
118 202 496
202 118 496
66 324 959
324 66 959
273 203 991
203 273 991
118 295 863
295 118 863
335 17 39
17 335 39
127 32 904
32 127 904
310 137 150
137 310 150
86 199 661
199 86 661
249 10 102
10 249 102
87 281 500
281 87 500
195 242 587
242 195 587
272 121 621
121 272 621
344 177 583
177 344 583
275 141 293
141 275 293
32 107 428
107 32 428
32 1 963
1 32 963
296 288 946
288 296 946
22 239 282
239 22 282
271 109 173
109 271 173
268 205 559
205 268 559
322 127 405
127 322 405
71 1 351
1 71 351
203 190 948
190 203 948
321 236 126
236 321 126
58 144 493
144 58 493
163 14 304
14 163 304
283 330 892
330 283 892
178 337 339
337 178 339
0 311 282
311 0 282
219 155 810
155 219 810
319 353 163
353 319 163
342 231 580
231 342 580
205 68 761
68 205 761
125 192 69
192 125 69
184 104 479
104 184 479
346 237 414
237 346 414
167 352 830
352 167 830
73 106 337
106 73 337
37 57 159
57 37 159
36 275 7
275 36 7
163 109 929
109 163 929
55 290 826
290 55 826
108 37 871
37 108 871
288 224 826
224 288 826
28 243 431
243 28 431
70 347 890
347 70 890
136 193 797
193 136 797
137 97 841
97 137 841
217 69 708
69 217 708
143 42 605
42 143 605
0 207 95
207 0 95
329 12 207
12 329 207
183 332 28
332 183 28
281 58 270
58 281 270
89 310 258
310 89 258
149 189 767
189 149 767
176 132 894
132 176 894
268 228 933
228 268 933
344 33 15
33 344 15
272 177 747
177 272 747
187 205 219
205 187 219
86 181 300
181 86 300
201 284 743
284 201 743
50 354 828
354 50 828
35 80 753
80 35 753
240 55 309
55 240 309
154 328 847
328 154 847
278 25 28
25 278 28
72 122 843
122 72 843
343 184 421
184 343 421
243 122 692
122 243 692
297 273 548
273 297 548
45 123 331
123 45 331
347 163 813
163 347 813
24 0 829
0 24 829
96 236 622
236 96 622
164 156 218
156 164 218
244 160 505
160 244 505
226 316 664
316 226 664
164 128 192
128 164 192
232 14 772
14 232 772
23 354 533
354 23 533
140 152 758
152 140 758
277 196 153
196 277 153
214 256 827
256 214 827
197 319 342
319 197 342
168 39 915
39 168 915
256 291 594
291 256 594
251 48 587
48 251 587
261 89 72
89 261 72
58 50 846
50 58 846
306 322 307
322 306 307
86 235 360
235 86 360
176 130 857
130 176 857
193 177 930
177 193 930
90 302 442
302 90 442
334 312 583
312 334 583
194 81 832
81 194 832
263 259 706
259 263 706
340 125 550
125 340 550
45 305 795
305 45 795
130 258 44
258 130 44
127 120 402
120 127 402
330 16 179
16 330 179
318 245 561
245 318 561
56 139 886
139 56 886
309 25 835
25 309 835
212 232 862
232 212 862
301 62 326
62 301 326
221 97 531
97 221 531
354 350 831
350 354 831
162 177 251
177 162 251
271 294 425
294 271 425
14 70 997
70 14 997
221 164 857
164 221 857
354 217 468
217 354 468
118 345 217
345 118 217
267 354 122
354 267 122
81 234 337
234 81 337
208 285 184
285 208 184
224 290 282
290 224 282
158 269 816
269 158 816
73 297 998
297 73 998
133 201 811
201 133 811
301 31 419
31 301 419
3 120 573
120 3 573
74 149 904
149 74 904
328 22 833
