197 432 41
432 197 41
132 197 414
197 132 414
473 197 991
197 473 991
246 132 597
132 246 597
460 197 516
197 460 516
71 132 143
132 71 143
390 432 633
432 390 633
414 246 931
246 414 931
276 132 317
132 276 317
50 197 920
197 50 920
444 50 338
50 444 338
245 414 103
414 245 103
184 71 323
71 184 323
320 50 934
50 320 934
106 414 488
414 106 488
232 414 63
414 232 63
425 432 95
432 425 95
379 245 727
245 379 727
438 432 626
432 438 626
261 50 249
50 261 249
386 50 720
50 386 720
466 132 195
132 466 195
301 390 244
390 301 244
429 246 822
246 429 822
289 320 93
320 289 93
41 50 896
50 41 896
271 106 111
106 271 111
159 425 298
425 159 298
378 473 560
473 378 560
176 41 944
41 176 944
292 71 986
71 292 986
436 379 455
379 436 455
47 429 324
429 47 324
313 106 297
106 313 297
98 245 841
245 98 841
100 132 627
132 100 627
359 232 487
232 359 487
35 460 695
460 35 695
417 414 897
414 417 897
81 132 862
132 81 862
43 313 699
313 43 699
215 47 282
47 215 282
290 106 869
106 290 869
120 290 603
290 120 603
465 41 593
41 465 593
152 159 504
159 152 504
369 43 717
43 369 717
450 466 84
466 450 84
181 417 118
417 181 118
273 359 645
359 273 645
188 245 248
245 188 248
8 152 277
152 8 277
65 465 225
465 65 225
211 273 174
273 211 174
190 271 835
271 190 835
32 71 801
71 32 801
84 211 714
211 84 714
127 132 836
132 127 836
333 81 931
81 333 931
311 35 696
35 311 696
40 197 127
197 40 127
370 245 620
245 370 620
337 390 400
390 337 400
54 369 853
369 54 853
69 246 620
246 69 620
12 429 984
429 12 984
112 106 490
106 112 490
128 390 959
390 128 959
403 132 557
132 403 557
253 245 855
245 253 855
157 414 226
414 157 226
42 35 358
35 42 358
263 301 62
301 263 62
305 333 40
333 305 40
360 245 716
245 360 716
236 289 266
289 236 266
218 311 858
311 218 858
347 386 714
386 347 714
410 41 989
41 410 989
471 390 807
390 471 807
413 261 865
261 413 865
99 290 542
290 99 542
154 106 611
106 154 611
272 466 13
466 272 13
293 8 921
8 293 921
352 69 939
69 352 939
193 154 365
154 193 365
239 272 256
272 239 256
94 157 707
157 94 707
6 127 759
127 6 759
51 215 756
215 51 756
26 403 287
403 26 287
88 176 780
176 88 780
308 465 624
465 308 624
183 352 367
352 183 367
377 413 874
413 377 874
397 232 732
232 397 732
200 181 766
181 200 766
266 154 82
154 266 82
0 236 196
236 0 196
453 215 163
215 453 163
155 159 652
159 155 652
294 450 727
450 294 727
440 42 895
42 440 895
269 246 411
246 269 411
461 42 428
42 461 428
434 6 47
6 434 47
110 84 65
84 110 65
169 94 161
94 169 161
297 112 906
112 297 906
325 157 618
157 325 618
1 246 506
246 1 506
216 417 857
417 216 857
316 71 828
71 316 828
278 429 561
429 278 561
424 50 857
50 424 857
87 197 411
197 87 411
459 65 323
65 459 323
3 271 14
271 3 14
4 269 691
269 4 691
358 347 100
347 358 100
133 106 622
106 133 622
446 289 894
289 446 894
206 98 705
98 206 705
126 245 487
245 126 487
274 471 83
471 274 83
18 98 935
98 18 935
318 378 882
378 318 882
177 313 669
313 177 669
364 239 117
239 364 117
111 157 871
157 111 871
16 50 41
50 16 41
146 12 571
12 146 571
224 88 960
88 224 960
401 50 866
50 401 866
431 274 729
274 431 729
462 87 655
87 462 655
312 183 892
183 312 892
384 465 212
465 384 212
264 305 9
305 264 9
101 35 277
35 101 277
237 352 808
352 237 808
260 301 346
301 260 346
452 276 42
276 452 42
195 43 153
43 195 153
422 305 369
305 422 369
287 264 132
264 287 132
212 378 489
378 212 489
171 245 315
245 171 315
131 146 746
146 131 746
56 218 412
218 56 412
242 236 424
236 242 424
79 289 574
289 79 574
361 358 345
358 361 345
254 292 490
292 254 490
86 18 436
18 86 436
29 218 343
218 29 343
119 215 641
215 119 641
428 377 825
377 428 825
67 232 827
232 67 827
66 273 767
273 66 767
170 106 394
106 170 394
10 289 403
289 10 403
427 16 296
16 427 296
348 126 807
126 348 807
457 190 433
190 457 433
68 308 225
308 68 225
205 171 795
171 205 795
137 297 196
297 137 196
285 378 65
378 285 65
24 224 462
224 24 462
163 176 509
176 163 509
324 69 212
69 324 212
36 190 638
190 36 638
122 41 202
41 122 202
371 377 370
377 371 370
442 35 107
35 442 107
393 359 577
359 393 577
332 10 696
10 332 696
344 146 507
146 344 507
259 18 510
18 259 510
166 312 624
312 166 624
182 132 348
132 182 348
258 99 36
99 258 36
435 359 895
359 435 895
214 361 802
361 214 802
134 397 596
397 134 596
244 182 723
182 244 723
394 232 819
232 394 819
74 16 889
16 74 889
34 232 230
232 34 230
114 50 307
50 114 307
15 316 338
316 15 338
143 35 889
35 143 889
395 183 517
183 395 517
334 401 514
401 334 514
31 422 92
422 31 92
454 143 614
143 454 614
73 34 436
34 73 436
186 305 548
305 186 548
366 446 865
446 366 865
342 254 600
254 342 600
209 460 672
460 209 672
2 394 186
394 2 186
275 177 583
177 275 583
229 293 67
293 229 67
445 112 965
112 445 965
280 31 417
31 280 417
349 445 392
445 349 392
60 43 656
43 60 656
121 40 293
40 121 293
310 320 964
320 310 964
38 446 427
446 38 427
139 126 911
126 139 911
82 163 715
163 82 715
148 445 361
445 148 361
385 276 626
276 385 626
437 200 469
200 437 469
52 289 482
289 52 482
150 460 33
460 150 33
135 66 331
66 135 331
105 332 562
332 105 562
336 181 392
181 336 392
475 159 902
159 475 902
30 86 717
86 30 717
230 29 647
29 230 647
456 352 666
352 456 666
64 36 730
36 64 730
309 360 807
360 309 807
411 436 981
436 411 981
449 266 818
266 449 818
156 74 893
74 156 893
478 36 829
36 478 829
70 16 881
16 70 881
389 450 39
450 389 39
388 0 455
0 388 455
196 15 195
15 196 195
233 51 808
51 233 808
323 438 979
438 323 979
23 411 956
411 23 956
22 206 261
206 22 261
468 71 967
71 468 967
270 285 582
285 270 582
300 475 221
475 300 221
125 301 794
301 125 794
419 230 910
230 419 910
330 73 514
73 330 514
365 224 430
224 365 430
265 347 968
347 265 968
72 359 436
359 72 436
479 452 432
452 479 432
53 323 107
323 53 107
225 232 101
232 225 101
226 454 159
454 226 159
396 300 31
300 396 31
421 64 441
64 421 441
372 38 30
38 372 30
277 457 739
457 277 739
145 81 360
81 145 360
46 370 367
370 46 367
381 106 353
106 381 353
199 51 10
51 199 10
470 459 838
459 470 838
207 100 610
100 207 610
91 461 3
461 91 3
123 337 765
337 123 765
7 131 377
131 7 377
392 245 955
245 392 955
345 3 879
3 345 879
93 183 464
183 93 464
77 300 352
300 77 352
408 16 133
16 408 133
20 461 370
461 20 370
203 468 983
468 203 983
179 56 959
56 179 959
329 68 188
68 329 188
353 43 105
43 353 105
321 29 160
29 321 160
231 360 968
360 231 968
90 316 323
316 90 323
314 206 242
206 314 242
469 308 298
308 469 298
234 139 679
139 234 679
33 112 615
112 33 615
17 366 79
366 17 79
439 359 135
359 439 135
262 79 563
79 262 563
257 42 605
42 257 605
279 242 652
242 279 652
223 290 254
290 223 254
291 394 652
394 291 652
343 378 385
378 343 385
256 246 427
246 256 427
208 30 208
30 208 208
243 131 975
131 243 975
317 152 973
152 317 973
130 190 283
190 130 283
85 17 620
17 85 620
467 347 814
347 467 814
477 64 950
64 477 950
281 308 786
308 281 786
295 135 178
135 295 178
168 156 348
156 168 348
362 42 363
42 362 363
327 120 494
120 327 494
147 131 1
131 147 1
319 388 7
388 319 7
158 242 117
242 158 117
447 361 558
361 447 558
423 410 434
410 423 434
340 369 694
369 340 694
357 459 556
459 357 556
288 260 647
260 288 647
19 40 276
40 19 276
39 432 262
432 39 262
296 345 911
345 296 911
420 342 455
342 420 455
89 177 362
177 89 362
202 0 609
0 202 609
75 379 72
379 75 72
192 86 546
86 192 546
250 311 542
311 250 542
185 154 69
154 185 69
331 212 289
212 331 289
405 128 587
128 405 587
406 192 215
192 406 215
415 65 420
65 415 420
430 229 759
229 430 759
213 171 452
171 213 452
299 223 643
223 299 643
113 471 126
471 113 126
103 395 410
395 103 410
380 157 573
157 380 573
235 259 647
259 235 647
391 310 223
310 391 223
399 72 711
72 399 711
416 170 504
170 416 504
57 456 307
456 57 307
118 225 53
225 118 53
174 184 363
184 174 363
402 186 909
186 402 909
11 345 68
345 11 68
78 11 404
11 78 404
9 258 42
258 9 42
109 420 3
420 109 3
238 415 716
415 238 716
251 424 144
424 251 144
249 397 107
397 249 107
398 389 733
389 398 733
304 334 172
334 304 172
306 82 663
82 306 663
407 360 458
360 407 458
451 360 536
360 451 536
149 12 213
12 149 213
443 183 454
183 443 454
162 73 437
73 162 437
376 479 398
479 376 398
351 1 814
1 351 814
102 475 962
475 102 962
107 477 727
477 107 727
28 454 34
454 28 34
124 331 86
331 124 86
458 183 372
183 458 372
44 406 693
406 44 693
97 3 625
3 97 625
164 288 88
288 164 88
367 199 769
199 367 769
160 344 421
344 160 421
228 271 647
271 228 647
373 207 681
207 373 681
350 90 952
90 350 952
404 150 594
150 404 594
240 72 260
72 240 260
383 270 220
270 383 220
180 431 43
431 180 43
27 41 166
41 27 166
191 197 296
197 191 296
368 473 143
473 368 143
49 52 696
52 49 696
140 340 406
340 140 406
328 216 464
216 328 464
117 324 622
324 117 622
63 423 904
423 63 904
59 10 330
10 59 330
335 478 914
478 335 914
201 364 29
364 201 29
326 466 194
466 326 194
222 43 214
43 222 214
341 442 192
442 341 192
141 318 688
318 141 688
194 428 529
428 194 529
252 364 493
364 252 493
221 44 245
44 221 245
37 86 956
86 37 956
387 359 9
359 387 9
315 225 741
225 315 741
303 429 939
429 303 939
284 53 471
53 284 471
322 311 87
311 322 87
62 446 101
446 62 101
116 121 905
121 116 905
165 30 627
30 165 627
61 437 572
437 61 572
302 261 981
261 302 981
151 18 501
18 151 501
175 69 860
69 175 860
219 344 327
344 219 327
374 211 570
211 374 570
227 357 554
357 227 554
167 44 303
44 167 303
409 470 619
470 409 619
433 203 649
203 433 649
217 384 237
384 217 237
14 311 629
311 14 629
95 239 750
239 95 750
412 18 223
18 412 223
138 27 675
27 138 675
5 49 548
49 5 548
248 52 879
52 248 879
45 370 393
370 45 393
346 384 121
384 346 121
400 279 367
279 400 367
129 109 733
109 129 733
382 231 676
231 382 676
161 216 757
216 161 757
476 133 66
133 476 66
283 29 690
29 283 690
178 3 382
3 178 382
363 125 293
125 363 293
354 193 140
193 354 140
13 234 516
234 13 516
189 134 599
134 189 599
441 245 831
245 441 831
92 342 158
342 92 158
115 381 78
381 115 78
96 194 211
194 96 211
339 291 785
291 339 785
153 4 750
4 153 750
104 138 239
138 104 239
282 344 623
344 282 623
472 112 644
112 472 644
418 190 630
190 418 630
25 345 610
345 25 610
268 72 466
72 268 466
247 71 981
71 247 981
198 33 668
33 198 668
144 57 900
57 144 900
474 14 976
14 474 976
355 419 559
419 355 559
172 107 868
107 172 868
55 16 140
16 55 140
307 275 720
275 307 720
108 45 324
45 108 324
464 171 393
171 464 393
48 461 39
461 48 39
210 350 765
350 210 765
173 122 883
122 173 883
298 11 743
11 298 743
187 146 352
146 187 352
136 86 17
86 136 17
286 256 552
256 286 552
58 383 645
383 58 645
142 344 22
344 142 22
463 192 62
192 463 62
21 446 46
446 21 46
76 278 968
278 76 968
426 68 68
68 426 68
80 371 995
371 80 995
455 148 139
148 455 139
241 309 445
309 241 445
220 182 319
182 220 319
255 103 336
103 255 336
375 165 765
165 375 765
338 395 9
395 338 9
356 210 270
210 356 270
448 222 42
222 448 42
267 220 125
220 267 125
204 73 175
73 204 175
83 421 141
421 83 141
89 268 677
268 89 677
470 354 750
354 470 750
351 360 81
360 351 81
205 358 860
358 205 860
382 45 180
45 382 180
274 444 979
444 274 979
433 298 172
298 433 172
140 61 858
61 140 858
304 262 172
262 304 172
367 81 437
81 367 437
338 418 612
418 338 612
65 420 643
420 65 643
70 458 153
458 70 153
19 158 41
158 19 41
177 36 825
36 177 825
191 180 385
180 191 385
184 75 954
75 184 954
48 379 508
379 48 508
465 182 299
182 465 299
78 218 469
218 78 469
4 145 364
145 4 364
154 27 771
27 154 771
445 163 276
163 445 276
409 53 967
53 409 967
366 390 318
390 366 318
77 286 295
286 77 295
314 23 1000
23 314 1000
425 387 544
387 425 544
343 469 268
469 343 268
204 306 39
306 204 39
478 342 738
342 478 738
40 229 354
229 40 354
225 41 21
41 225 21
384 368 35
368 384 35
364 249 696
249 364 696
130 102 794
102 130 794
356 212 702
212 356 702
141 461 780
461 141 780
93 207 348
207 93 348
31 283 995
283 31 995
318 461 118
461 318 118
279 205 824
205 279 824
375 206 600
206 375 600
109 160 545
160 109 545
249 474 361
474 249 361
154 455 888
455 154 888
136 347 338
347 136 338
441 117 839
117 441 839
246 467 835
467 246 835
41 279 159
279 41 159
371 435 298
435 371 298
75 131 330
131 75 330
225 62 413
62 225 413
319 150 174
150 319 174
432 61 144
61 432 144
291 466 452
466 291 452
54 36 951
36 54 951
246 228 491
228 246 491
21 174 838
174 21 838
118 284 263
284 118 263
117 288 192
288 117 192
98 314 958
314 98 958
385 237 972
237 385 972
161 94 542
94 161 542
352 436 674
436 352 674
415 471 593
471 415 593
32 277 647
277 32 647
219 321 619
321 219 619
334 201 445
201 334 445
431 428 291
428 431 291
71 52 797
52 71 797
248 367 287
367 248 287
16 179 539
179 16 539
234 170 350
170 234 350
397 28 801
28 397 801
135 151 145
151 135 145
189 473 768
473 189 768
381 410 803
410 381 803
57 102 945
102 57 945
62 257 393
257 62 393
258 196 972
196 258 972
379 262 934
262 379 934
60 405 628
405 60 628
374 409 778
409 374 778
424 136 16
136 424 16
435 93 963
93 435 963
413 249 199
249 413 199
185 259 642
259 185 642
351 226 19
226 351 19
383 27 255
27 383 255
343 210 247
210 343 247
264 308 967
308 264 967
222 338 430
338 222 430
417 256 458
256 417 458
358 140 730
140 358 730
411 418 521
418 411 521
298 217 829
217 298 829
107 188 980
188 107 980
377 272 451
272 377 451
255 47 950
47 255 950
437 331 404
331 437 404
384 177 447
177 384 447
55 326 792
326 55 792
166 357 335
357 166 335
152 29 30
29 152 30
53 460 780
460 53 780
318 294 780
294 318 780
209 31 446
31 209 446
303 405 640
405 303 640
9 73 713
73 9 713
172 346 39
346 172 39
85 233 363
233 85 363
382 291 129
291 382 129
257 458 285
458 257 285
68 45 24
45 68 24
209 468 943
468 209 943
7 403 42
403 7 42
43 279 885
279 43 885
442 258 4
258 442 4
98 397 734
397 98 734
32 78 553
78 32 553
22 466 322
466 22 322
356 354 865
354 356 865
245 66 402
66 245 402
142 54 783
54 142 783
405 264 416
264 405 416
78 42 609
42 78 609
360 229 887
229 360 887
86 381 61
381 86 61
154 54 914
54 154 914
128 76 492
76 128 492
28 430 733
430 28 733
194 373 47
373 194 47
240 346 532
346 240 532
466 346 568
346 466 568
451 328 714
328 451 714
185 454 972
454 185 972
26 371 819
371 26 819
467 412 84
412 467 84
43 439 178
439 43 178
412 401 206
401 412 206
227 146 335
146 227 335
351 124 259
124 351 259
62 16 529
16 62 529
204 478 931
478 204 931
410 326 921
326 410 921
309 469 156
469 309 156
438 185 599
185 438 599
6 430 524
430 6 524
425 298 775
298 425 775
66 5 969
5 66 969
100 200 663
200 100 663
151 478 625
478 151 625
133 95 469
95 133 469
7 413 726
413 7 726
285 426 670
426 285 670
403 270 790
270 403 790
33 378 556
378 33 556
215 45 530
45 215 530
122 197 832
197 122 832
315 81 106
81 315 106
437 340 360
340 437 360
291 449 343
449 291 343
476 15 524
15 476 524
435 354 882
354 435 882
405 311 139
311 405 139
170 375 23
375 170 23
88 180 128
180 88 128
276 163 907
163 276 907
340 200 45
200 340 45
121 299 63
299 121 63
376 428 815
428 376 815
73 76 53
76 73 53
319 252 813
252 319 813
44 352 366
352 44 366
241 283 949
283 241 949
417 349 55
349 417 55
30 259 618
259 30 618
286 420 774
420 286 774
364 9 317
9 364 317
257 92 823
92 257 823
156 121 185
121 156 185
106 156 821
156 106 821
401 397 972
397 401 972
454 436 366
436 454 366
181 337 26
337 181 26
332 50 181
50 332 181
229 39 707
39 229 707
235 187 13
187 235 13
348 478 809
478 348 809
234 328 892
328 234 892
443 225 487
225 443 487
43 104 52
104 43 52
203 472 411
472 203 411
302 116 879
116 302 879
375 224 28
224 375 28
113 207 98
207 113 98
178 129 82
129 178 82
285 182 978
182 285 978
273 22 991
22 273 991
232 347 930
347 232 930
207 75 824
75 207 824
422 379 0
379 422 0
114 163 160
163 114 160
90 162 150
162 90 150
99 94 798
94 99 798
220 413 655
413 220 655
249 206 965
206 249 965
355 204 639
204 355 639
205 245 494
245 205 494
464 75 694
75 464 694
209 466 231
466 209 231
446 405 288
405 446 288
205 193 989
193 205 989
358 344 231
344 358 231
154 355 430
355 154 430
196 214 897
214 196 897
279 253 395
253 279 395
279 37 13
37 279 13
154 448 597
448 154 597
132 306 399
306 132 399
367 167 176
167 367 176
236 276 25
276 236 25
346 348 522
348 346 522
197 438 48
438 197 48
303 375 114
375 303 114
256 288 151
288 256 151
284 347 689
347 284 689
165 143 806
143 165 806
184 139 446
139 184 446
223 426 702
426 223 702
285 44 253
44 285 253
255 253 372
253 255 372
381 297 546
297 381 546
2 359 132
359 2 132
280 279 674
279 280 674
332 181 441
181 332 441
298 336 251
336 298 251
22 395 230
395 22 230
455 342 245
342 455 245
299 419 406
419 299 406
220 130 70
130 220 70
283 177 282
177 283 282
108 345 380
345 108 380
353 444 618
444 353 618
288 322 485
322 288 485
474 358 282
358 474 282
261 357 329
357 261 329
268 374 400
374 268 400
75 211 547
211 75 547
355 96 49
96 355 49
263 97 401
97 263 401
184 221 431
221 184 431
383 247 999
247 383 999
366 135 946
135 366 946
65 97 471
97 65 471
447 388 165
388 447 165
352 36 485
36 352 485
60 413 604
413 60 604
241 418 290
418 241 290
141 372 115
372 141 115
267 244 353
244 267 353
263 192 366
192 263 366
252 468 645
468 252 645
91 335 55
335 91 55
0 355 980
355 0 980
111 6 740
6 111 740
85 457 303
457 85 303
143 331 42
331 143 42
171 469 441
469 171 441
425 398 420
398 425 420
462 114 745
114 462 745
461 442 137
442 461 137
112 32 627
32 112 627
166 272 31
272 166 31
150 243 407
243 150 407
196 35 657
35 196 657
458 124 697
124 458 697
417 284 435
284 417 435
321 350 567
350 321 567
253 352 156
352 253 156
461 272 233
272 461 233
106 392 138
392 106 138
248 53 365
53 248 365
136 55 638
55 136 638
27 287 733
287 27 733
175 24 700
24 175 700
311 167 985
167 311 985
80 339 858
339 80 858
349 387 883
387 349 883
224 136 162
136 224 162
122 192 513
192 122 513
137 408 711
408 137 711
305 426 385
426 305 385
368 140 568
140 368 568
86 4 901
4 86 901
80 15 354
15 80 354
73 22 523
22 73 523
86 349 416
349 86 416
412 273 699
273 412 699
347 360 5
360 347 5
85 362 649
362 85 649
107 204 902
204 107 902
207 211 713
211 207 713
284 113 714
113 284 714
440 327 659
327 440 659
158 199 113
199 158 113
431 407 749
407 431 749
19 352 384
352 19 384
290 175 36
175 290 36
460 333 913
333 460 913
435 5 739
5 435 739
419 170 110
170 419 110
238 449 377
449 238 377
467 162 259
162 467 259
402 265 831
265 402 831
303 87 944
87 303 944
413 262 564
262 413 564
129 298 79
298 129 79
322 153 520
153 322 520
220 108 172
108 220 172
184 129 658
129 184 658
92 293 899
293 92 899
207 349 622
349 207 622
57 461 448
461 57 448
124 304 414
304 124 414
401 477 137
477 401 137
241 454 175
454 241 175
108 30 578
30 108 578
271 455 384
455 271 384
356 167 88
167 356 88
213 281 414
281 213 414
24 3 518
3 24 518
144 478 40
478 144 40
125 420 104
420 125 104
462 476 519
476 462 519
479 469 660
469 479 660
366 468 271
468 366 271
26 87 553
87 26 553
214 413 309
413 214 309
96 340 851
340 96 851
455 263 467
263 455 467
98 300 402
300 98 402
279 349 569
349 279 569
369 401 493
401 369 493
87 138 113
138 87 113
56 42 368
42 56 368
95 450 141
450 95 141
416 418 58
418 416 58
346 174 140
174 346 140
477 439 203
439 477 203
473 232 882
232 473 882
445 17 716
17 445 716
201 158 502
158 201 502
97 451 109
451 97 109
448 468 572
468 448 572
442 144 798
144 442 798
122 198 99
198 122 99
306 446 232
446 306 232
226 363 318
363 226 318
264 278 9
278 264 9
225 259 969
259 225 969
46 338 349
338 46 349
152 417 312
417 152 312
256 148 231
148 256 231
368 244 986
244 368 986
395 282 776
282 395 776
305 459 294
459 305 294
83 155 760
155 83 760
303 419 675
419 303 675
172 62 367
62 172 367
452 334 627
334 452 627
12 161 797
161 12 797
40 275 363
275 40 363
421 268 482
268 421 482
87 391 726
391 87 726
34 185 937
185 34 937
182 135 284
135 182 284
182 275 785
275 182 785
252 97 289
97 252 289
25 65 491
65 25 491
58 171 123
171 58 123
64 347 352
347 64 352
267 206 761
206 267 761
183 356 978
356 183 978
324 396 234
396 324 234
32 249 393
249 32 393
73 196 525
196 73 525
388 83 1000
83 388 1000
279 382 632
382 279 632
1 109 408
109 1 408
372 428 498
428 372 498
3 66 530
66 3 530
304 432 94
432 304 94
22 170 403
170 22 403
210 424 840
424 210 840
150 429 589
429 150 589
37 261 416
261 37 416
369 224 205
224 369 205
350 68 182
68 350 182
84 26 816
26 84 816
376 214 28
214 376 28
3 466 8
466 3 8
395 20 4
20 395 4
12 333 841
333 12 841
447 423 957
423 447 957
426 155 83
155 426 83
49 233 202
233 49 202
92 432 532
432 92 532
187 89 866
89 187 866
310 313 549
313 310 549
6 338 239
338 6 239
424 356 425
356 424 425
395 270 826
270 395 826
432 336 215
336 432 215
395 194 42
194 395 42
39 462 29
462 39 29
85 442 720
442 85 720
244 129 345
129 244 345
238 156 656
156 238 656
128 327 529
327 128 529
369 318 967
318 369 967
8 97 105
97 8 105
384 245 708
245 384 708
42 420 790
420 42 790
416 403 388
403 416 388
461 256 999
256 461 999
416 10 206
10 416 206
82 46 512
46 82 512
40 439 108
439 40 108
149 76 486
76 149 486
337 46 914
46 337 914
309 23 182
23 309 182
156 90 347
90 156 347
69 38 260
38 69 260
15 81 578
81 15 578
277 24 839
24 277 839
45 472 239
472 45 239
156 18 359
18 156 359
419 315 957
315 419 957
60 245 457
245 60 457
373 464 6
464 373 6
469 445 981
445 469 981
194 315 456
315 194 456
316 52 246
52 316 246
177 300 486
300 177 486
42 424 451
424 42 451
195 258 668
258 195 668
365 147 954
147 365 954
356 236 992
236 356 992
161 7 700
7 161 700
120 377 307
377 120 307
267 91 646
91 267 646
9 370 968
370 9 968
176 410 351
410 176 351
379 24 890
24 379 890
89 433 164
433 89 164
252 136 479
136 252 479
73 251 192
251 73 192
60 226 196
226 60 196
293 186 48
186 293 48
165 167 790
167 165 790
324 464 778
464 324 778
398 382 533
382 398 533
377 373 335
373 377 335
88 91 945
91 88 945
353 44 871
44 353 871
362 105 155
105 362 155
331 407 632
407 331 632
53 136 679
136 53 679
343 356 218
356 343 218
147 30 33
30 147 33
206 265 926
265 206 926
447 13 325
13 447 325
33 383 201
383 33 201
432 466 63
466 432 63
128 206 453
206 128 453
144 109 624
109 144 624
316 57 700
57 316 700
190 472 988
472 190 988
326 207 435
207 326 435
375 299 649
299 375 649
422 108 699
108 422 699
324 53 701
53 324 701
200 154 381
154 200 381
17 13 365
13 17 365
367 475 400
475 367 400
475 118 325
118 475 325
441 323 68
323 441 68
360 1 772
1 360 772
127 59 159
59 127 159
83 366 973
366 83 973
196 124 553
124 196 553
434 210 376
210 434 376
107 301 21
301 107 21
445 461 89
461 445 89
339 121 599
121 339 599
291 144 809
144 291 809
60 329 215
329 60 215
331 132 983
132 331 983
11 403 543
403 11 543
213 463 501
463 213 501
119 143 556
143 119 556
179 47 80
47 179 80
447 383 504
383 447 504
335 390 208
390 335 208
139 39 775
39 139 775
258 428 85
428 258 85
328 444 785
444 328 785
217 133 628
133 217 628
25 320 602
320 25 602
418 199 376
199 418 376
347 233 264
233 347 264
32 168 457
168 32 457
237 355 858
355 237 858
1 395 393
395 1 393
328 145 949
145 328 949
324 424 843
424 324 843
295 401 958
401 295 958
465 466 158
466 465 158
66 75 598
75 66 598
257 365 64
365 257 64
345 125 445
125 345 445
10 31 746
31 10 746
198 245 119
245 198 119
105 423 680
423 105 680
83 128 779
128 83 779
42 108 31
108 42 31
311 28 440
28 311 440
274 232 644
232 274 644
384 401 393
401 384 393
333 371 298
371 333 298
34 39 822
39 34 822
406 397 762
397 406 762
400 353 554
353 400 554
176 324 527
324 176 527
469 390 165
390 469 165
463 225 839
225 463 839
444 406 883
406 444 883
16 137 140
137 16 140
371 273 628
273 371 628
262 38 978
38 262 978
302 222 69
222 302 69
318 343 106
343 318 106
123 35 881
35 123 881
477 69 496
69 477 496
425 123 860
123 425 860
62 316 355
316 62 355
181 17 856
17 181 856
124 325 181
325 124 181
443 118 984
118 443 984
87 2 206
2 87 206
340 376 763
376 340 763
475 393 161
393 475 161
462 228 996
228 462 996
298 393 997
393 298 997
90 96 205
96 90 205
297 233 848
233 297 848
67 69 283
69 67 283
262 174 794
174 262 794
37 432 85
432 37 85
57 248 335
248 57 335
29 198 723
198 29 723
62 348 35
348 62 35
290 288 14
288 290 14
171 409 117
409 171 117
293 44 281
44 293 281
294 199 567
199 294 567
442 418 459
418 442 459
465 310 514
310 465 514
408 161 418
161 408 418
370 43 607
43 370 607
196 348 178
348 196 178
56 446 643
446 56 643
336 9 715
9 336 715
422 232 23
232 422 23
283 246 653
246 283 653
189 462 78
462 189 78
247 57 320
57 247 320
170 90 669
90 170 669
287 429 802
429 287 802
124 18 869
18 124 869
464 149 529
149 464 529
157 16 611
16 157 611
159 165 397
165 159 397
139 260 596
260 139 596
278 177 973
177 278 973
67 76 827
76 67 827
408 72 910
72 408 910
309 124 125
124 309 125
148 34 173
34 148 173
123 41 236
41 123 236
28 217 488
217 28 488
334 106 244
106 334 244
43 29 100
29 43 100
400 88 925
88 400 925
69 475 15
475 69 15
173 335 370
335 173 370
345 121 127
121 345 127
345 274 511
274 345 511
452 462 413
462 452 413
150 22 714
22 150 714
83 338 59
338 83 59
272 458 908
458 272 908
339 392 365
392 339 365
294 18 154
18 294 154
216 227 308
227 216 308
61 305 190
305 61 190
469 318 557
318 469 557
184 26 238
26 184 238
418 45 739
45 418 739
38 375 904
375 38 904
28 471 249
471 28 249
222 439 131
439 222 131
55 476 595
476 55 595
249 352 762
352 249 762
274 392 792
392 274 792
79 374 888
374 79 888
153 219 725
219 153 725
49 50 739
50 49 739
389 302 926
302 389 926
441 155 63
155 441 63
60 293 390
293 60 390
277 454 217
454 277 217
31 20 538
20 31 538
53 8 129
8 53 129
153 120 545
120 153 545
460 136 844
136 460 844
173 43 10
43 173 10
117 206 763
206 117 763
342 411 690
411 342 690
101 121 996
121 101 996
371 57 405
57 371 405
16 350 78
350 16 78
210 141 161
141 210 161
477 206 758
206 477 758
434 104 46
104 434 46
341 339 54
339 341 54
381 14 68
14 381 68
149 64 254
64 149 254
411 458 796
458 411 796
187 341 677
341 187 677
128 319 641
319 128 641
172 46 296
46 172 296
71 147 151
147 71 151
332 402 366
402 332 366
134 382 986
382 134 986
242 421 657
421 242 657
407 177 136
177 407 136
444 125 826
125 444 826
180 204 853
204 180 853
339 155 623
155 339 623
209 324 484
324 209 484
361 30 142
30 361 142
270 248 303
248 270 303
14 351 934
351 14 934
137 393 873
393 137 873
406 158 389
158 406 389
342 317 410
317 342 410
162 298 513
298 162 513
242 109 834
109 242 834
326 279 863
279 326 863
4 377 441
377 4 441
297 401 526
401 297 526
293 46 143
46 293 143
217 327 529
327 217 529
326 136 544
136 326 544
284 76 518
76 284 518
178 113 487
113 178 487
455 36 265
36 455 265
135 361 467
361 135 467
463 380 539
380 463 539
41 302 747
302 41 747
266 111 469
111 266 469
451 98 18
98 451 18
294 327 105
327 294 105
153 111 812
111 153 812
432 400 894
400 432 894
297 298 189
298 297 189
296 239 928
239 296 928
57 258 624
258 57 624
95 462 9
462 95 9
109 399 16
399 109 16
50 340 938
340 50 938
356 293 851
293 356 851
247 119 985
119 247 985
45 4 402
4 45 402
346 396 756
396 346 756
435 104 363
104 435 363
120 85 442
85 120 442
62 333 716
333 62 716
245 221 176
221 245 176
390 362 544
362 390 544
384 344 756
344 384 756
461 247 942
247 461 942
334 0 326
0 334 326
308 219 183
219 308 183
226 399 154
399 226 154
288 295 517
295 288 517
280 477 642
477 280 642
76 282 232
282 76 232
142 197 55
197 142 55
336 187 618
187 336 618
232 299 663
299 232 663
113 448 138
448 113 138
372 290 429
290 372 429
119 137 648
137 119 648
455 75 948
75 455 948
129 296 193
296 129 193
97 292 347
292 97 347
253 66 672
66 253 672
117 264 497
264 117 497
419 340 934
340 419 934
137 312 917
312 137 917
299 417 469
417 299 469
409 201 163
201 409 163
187 190 524
190 187 524
16 439 731
439 16 731
445 340 458
340 445 458
82 78 162
78 82 162
340 255 429
255 340 429
252 54 702
54 252 702
399 412 960
412 399 960
315 61 115
61 315 115
467 387 114
387 467 114
363 183 764
183 363 764
419 131 702
131 419 702
240 188 701
188 240 701
194 385 268
385 194 268
101 116 113
116 101 113
405 166 521
166 405 521
400 203 821
203 400 821
35 246 41
246 35 41
340 390 997
390 340 997
303 253 909
253 303 909
370 280 394
280 370 394
116 419 907
419 116 907
184 67 647
67 184 647
248 157 87
157 248 87
102 186 659
186 102 659
317 63 230
63 317 230
429 434 422
434 429 422
80 241 924
241 80 924
320 429 613
429 320 613
62 2 135
2 62 135
439 383 720
383 439 720
242 280 414
280 242 414
210 476 559
476 210 559
159 140 856
140 159 856
64 355 555
355 64 555
305 262 964
262 305 964
286 69 659
69 286 659
461 281 978
281 461 978
352 161 91
161 352 91
243 23 294
23 243 294
462 177 216
177 462 216
229 304 9
304 229 9
418 405 882
405 418 882
41 392 792
392 41 792
284 98 897
98 284 897
460 415 291
415 460 291
410 387 144
387 410 144
476 341 519
341 476 519
128 127 976
127 128 976
285 473 758
473 285 758
45 348 857
348 45 857
305 137 592
137 305 592
59 436 88
436 59 88
74 461 259
461 74 259
411 137 698
137 411 698
365 23 548
23 365 548
345 290 82
290 345 82
66 475 392
475 66 392
303 229 555
229 303 555
125 469 436
469 125 436
91 359 928
359 91 928
1 263 659
263 1 659
2 382 895
382 2 895
381 67 151
67 381 151
172 100 146
100 172 146
410 425 393
425 410 393
299 279 118
279 299 118
174 313 536
313 174 536
462 279 309
279 462 309
344 174 890
174 344 890
404 300 411
300 404 411
295 138 326
138 295 326
140 11 926
11 140 926
89 233 524
233 89 524
371 459 795
459 371 795
372 438 742
438 372 742
334 62 1000
62 334 1000
134 122 811
122 134 811
199 473 255
473 199 255
208 417 486
417 208 486
32 244 445
244 32 445
252 296 249
296 252 249
231 245 531
245 231 531
145 84 997
84 145 997
261 291 367
291 261 367
261 134 184
134 261 184
36 462 497
462 36 497
330 326 936
326 330 936
55 139 1
139 55 1
95 113 788
113 95 788
4 391 670
391 4 670
300 140 742
140 300 742
464 371 699
371 464 699
409 441 845
441 409 845
116 350 164
350 116 164
255 466 779
466 255 779
368 125 538
125 368 538
416 356 168
356 416 168
476 31 712
31 476 712
287 304 899
304 287 899
130 330 218
330 130 218
426 184 724
184 426 724
156 202 614
202 156 614
400 78 177
78 400 177
288 230 322
230 288 322
317 68 440
68 317 440
223 221 886
221 223 886
418 192 147
192 418 147
199 52 400
52 199 400
358 244 390
244 358 390
56 110 261
110 56 261
446 203 601
203 446 601
25 356 906
356 25 906
74 478 243
478 74 243
147 163 638
163 147 638
331 305 329
305 331 329
206 263 864
263 206 864
341 111 563
111 341 563
239 203 721
203 239 721
458 327 117
327 458 117
173 255 457
255 173 457
125 440 708
440 125 708
26 319 366
319 26 366
447 18 726
18 447 726
167 465 553
465 167 553
226 142 215
142 226 215
131 73 279
73 131 279
199 259 864
259 199 864
280 66 748
66 280 748
50 466 196
466 50 196
0 447 851
447 0 851
154 441 570
441 154 570
70 43 256
43 70 256
421 287 705
287 421 705
265 139 833
139 265 833
67 92 689
92 67 689
140 204 716
204 140 716
144 162 394
162 144 394
271 418 936
418 271 936
127 210 60
210 127 60
24 413 781
413 24 781
431 19 737
19 431 737
439 475 316
475 439 316
90 136 424
136 90 424
96 455 493
455 96 493
34 1 968
1 34 968
238 465 743
465 238 743
43 302 643
302 43 643
152 145 17
145 152 17
339 416 596
416 339 596
199 137 978
137 199 978
180 5 610
5 180 610
181 286 577
286 181 577
4 50 42
50 4 42
61 450 843
450 61 843
267 240 319
240 267 319
152 138 602
138 152 602
247 186 726
186 247 726
69 387 913
387 69 913
208 338 944
338 208 944
357 77 981
77 357 981
418 55 202
55 418 202
237 56 162
56 237 162
21 308 604
308 21 604
278 253 133
253 278 133
474 424 264
424 474 264
225 61 310
61 225 310
305 27 630
27 305 630
312 440 80
440 312 80
403 187 863
187 403 863
118 280 997
280 118 997
88 453 891
453 88 891
281 414 359
414 281 359
179 416 491
416 179 491
251 54 773
54 251 773
138 49 277
49 138 277
43 187 737
187 43 737
351 296 872
296 351 872
451 25 285
25 451 285
151 147 754
147 151 754
1 132 915
132 1 915
263 346 212
346 263 212
49 243 691
243 49 691
197 139 130
139 197 130
305 365 551
365 305 551
386 372 326
372 386 326
1 11 178
11 1 178
478 170 680
170 478 680
55 230 236
230 55 236
103 406 751
406 103 751
264 109 724
109 264 724
377 188 358
188 377 358
72 384 361
384 72 361
179 281 992
281 179 992
452 325 292
325 452 292
469 186 67
186 469 67
94 114 116
114 94 116
295 21 667
21 295 667
450 207 872
207 450 872
253 164 891
164 253 891
455 80 471
80 455 471
263 148 267
148 263 267
298 180 549
180 298 549
266 341 810
341 266 810
6 368 70
368 6 70
401 30 997
30 401 997
68 114 524
114 68 524
41 371 853
371 41 853
472 73 753
73 472 753
228 334 562
334 228 562
54 387 726
387 54 726
44 291 155
291 44 155
391 425 312
425 391 312
39 456 528
456 39 528
341 208 425
208 341 425
434 323 208
323 434 208
186 120 99
120 186 99
203 275 124
275 203 124
145 9 477
9 145 477
63 235 171
235 63 171
232 294 238
294 232 238
446 450 612
450 446 612
15 280 71
280 15 71
464 382 561
382 464 561
110 345 203
345 110 203
325 479 93
479 325 93
200 375 879
375 200 879
188 199 133
199 188 133
447 266 563
266 447 563
243 123 654
123 243 654
420 150 615
150 420 615
342 418 656
418 342 656
426 224 688
224 426 688
227 22 655
22 227 655
250 158 807
158 250 807
320 332 353
332 320 353
221 61 210
61 221 210
102 213 35
213 102 35
453 30 220
30 453 220
91 398 217
398 91 217
400 473 146
473 400 146
358 156 483
156 358 483
152 447 282
447 152 282
283 103 296
103 283 296
186 205 755
205 186 755
160 83 680
83 160 680
187 97 304
97 187 304
355 78 90
78 355 90
19 337 846
337 19 846
226 394 627
394 226 627
89 235 90
235 89 90
87 282 139
282 87 139
349 220 900
220 349 900
133 153 18
153 133 18
365 452 147
452 365 147
207 189 648
189 207 648
394 368 693
368 394 693
305 46 329
46 305 329
10 398 742
398 10 742
35 258 925
258 35 925
95 354 196
354 95 196
155 56 533
56 155 533
376 385 666
385 376 666
350 191 387
191 350 387
342 379 146
379 342 146
30 417 294
417 30 294
250 57 158
57 250 158
345 377 850
377 345 850
158 72 358
72 158 358
410 467 152
467 410 152
474 256 439
256 474 439
401 49 216
49 401 216
333 471 142
471 333 142
230 455 869
455 230 869
203 148 959
148 203 959
51 363 39
363 51 39
79 59 481
59 79 481
256 290 698
290 256 698
134 113 948
113 134 948
273 188 506
188 273 506
126 123 43
123 126 43
106 282 727
282 106 727
398 409 603
409 398 603
120 233 841
233 120 841
146 191 599
191 146 599
111 102 575
102 111 575
175 114 166
114 175 166
358 75 124
75 358 124
251 346 595
346 251 595
404 322 530
322 404 530
413 226 665
226 413 665
267 192 249
192 267 249
71 278 146
278 71 146
28 319 691
319 28 691
252 198 147
198 252 147
418 406 994
406 418 994
410 92 781
92 410 781
95 45 606
45 95 606
420 6 69
6 420 69
211 260 97
260 211 97
312 89 479
89 312 479
243 322 264
322 243 264
317 139 42
139 317 42
124 35 144
35 124 144
129 449 60
449 129 60
442 285 260
285 442 260
406 280 399
280 406 399
142 444 303
444 142 303
235 446 217
446 235 217
303 465 606
465 303 606
228 263 253
263 228 253
198 7 218
7 198 218
449 10 997
10 449 997
144 460 783
460 144 783
318 82 592
82 318 592
91 90 132
90 91 132
458 137 732
137 458 732
291 391 546
391 291 546
454 375 205
375 454 205
242 450 455
450 242 455
103 405 276
405 103 276
358 167 662
167 358 662
224 58 793
58 224 793
86 290 376
290 86 376
305 411 26
411 305 26
31 213 458
213 31 458
41 185 795
185 41 795
37 422 522
422 37 522
89 387 434
387 89 434
323 357 863
357 323 863
291 140 529
140 291 529
266 99 857
99 266 857
473 431 109
431 473 109
363 31 724
31 363 724
111 453 496
453 111 496
172 22 271
22 172 271
470 229 135
229 470 135
340 226 274
226 340 274
144 239 710
239 144 710
390 461 347
461 390 347
146 124 723
124 146 723
282 412 111
412 282 111
399 106 446
106 399 446
119 348 636
348 119 636
160 220 197
220 160 197
137 60 798
60 137 798
448 69 985
69 448 985
430 337 255
337 430 255
182 341 738
341 182 738
426 22 452
22 426 452
239 306 857
306 239 857
259 437 869
437 259 869
336 349 373
349 336 373
467 211 89
211 467 89
17 167 463
167 17 463
112 181 15
181 112 15
409 392 879
392 409 879
351 31 670
31 351 670
125 358 402
358 125 402
406 228 98
228 406 98
82 378 691
378 82 691
354 56 615
56 354 615
193 361 285
361 193 285
345 337 571
337 345 571
11 251 345
251 11 345
432 263 1
263 432 1
369 324 771
324 369 771
163 449 867
449 163 867
453 206 383
206 453 383
55 11 585
11 55 585
388 146 558
146 388 558
193 411 409
411 193 409
390 8 4
8 390 4
211 205 742
205 211 742
461 428 557
428 461 557
127 421 796
421 127 796
361 48 94
48 361 94
8 321 631
321 8 631
287 49 62
49 287 62
126 220 856
220 126 856
32 304 168
304 32 168
456 272 169
272 456 169
233 16 925
16 233 925
382 443 171
443 382 171
30 107 851
107 30 851
343 184 574
184 343 574
15 414 983
414 15 983
370 188 317
188 370 317
215 250 786
250 215 786
395 461 262
461 395 262
373 334 235
334 373 235
196 299 608
299 196 608
277 439 857
439 277 857
244 183 435
183 244 435
415 433 8
433 415 8
281 82 993
82 281 993
158 3 290
3 158 290
442 199 321
199 442 321
468 192 873
192 468 873
141 191 478
191 141 478
172 328 735
328 172 735
58 177 352
177 58 352
384 303 167
303 384 167
183 172 227
172 183 227
136 388 331
388 136 331
213 444 381
444 213 381
468 89 807
89 468 807
102 422 691
422 102 691
274 50 104
50 274 104
389 240 529
240 389 529
248 286 186
286 248 186
453 138 398
138 453 398
351 158 339
158 351 339
469 128 33
128 469 33
479 121 913
121 479 913
323 151 976
151 323 976
355 30 376
30 355 376
71 453 580
453 71 580
440 313 502
313 440 502
112 416 89
416 112 89
160 91 710
91 160 710
78 234 414
234 78 414
19 237 212
237 19 212
81 52 23
52 81 23
321 300 734
300 321 734
140 122 756
122 140 756
80 197 202
197 80 202
39 56 851
56 39 851
194 25 908
25 194 908
37 167 428
167 37 428
309 107 526
107 309 526
102 195 65
195 102 65
438 120 354
120 438 354
143 213 422
213 143 422
395 62 660
62 395 660
162 341 655
341 162 655
37 459 289
459 37 289
365 275 567
275 365 567
432 192 445
192 432 445
405 287 689
287 405 689
365 347 408
347 365 408
109 400 441
400 109 441
455 97 941
97 455 941
173 252 854
252 173 854
477 228 615
228 477 615
361 23 560
23 361 560
394 254 428
254 394 428
5 426 599
426 5 599
299 387 174
387 299 174
442 438 434
438 442 434
475 30 317
30 475 317
47 398 232
398 47 232
137 459 385
459 137 385
245 202 346
202 245 346
410 88 841
88 410 841
210 226 898
226 210 898
98 303 101
303 98 101
6 447 32
447 6 32
87 103 183
103 87 183
460 235 532
235 460 532
76 241 695
241 76 695
336 109 441
109 336 441
51 212 406
212 51 406
30 428 980
428 30 980
408 438 163
438 408 163
125 471 917
471 125 917
298 211 676
211 298 676
333 468 834
468 333 834
180 452 751
452 180 751
374 86 309
86 374 309
186 232 600
232 186 600
248 431 339
431 248 339
341 388 69
388 341 69
176 194 666
194 176 666
44 382 300
382 44 300
1 448 955
448 1 955
156 331 316
331 156 316
90 338 210
338 90 210
15 474 69
474 15 69
385 261 43
261 385 43
175 375 93
375 175 93
244 473 301
473 244 301
119 378 1
378 119 1
232 202 44
202 232 44
410 144 608
144 410 608
268 352 481
352 268 481
103 43 599
43 103 599
157 50 970
50 157 970
140 262 138
262 140 138
219 8 78
8 219 78
458 47 622
47 458 622
303 57 118
57 303 118
294 45 102
45 294 102
204 265 443
265 204 443
43 127 484
127 43 484
367 282 456
282 367 456
421 404 909
404 421 909
352 329 104
329 352 104
253 339 381
339 253 381
240 115 432
115 240 432
381 12 82
12 381 82
75 145 981
145 75 981
425 240 900
240 425 900
234 18 96
18 234 96
240 151 387
151 240 387
298 74 541
74 298 541
80 348 575
348 80 575
376 343 559
343 376 559
186 21 314
21 186 314
446 279 710
279 446 710
152 347 619
347 152 619
445 115 796
115 445 796
214 27 290
27 214 290
344 277 382
277 344 382
50 246 1
246 50 1
263 111 758
111 263 758
249 149 214
149 249 214
235 58 140
58 235 140
183 333 848
333 183 848
72 27 495
27 72 495
402 54 282
54 402 282
146 5 142
5 146 142
198 261 176
261 198 176
455 399 359
399 455 359
412 117 331
117 412 331
155 185 97
185 155 97
421 175 506
175 421 506
305 185 257
185 305 257
427 397 650
397 427 650
333 296 686
296 333 686
451 206 361
206 451 361
227 2 787
2 227 787
8 264 793
264 8 793
356 454 570
454 356 570
166 232 653
232 166 653
137 366 34
366 137 34
326 82 549
82 326 549
312 284 818
284 312 818
413 241 268
241 413 268
301 328 274
328 301 274
373 81 342
81 373 342
103 38 7
38 103 7
315 251 273
251 315 273
424 391 999
391 424 999
267 248 881
248 267 881
284 124 183
124 284 183
177 394 948
394 177 948
346 392 649
392 346 649
127 193 509
193 127 509
155 198 580
198 155 580
357 168 75
168 357 75
280 422 833
422 280 833
443 251 43
251 443 43
16 132 30
132 16 30
227 423 162
423 227 162
205 239 911
239 205 911
445 3 597
3 445 597
90 248 202
248 90 202
