24 54 41
54 24 41
16 24 414
24 16 414
52 24 991
24 52 991
32 16 597
16 32 597
13 32 142
32 13 142
20 24 773
24 20 773
6 32 818
32 6 818
19 16 317
16 19 317
7 24 920
24 7 920
51 13 483
13 51 483
43 24 362
24 43 362
35 13 625
13 35 625
50 52 989
52 50 989
45 6 453
6 45 453
42 32 63
32 42 63
47 54 95
54 47 95
33 54 626
54 33 626
41 51 249
51 41 249
27 16 195
16 27 195
18 6 822
6 18 822
11 33 458
33 11 458
5 16 327
16 5 327
53 52 308
52 53 308
28 7 723
7 28 723
3 33 340
33 3 340
46 33 208
33 46 208
44 27 560
27 44 560
31 7 455
7 31 455
2 27 817
27 2 817
23 51 589
51 23 589
14 7 188
7 14 188
12 43 33
43 12 33
40 47 487
47 40 487
4 13 695
13 4 695
10 7 945
7 10 945
1 13 919
13 1 919
49 3 857
3 49 857
48 33 534
33 48 534
25 50 916
50 25 916
34 49 845
49 34 845
22 49 281
49 22 281
29 14 676
14 29 676
38 5 84
5 38 84
21 25 118
25 21 118
36 49 645
49 36 645
26 35 248
35 26 248
0 26 277
26 0 277
8 36 225
36 8 225
17 51 340
51 17 340
37 52 103
52 37 103
15 21 224
21 15 224
9 1 649
1 9 649
30 24 127
24 30 127
39 48 850
48 39 850
1 6 400
6 1 400
13 53 853
53 13 853
6 16 620
16 6 620
24 35 984
35 24 984
43 36 126
36 43 126
23 50 744
50 23 744
15 52 959
52 15 959
38 24 557
24 38 557
44 25 103
25 44 103
30 47 71
47 30 71
45 32 662
32 45 662
27 5 446
5 27 446
43 52 515
52 43 515
2 16 610
16 2 610
20 21 400
21 20 400
35 47 367
47 35 367
26 23 858
23 26 858
1 51 714
51 1 714
38 50 989
50 38 989
17 52 807
52 17 807
38 51 865
51 38 865
51 11 542
11 51 542
47 6 611
6 47 611
31 29 179
29 31 179
54 23 697
23 54 697
46 1 895
1 46 895
12 27 664
27 12 664
5 28 857
28 5 857
29 47 157
47 29 157
10 21 12
21 10 12
2 0 80
0 2 80
11 0 46
0 11 46
4 33 138
33 4 138
42 8 976
8 42 976
23 5 624
5 23 624
41 38 367
38 41 367
49 39 635
39 49 635
19 36 317
36 19 317
28 0 424
0 28 424
30 22 82
22 30 82
54 48 196
48 54 196
21 11 163
11 21 163
42 45 652
45 42 652
31 28 727
28 31 727
38 1 895
1 38 895
46 16 411
16 46 411
21 1 428
1 21 428
17 29 726
29 17 726
16 51 456
51 16 456
32 47 718
47 32 718
51 31 540
31 51 540
14 10 618
10 14 618
8 54 905
54 8 905
16 14 333
14 16 333
27 30 478
30 27 478
52 9 896
9 52 896
15 46 192
46 15 192
10 34 85
34 10 85
30 26 133
26 30 133
54 3 972
3 54 972
38 46 323
46 38 323
54 50 14
50 54 14
36 54 842
54 36 842
38 40 626
40 38 626
20 35 121
35 20 121
48 22 203
22 48 203
27 33 705
33 27 705
43 20 487
20 43 487
39 3 642
3 39 642
13 24 281
24 13 281
31 15 811
15 31 811
6 19 669
19 6 669
40 9 666
9 40 666
22 5 117
5 22 117
7 33 871
33 7 871
24 50 697
50 24 697
47 10 322
10 47 322
53 1 931
1 53 931
39 16 866
16 39 866
0 21 622
21 0 622
22 14 729
14 22 729
22 2 655
2 22 655
44 53 892
53 44 892
4 43 212
43 4 212
28 49 298
49 28 298
54 19 154
19 54 154
33 37 376
37 33 376
36 13 346
13 36 346
17 25 36
25 17 36
16 33 167
33 16 167
7 49 296
49 7 296
53 3 561
3 53 561
19 41 117
41 19 117
23 42 956
42 23 956
52 27 183
27 52 183
39 40 746
40 39 746
32 27 412
27 32 412
30 11 306
11 30 306
46 20 101
20 46 101
10 23 485
23 10 485
11 15 999
15 11 999
15 6 490
6 15 490
6 21 509
21 6 509
44 16 309
16 44 309
11 38 915
38 11 915
7 51 641
51 7 641
1 28 825
28 1 825
34 13 67
13 34 67
15 13 202
13 15 202
0 45 62
45 0 62
28 54 100
54 28 100
3 10 531
10 3 531
41 31 942
31 41 942
14 37 598
37 14 598
36 38 222
38 36 222
44 13 377
13 44 377
45 47 599
47 45 599
17 44 196
44 17 196
5 6 65
6 5 65
9 39 718
39 9 718
24 40 462
40 24 462
8 38 206
38 8 206
6 14 407
14 6 407
47 50 656
50 47 656
16 15 221
15 16 221
25 7 107
7 25 107
35 2 387
2 35 387
53 4 846
4 53 846
7 20 610
20 7 610
14 1 415
1 14 415
34 38 433
38 34 433
40 14 695
14 40 695
18 30 510
30 18 510
14 34 686
34 14 686
35 4 624
4 35 624
45 54 348
54 45 348
36 0 920
0 36 920
18 9 329
9 18 329
16 40 151
40 16 151
47 48 802
48 47 802
7 30 388
30 7 388
49 41 735
41 49 735
36 15 481
15 36 481
32 15 86
15 32 86
40 32 230
32 40 230
19 27 15
27 19 15
8 39 459
39 8 459
11 7 889
7 11 889
22 53 517
53 22 517
28 40 514
40 28 514
16 1 92
1 16 92
38 37 824
37 38 824
40 8 614
8 40 614
32 0 436
0 32 436
8 50 296
50 8 296
4 48 427
48 4 427
9 23 865
23 9 865
37 28 622
28 37 622
49 45 871
45 49 871
15 24 672
24 15 672
54 0 186
0 54 186
27 1 260
1 27 260
11 32 505
32 11 505
47 9 310
9 47 310
17 46 393
46 17 393
15 28 63
28 15 63
51 22 957
22 51 957
19 42 293
42 19 293
26 11 56
11 26 56
16 23 427
23 16 427
7 48 734
48 7 734
13 38 715
38 13 715
7 15 361
15 7 361
46 25 477
25 46 477
28 2 48
2 28 48
20 23 796
23 20 796
7 16 612
16 7 612
25 19 645
19 25 645
18 20 716
20 18 716
10 22 354
22 10 354
35 28 802
28 35 802
17 14 113
14 17 113
52 25 717
25 52 717
2 25 647
25 2 647
11 22 127
22 11 127
38 25 303
25 38 303
37 39 130
39 37 130
28 41 938
41 28 938
0 38 829
38 0 829
6 40 881
40 6 881
37 35 39
35 37 39
37 3 455
3 37 455
53 8 195
8 53 195
2 5 808
5 2 808
34 32 979
32 34 979
16 47 922
47 16 922
24 29 582
29 24 582
1 50 235
50 1 235
13 17 839
17 13 839
34 17 514
17 34 514
21 40 430
40 21 430
12 6 149
6 12 149
44 1 432
1 44 432
13 20 425
20 13 425
32 20 425
20 32 425
17 7 751
7 17 751
24 37 457
37 24 457
44 38 427
38 44 427
24 14 941
14 24 941
18 26 258
26 18 258
13 5 72
5 13 72
6 24 353
24 6 353
5 43 10
43 5 10
30 45 838
45 30 838
53 32 610
32 53 610
7 50 3
50 7 3
50 29 689
29 50 689
26 6 765
6 26 765
54 41 377
41 54 377
21 24 955
24 21 955
48 45 879
45 48 879
7 43 464
43 7 464
6 23 352
23 6 352
36 47 133
47 36 133
24 53 343
53 24 343
23 41 303
41 23 303
10 18 188
18 10 188
49 13 105
13 49 105
4 49 315
49 4 315
51 28 919
28 51 919
7 19 823
19 7 823
45 18 520
18 45 520
42 43 298
43 42 298
53 46 679
46 53 679
16 48 21
48 16 21
3 32 719
32 3 719
32 19 430
19 32 430
27 10 426
10 27 426
0 7 605
7 0 605
44 34 363
34 44 363
13 42 455
42 13 455
34 53 652
53 34 652
40 52 385
52 40 385
46 54 427
54 46 427
26 31 208
31 26 208
53 41 975
41 53 975
23 13 973
13 23 973
43 37 111
37 43 111
33 6 571
6 33 571
48 21 157
21 48 157
37 21 456
21 37 456
3 43 786
43 3 786
46 44 178
44 46 178
42 2 348
2 42 348
40 7 363
7 40 363
2 34 652
34 2 652
13 8 208
8 13 208
41 30 715
30 41 715
31 25 473
25 31 473
54 27 117
27 54 117
17 27 558
27 17 558
48 44 723
44 48 723
8 23 94
23 8 94
38 14 778
14 38 778
45 4 780
4 45 780
3 34 22
34 3 22
6 29 41
29 6 41
54 40 911
40 54 911
49 31 104
31 49 104
0 47 362
47 0 362
41 8 688
8 41 688
35 48 87
48 35 87
16 37 268
37 16 268
27 4 348
4 27 348
6 42 912
42 6 912
8 51 69
51 8 69
46 41 289
41 46 289
40 19 587
19 40 587
40 34 215
34 40 215
4 20 420
20 4 420
34 4 413
4 34 413
0 17 925
17 0 925
37 41 452
41 37 452
53 19 160
19 53 160
6 28 410
28 6 410
49 2 142
2 49 142
10 29 306
29 10 306
5 34 484
34 5 484
0 46 223
46 0 223
23 14 711
14 23 711
12 18 504
18 12 504
22 52 454
52 22 454
27 7 763
7 27 763
14 52 908
52 14 908
25 24 363
24 25 363
23 3 909
3 23 909
54 39 539
39 54 539
32 38 887
38 32 887
13 0 946
0 13 946
29 3 6
3 29 6
53 16 118
16 53 118
25 54 276
54 25 276
34 21 299
21 34 299
26 45 144
45 26 144
8 1 294
1 8 294
35 44 471
44 35 471
36 11 393
11 36 393
51 46 663
46 51 663
38 7 458
7 38 458
36 7 536
7 36 536
18 19 213
19 18 213
43 31 357
31 43 357
37 44 826
44 37 826
14 28 747
28 14 747
45 37 200
37 45 200
31 50 600
50 31 600
36 52 927
52 36 927
28 16 239
16 28 239
34 43 372
43 34 372
52 0 653
0 52 653
38 43 238
43 38 238
25 27 627
27 25 627
13 12 769
12 13 769
41 17 898
17 41 898
5 46 469
46 5 469
52 34 713
34 52 713
40 29 979
29 40 979
22 0 956
0 22 956
44 49 465
49 44 465
14 47 721
47 14 721
23 11 272
11 23 272
16 52 166
52 16 166
5 54 296
54 5 296
22 54 143
54 22 143
32 37 438
37 32 438
38 45 993
45 38 993
48 3 571
3 48 571
45 2 197
2 45 197
11 48 104
48 11 104
48 13 813
13 48 813
18 4 466
4 18 466
18 47 29
47 18 29
40 35 377
35 40 377
13 50 890
50 13 890
40 5 192
5 40 192
30 35 257
35 30 257
38 26 753
26 38 753
27 40 880
40 27 880
28 47 493
47 28 493
5 36 245
36 5 245
16 10 74
10 16 74
54 2 507
2 54 507
26 52 939
52 26 939
15 14 471
14 15 471
31 6 87
6 31 87
13 9 783
9 13 783
7 46 905
46 7 905
50 32 837
32 50 837
44 10 772
10 44 772
30 3 40
3 30 40
43 14 225
14 43 225
19 30 891
30 19 891
33 5 327
5 33 327
44 20 570
20 44 570
41 25 554
25 41 554
37 36 303
36 37 303
17 31 526
31 17 526
48 2 549
2 48 549
34 47 279
47 34 279
45 24 121
24 45 121
25 37 728
37 25 728
20 26 424
26 20 424
42 50 291
50 42 291
0 29 6
29 0 6
0 4 527
4 0 527
44 39 50
39 44 50
6 22 279
22 6 279
6 0 578
0 6 578
5 45 691
45 5 691
36 4 676
4 36 676
41 45 757
45 41 757
30 42 66
42 30 66
40 18 239
18 40 239
53 23 293
23 53 293
49 51 140
51 49 140
15 54 566
54 15 566
12 53 599
53 12 599
34 24 831
24 34 831
19 3 158
3 19 158
43 32 138
32 43 138
8 37 937
37 8 937
17 1 785
1 17 785
21 50 240
50 21 240
26 19 835
19 26 835
45 8 393
8 45 393
5 48 605
48 5 605
19 34 510
34 19 510
20 25 853
25 20 853
24 48 367
48 24 367
14 2 316
2 14 316
54 10 668
10 54 668
51 29 900
29 51 900
14 0 492
0 14 492
4 39 80
39 4 80
47 19 618
19 47 618
3 36 195
36 3 195
9 37 298
37 9 298
28 52 213
52 28 213
16 18 743
18 16 743
0 42 351
42 0 351
31 45 266
45 31 266
5 29 166
29 5 166
27 24 364
24 27 364
1 4 59
4 1 59
26 34 154
34 26 154
5 24 502
24 5 502
34 42 46
42 34 46
54 18 68
18 54 68
9 5 995
5 9 995
29 44 139
44 29 139
50 44 145
44 50 145
5 11 745
11 5 745
37 0 418
0 37 418
28 46 912
46 28 912
47 4 544
4 47 544
15 0 703
0 15 703
36 2 777
2 36 777
16 54 512
54 16 512
19 29 526
29 19 526
30 21 151
21 30 151
13 11 243
11 13 243
30 9 180
9 30 180
42 24 979
24 42 979
15 51 760
51 15 760
37 30 700
30 37 700
10 51 735
51 10 735
13 25 643
25 13 643
2 7 629
7 2 629
48 15 755
15 48 755
26 28 27
28 26 27
34 16 508
16 34 508
13 41 687
41 13 687
7 42 519
42 7 519
5 51 753
51 5 753
8 3 345
3 8 345
33 15 504
15 33 504
3 27 543
27 3 543
41 10 480
10 41 480
16 17 544
17 16 544
1 10 268
10 1 268
38 16 466
16 38 466
3 26 122
26 3 122
3 5 507
5 3 507
52 33 757
33 52 757
16 49 719
49 16 719
17 38 780
38 17 780
50 40 528
40 50 528
11 28 854
28 11 854
47 1 337
1 47 337
15 42 600
42 15 600
38 4 697
4 38 697
5 7 338
7 5 338
39 0 839
0 39 839
54 49 835
49 54 835
52 1 159
1 52 159
5 53 298
53 5 298
34 41 330
41 34 330
14 3 615
3 14 615
44 51 1
51 44 1
37 7 582
7 37 582
16 31 128
31 16 128
11 54 971
54 11 971
26 29 838
29 26 838
29 25 192
25 29 192
32 10 958
10 32 958
44 33 972
33 44 972
30 43 542
43 30 542
51 32 674
32 51 674
34 51 593
51 34 593
6 34 815
34 6 815
4 28 772
28 4 772
44 41 13
41 44 13
44 9 735
9 44 735
33 47 550
47 33 550
40 10 325
10 40 325
11 35 722
35 11 722
37 54 768
54 37 768
12 7 803
7 12 803
29 21 945
21 29 945
37 1 393
1 37 393
53 2 972
2 53 972
16 25 817
25 16 817
15 8 233
8 15 233
24 51 696
51 24 696
35 34 362
34 35 362
34 0 255
0 34 255
1 42 281
42 1 281
43 8 948
8 43 948
46 32 586
32 46 586
31 42 761
42 31 761
36 31 884
31 36 884
12 15 829
15 12 829
36 20 980
20 36 980
35 51 451
51 35 451
32 44 649
44 32 649
3 47 447
47 3 447
8 17 364
17 8 364
25 18 92
18 25 92
27 14 11
14 27 11
8 47 207
47 8 207
8 28 446
28 8 446
17 28 713
28 17 713
9 16 596
16 9 596
2 30 582
30 2 582
19 1 727
1 19 727
33 18 841
18 33 841
24 3 485
3 24 485
40 13 579
13 40 579
5 32 195
32 5 195
36 6 687
6 36 687
4 23 44
23 4 44
18 39 977
39 18 977
24 18 402
18 24 402
19 8 650
8 19 650
33 29 145
29 33 145
48 27 523
27 48 523
52 51 128
51 52 128
19 23 722
23 19 722
22 36 782
36 22 782
26 16 747
16 26 747
9 10 707
10 9 707
0 43 352
43 0 352
15 49 832
49 15 832
13 10 178
10 13 178
9 35 819
35 9 819
47 21 725
21 47 725
47 37 265
37 47 265
40 2 931
2 40 931
7 8 921
8 7 921
31 10 156
10 31 156
16 43 656
43 16 656
12 16 917
16 12 917
8 18 837
18 8 837
32 35 663
35 32 663
37 2 625
2 37 625
42 40 163
40 42 163
36 23 790
23 36 790
10 52 556
52 10 556
13 54 832
54 13 832
17 20 437
20 17 437
48 1 462
1 48 462
11 12 370
12 11 370
30 34 121
34 30 121
19 24 186
24 19 186
26 24 345
24 26 345
48 46 660
46 48 660
52 21 318
21 52 318
37 48 785
48 37 785
37 51 366
51 37 366
30 32 418
32 30 418
52 31 363
31 52 363
48 25 774
25 48 774
47 38 317
38 47 317
1 39 823
39 1 823
2 46 185
46 2 185
24 2 821
2 24 821
47 5 98
5 47 98
6 43 413
43 6 413
25 22 918
22 25 918
54 21 507
21 54 507
23 39 52
39 23 52
4 3 809
3 4 809
37 22 528
22 37 528
20 30 846
30 20 846
13 16 157
16 13 157
40 15 293
15 40 293
16 11 160
11 16 160
10 43 798
43 10 798
51 42 965
42 51 965
25 11 968
11 25 968
24 23 981
23 24 981
34 45 246
45 34 246
34 11 174
11 34 174
42 5 231
5 42 231
51 2 372
2 51 372
1 54 166
54 1 166
49 38 399
38 49 399
36 24 25
24 36 25
9 12 3
12 9 3
16 36 253
36 16 253
19 12 221
12 19 221
4 32 132
32 4 132
46 29 359
29 46 359
20 42 482
42 20 482
28 45 938
45 28 938
3 42 660
42 3 660
23 49 70
49 23 70
30 33 906
33 30 906
40 53 555
53 40 555
24 17 485
17 24 485
42 33 41
33 42 41
25 15 400
15 25 400
34 20 547
20 34 547
39 52 147
52 39 147
36 17 431
17 36 431
26 44 946
44 26 946
20 2 618
2 20 618
2 11 485
11 2 485
46 49 940
49 46 940
41 12 115
12 41 115
53 7 643
7 53 643
5 17 484
17 5 484
34 8 55
8 34 55
35 43 740
43 35 740
49 18 303
18 49 303
28 34 42
34 28 42
41 16 698
16 41 698
46 26 213
26 46 213
5 19 135
19 5 135
6 25 365
25 6 365
51 3 474
3 51 474
32 22 727
22 32 727
36 32 796
32 36 796
44 4 743
4 44 743
10 19 173
19 10 173
7 45 30
45 7 30
40 25 753
25 40 753
41 36 812
36 41 812
11 6 821
6 11 821
39 30 418
30 39 418
17 47 920
47 17 920
51 12 991
12 51 991
11 4 711
4 11 711
7 23 523
23 7 523
27 46 416
46 27 416
9 20 699
20 9 699
7 54 597
54 7 597
48 34 721
34 48 721
40 20 713
20 40 713
17 22 714
22 17 714
50 48 659
48 50 659
48 12 113
12 48 113
33 21 749
21 33 749
25 51 384
51 25 384
13 37 36
37 13 36
54 6 913
6 54 913
53 9 739
9 53 739
23 18 110
18 23 110
38 31 377
31 38 377
49 21 259
21 49 259
29 15 794
15 29 794
45 51 575
51 45 575
10 17 876
17 10 876
12 24 847
24 12 847
22 39 170
39 22 170
40 46 622
46 40 622
29 36 700
36 29 700
3 28 175
28 3 175
31 1 54
1 31 54
28 13 659
13 28 659
49 11 238
11 49 238
12 2 40
2 12 40
23 25 104
25 23 104
33 12 502
12 33 502
10 45 553
45 10 553
53 51 309
51 53 309
39 7 467
7 39 467
32 23 402
23 32 402
1 23 235
23 1 235
9 6 303
6 9 303
7 29 884
29 7 884
52 29 140
29 52 140
49 10 203
10 49 203
54 14 731
14 54 731
21 23 572
23 21 572
5 20 702
20 5 702
54 42 232
42 54 232
14 30 318
30 14 318
33 45 9
45 33 9
14 5 969
5 14 969
12 32 312
32 12 312
1 45 756
45 1 756
53 28 881
28 53 881
8 35 760
35 8 760
17 23 675
23 17 675
37 5 289
5 37 289
28 25 132
25 28 132
30 17 122
17 30 122
3 12 889
12 3 889
23 45 671
45 23 671
36 53 647
53 36 647
5 44 284
44 5 284
5 41 887
41 5 887
20 41 123
41 20 123
31 5 955
5 31 955
42 11 511
11 42 511
45 12 472
12 45 472
1 30 632
30 1 632
45 3 514
3 45 514
27 45 322
45 27 322
40 23 324
23 40 324
3 9 990
9 3 990
44 52 589
52 44 589
17 35 742
35 17 742
18 43 115
43 18 115
43 15 715
15 43 715
53 45 975
45 53 975
16 4 4
4 16 4
19 9 619
9 19 619
48 0 477
0 48 477
35 39 1
39 35 1
40 4 181
4 40 181
45 46 391
46 45 391
23 15 0
15 23 0
44 28 999
28 44 999
8 16 630
16 8 630
33 24 596
24 33 596
5 21 145
21 5 145
25 1 999
1 25 999
29 18 206
18 29 206
46 12 512
12 46 512
6 10 108
10 6 108
21 12 914
12 21 914
31 23 182
23 31 182
2 10 347
10 2 347
19 46 260
46 19 260
28 12 343
12 28 343
9 45 464
45 9 464
42 17 957
17 42 957
46 24 457
24 46 457
26 54 565
54 26 565
3 17 456
17 3 456
45 44 246
44 45 246
47 23 486
23 47 486
7 41 368
41 7 368
22 7 992
7 22 992
30 40 700
40 30 700
13 27 955
27 13 955
40 11 37
11 40 37
11 17 921
17 11 921
2 38 192
38 2 192
46 14 196
14 46 196
51 30 533
30 51 533
35 18 187
18 35 187
40 36 871
36 40 871
48 49 444
49 48 444
7 34 705
34 7 705
25 14 920
14 25 920
29 1 951
1 29 951
50 16 248
16 50 248
14 48 863
48 14 863
18 52 137
52 18 137
42 38 624
38 42 624
45 29 700
29 45 700
20 8 528
8 20 528
44 22 649
22 44 649
41 11 505
11 41 505
38 35 167
35 38 167
53 10 863
10 53 863
5 18 866
18 5 866
2 32 150
32 2 150
45 36 553
36 45 553
50 53 721
53 50 721
16 3 212
3 16 212
13 39 422
39 13 422
49 1 894
1 49 894
37 46 553
46 37 553
50 34 4
34 50 4
29 22 928
22 29 928
14 4 550
4 14 550
32 48 993
48 32 993
26 14 770
14 26 770
54 53 319
53 54 319
13 7 476
7 13 476
47 49 457
49 47 457
33 28 393
28 33 393
0 12 949
12 0 949
11 45 843
45 11 843
49 14 64
14 49 64
40 44 327
44 40 327
28 24 119
24 28 119
44 19 779
19 44 779
7 6 722
6 7 722
44 42 32
42 44 32
34 33 270
33 34 270
28 9 554
9 28 554
4 52 346
52 4 346
12 10 14
10 12 14
51 14 839
14 51 839
24 47 339
47 24 339
19 20 628
20 19 628
10 46 978
46 10 978
37 20 533
20 37 533
32 49 131
49 32 131
14 45 355
45 14 355
20 10 856
10 20 856
36 50 181
50 36 181
21 45 408
45 21 408
35 21 763
21 35 763
31 33 738
33 31 738
5 10 872
10 5 872
35 50 476
50 35 476
30 10 680
10 30 680
17 54 85
54 17 85
29 9 335
9 29 335
27 36 800
36 27 800
18 13 626
13 18 626
54 51 728
51 54 728
33 35 525
35 33 525
10 4 851
4 10 851
46 6 82
6 46 82
49 43 303
43 49 303
42 21 293
21 42 293
16 30 8
30 16 8
34 39 275
39 34 275
32 29 320
29 32 320
18 22 294
22 18 294
52 42 869
42 52 869
21 19 265
19 21 265
48 52 804
52 48 804
28 18 932
18 28 932
15 4 501
4 15 501
31 44 383
44 31 383
51 40 52
40 51 52
45 15 488
15 45 488
28 42 83
42 28 83
27 20 844
20 27 844
43 19 983
19 43 983
31 54 914
54 31 914
8 46 127
46 8 127
40 41 274
41 40 274
3 44 482
44 3 482
21 51 726
51 21 726
39 5 207
5 39 207
42 27 807
27 42 807
7 47 557
47 7 557
24 9 739
9 24 739
46 36 966
36 46 966
51 19 902
19 51 902
30 49 697
49 30 697
51 0 253
0 51 253
40 17 306
17 40 306
15 39 814
39 15 814
36 26 471
26 36 471
37 12 397
12 37 397
50 28 546
28 50 546
40 0 248
0 40 248
0 3 461
3 0 461
38 33 422
33 38 422
5 26 78
26 5 78
8 49 248
49 8 248
0 50 878
50 0 878
16 21 456
21 16 456
42 36 796
36 42 796
8 29 137
29 8 137
48 41 13
41 48 13
48 29 366
29 48 366
53 30 986
30 53 986
27 22 704
22 27 704
47 15 751
15 47 751
30 48 406
48 30 406
11 27 450
27 11 450
19 15 717
15 19 717
11 39 653
39 11 653
48 28 405
28 48 405
49 12 305
12 49 305
38 9 775
9 38 775
1 35 441
35 1 441
50 12 171
12 50 171
12 40 774
40 12 774
4 17 933
17 4 933
12 30 846
30 12 846
22 23 939
23 22 939
11 47 443
47 11 443
27 37 747
37 27 747
35 54 845
54 35 845
50 43 632
43 50 632
43 29 369
29 43 369
25 33 9
33 25 9
38 29 16
29 38 16
24 0 371
0 24 371
39 6 716
6 39 716
24 4 279
4 24 279
5 0 213
0 5 213
28 43 814
43 28 814
43 25 605
25 43 605
12 34 963
34 12 963
45 52 446
52 45 446
48 19 514
19 48 514
13 46 317
46 13 317
11 9 633
9 11 633
35 36 62
36 35 62
11 19 323
19 11 323
29 23 623
23 29 623
11 8 163
8 11 163
20 12 265
12 20 265
10 36 414
36 10 414
48 31 431
31 48 431
29 37 115
37 29 115
49 17 114
17 49 114
30 0 986
0 30 986
23 38 746
38 23 746
20 38 782
38 20 782
44 47 282
47 44 282
37 6 650
6 37 650
5 12 845
12 5 845
4 54 41
54 4 41
48 17 976
17 48 976
19 28 802
28 19 802
23 34 839
34 23 839
19 13 719
13 19 719
3 22 593
22 3 593
0 19 573
19 0 573
26 27 416
27 26 416
3 52 760
52 3 760
30 31 899
31 30 899
4 7 574
7 4 574
19 22 212
22 19 212
49 33 258
33 49 258
50 3 701
3 50 701
54 34 882
34 54 882
52 32 897
32 52 897
54 30 779
30 54 779
12 54 758
54 12 758
9 7 338
7 9 338
49 53 212
53 49 212
47 31 339
31 47 339
38 18 449
18 38 449
28 23 564
23 28 564
44 7 659
7 44 659
3 18 151
18 3 151
32 7 159
7 32 159
16 22 578
22 16 578
6 27 360
27 6 360
29 49 834
49 29 834
18 0 685
0 18 685
25 12 353
12 25 353
45 17 514
17 45 514
16 42 588
42 16 588
32 17 633
17 32 633
42 4 24
4 42 24
40 1 367
1 40 367
16 0 742
0 16 742
5 15 867
15 5 867
9 26 164
26 9 164
16 29 950
29 16 950
51 50 935
50 51 935
24 31 322
31 24 322
49 42 377
42 49 377
28 39 778
39 28 778
47 43 549
43 47 549
36 48 117
48 36 117
31 21 185
21 31 185
48 42 726
42 48 726
15 50 300
50 15 300
28 30 167
30 28 167
39 10 469
10 39 469
13 47 513
47 13 513
41 21 498
21 41 498
46 9 321
9 46 321
39 38 760
38 39 760
21 28 55
28 21 55
6 52 342
52 6 342
51 33 629
33 51 629
26 10 448
10 26 448
27 39 938
39 27 938
23 37 643
37 23 643
13 29 596
29 13 596
12 26 836
26 12 836
48 20 922
20 48 922
1 24 42
24 1 42
37 26 319
26 37 319
13 3 726
3 13 726
19 17 913
17 19 913
1 33 302
33 1 302
51 43 604
43 51 604
45 19 133
19 45 133
45 25 277
25 45 277
50 19 919
19 50 919
30 29 416
29 30 416
43 23 694
23 43 694
19 33 83
33 19 83
26 21 632
21 26 632
39 21 887
21 39 887
33 0 225
0 33 225
54 9 212
9 54 212
0 1 691
1 0 691
54 29 178
29 54 178
2 18 680
18 2 680
31 22 652
22 31 652
26 33 691
33 26 691
36 14 278
14 36 278
5 4 602
4 5 602
41 50 292
50 41 292
10 28 116
28 10 116
49 20 529
20 49 529
39 19 732
19 39 732
2 44 267
44 2 267
26 4 199
4 26 199
8 0 70
0 8 70
47 12 52
12 47 52
5 30 883
30 5 883
28 36 729
36 28 729
4 22 35
22 4 35
27 31 528
31 27 528
8 2 208
2 8 208
3 20 548
20 3 548
3 6 518
6 3 518
38 22 171
22 38 171
16 35 238
35 16 238
42 46 71
46 42 71
30 50 538
50 30 538
35 14 93
14 35 93
35 12 133
12 35 133
48 10 590
10 48 590
40 48 404
48 40 404
22 47 688
47 22 688
15 34 645
34 15 645
48 38 217
38 48 217
9 42 464
42 9 464
23 48 282
48 23 282
30 36 304
36 30 304
29 53 627
53 29 627
25 42 877
42 25 877
24 41 147
41 24 147
40 26 77
26 40 77
53 15 861
15 53 861
35 41 533
41 35 533
21 44 666
44 21 666
26 7 451
7 26 451
32 41 644
41 32 644
29 35 850
35 29 850
48 6 964
6 48 964
51 39 549
39 51 549
44 43 859
43 44 859
16 20 103
20 16 103
14 42 532
42 14 532
16 45 146
45 16 146
36 34 994
34 36 994
7 1 798
1 7 798
47 46 42
46 47 42
36 9 462
9 36 462
52 5 340
5 52 340
47 41 668
41 47 668
42 26 147
26 42 147
42 18 997
18 42 997
54 20 455
20 54 455
22 34 276
34 22 276
42 22 268
22 42 268
17 53 148
53 17 148
31 34 795
34 31 795
17 12 636
12 17 636
17 2 625
2 17 625
30 23 271
23 30 271
12 14 274
14 12 274
43 21 15
21 43 15
50 11 267
11 50 267
36 44 317
44 36 317
18 11 420
11 18 420
17 6 255
6 17 255
5 8 738
8 5 738
23 44 869
44 23 869
44 15 463
15 44 463
19 52 691
52 19 691
30 6 571
6 30 571
29 11 0
11 29 0
7 35 248
35 7 248
53 47 558
47 53 558
51 20 4
20 51 4
20 11 742
11 20 742
50 27 557
27 50 557
6 13 104
13 6 104
4 25 295
25 4 295
0 31 169
31 0 169
51 47 925
47 51 925
30 13 645
13 30 645
17 50 262
50 17 262
26 2 660
2 26 660
48 53 191
53 48 191
44 54 603
54 44 603
46 18 484
18 46 484
34 18 658
18 34 658
24 11 564
11 24 564
19 14 423
14 19 423
2 31 376
31 2 376
54 32 502
32 54 502
19 4 488
4 19 488
36 25 302
25 36 302
30 8 887
8 30 887
17 15 428
15 17 428
31 12 718
12 31 718
41 22 422
22 41 422
28 22 712
22 28 712
8 14 995
14 8 995
3 41 689
41 3 689
14 9 441
9 14 441
3 46 837
46 3 837
49 5 38
5 49 38
44 11 236
11 44 236
28 32 794
32 28 794
20 45 664
45 20 664
43 54 669
54 43 669
40 43 296
43 40 296
3 31 318
31 3 318
4 51 490
51 4 490
51 6 484
6 51 484
9 41 751
41 9 751
15 27 309
27 15 309
3 11 778
11 3 778
2 52 783
52 2 783
22 45 952
45 22 952
2 50 386
50 2 386
32 25 44
25 32 44
40 3 930
3 40 930
27 21 93
21 27 93
7 3 870
3 7 870
17 21 214
21 17 214
22 43 118
43 22 118
30 25 686
25 30 686
21 3 787
3 21 787
20 33 793
33 20 793
28 38 273
38 28 273
45 43 259
43 45 259
53 6 175
6 53 175
14 32 417
32 14 417
41 15 621
15 41 621
51 9 202
9 51 202
50 20 157
20 50 157
47 26 434
26 47 434
14 18 263
18 14 263
47 27 440
27 47 440
32 18 866
18 32 866
31 14 801
14 31 801
39 47 503
47 39 503
11 53 944
53 11 944
12 4 665
4 12 665
48 43 789
43 48 789
13 33 957
33 13 957
5 35 674
35 5 674
22 13 730
13 22 730
40 49 102
49 40 102
50 39 765
39 50 765
27 9 412
9 27 412
43 33 782
33 43 782
11 43 662
43 11 662
15 3 267
3 15 267
43 9 741
9 43 741
13 2 889
2 13 889
29 27 469
27 29 469
15 20 369
20 15 369
8 6 330
6 8 330
19 35 242
35 19 242
25 10 322
10 25 322
29 34 877
34 29 877
23 12 678
12 23 678
33 17 303
17 33 303
24 10 726
10 24 726
30 52 466
52 30 466
40 37 345
37 40 345
45 40 739
40 45 739
0 23 825
23 0 825
19 38 49
38 19 49
8 26 181
26 8 181
37 53 978
53 37 978
28 27 454
27 28 454
37 4 340
4 37 340
3 2 770
2 3 770
27 0 757
0 27 757
9 25 963
25 9 963
35 49 875
49 35 875
43 13 808
13 43 808
0 20 904
20 0 904
49 19 150
19 49 150
1 22 367
22 1 367
53 20 98
20 53 98
28 20 143
20 28 143
46 30 97
30 46 97
0 35 963
35 0 963
36 21 272
21 36 272
33 36 344
36 33 344
4 8 92
8 4 92
3 35 351
35 3 351
44 6 336
6 44 336
32 33 966
33 32 966
2 15 635
15 2 635
34 1 345
1 34 345
38 21 69
21 38 69
37 15 926
15 37 926
2 6 134
6 2 134
15 9 307
9 15 307
11 14 819
14 11 819
31 18 929
18 31 929
7 21 955
21 7 955
10 42 115
42 10 115
35 23 926
23 35 926
36 39 670
39 36 670
35 31 930
31 35 930
40 31 443
31 40 443
39 45 897
45 39 897
8 9 610
9 8 610
26 15 875
15 26 875
15 1 357
1 15 357
41 43 743
43 41 743
36 51 885
51 36 885
3 38 583
38 3 583
42 37 100
37 42 100
17 39 558
39 17 558
15 22 317
22 15 317
4 46 362
46 4 362
32 9 784
9 32 784
5 1 152
1 5 152
40 33 56
33 40 56
54 52 769
52 54 769
42 35 345
35 42 345
29 20 711
20 29 711
30 38 387
38 30 387
6 4 257
4 6 257
29 4 685
4 29 685
32 21 819
21 32 819
32 8 115
8 32 115
3 1 50
1 3 50
3 25 714
25 3 714
14 41 343
41 14 343
25 34 947
34 25 947
18 44 146
44 18 146
13 52 672
52 13 672
10 35 771
35 10 771
22 8 228
8 22 228
29 41 21
41 29 21
32 26 934
26 32 934
31 13 378
13 31 378
17 37 383
37 17 383
0 25 517
25 0 517
9 17 51
17 9 51
42 41 688
41 42 688
2 29 928
29 2 928
24 39 931
39 24 931
12 8 879
8 12 879
1 41 109
41 1 109
11 10 991
10 11 991
2 47 487
47 2 487
20 52 794
52 20 794
47 52 393
52 47 393
29 12 310
12 29 310
18 15 459
15 18 459
30 44 537
44 30 537
29 42 452
42 29 452
24 49 158
49 24 158
5 50 204
50 5 204
51 48 437
48 51 437
29 28 296
28 29 296
25 35 441
35 25 441
54 38 480
38 54 480
25 5 317
5 25 317
15 30 473
30 15 473
15 35 709
35 15 709
43 2 38
2 43 38
0 41 706
41 0 706
44 8 214
8 44 214
27 51 355
51 27 355
50 49 818
49 50 818
51 26 434
26 51 434
48 18 911
18 48 911
21 22 118
22 21 118
46 50 346
50 46 346
13 26 773
26 13 773
37 19 279
19 37 279
42 39 393
39 42 393
44 12 104
12 44 104
15 10 565
10 15 565
42 47 804
47 42 804
23 33 7
33 23 7
27 41 593
41 27 593
18 53 834
53 18 834
46 43 124
43 46 124
7 52 534
52 7 534
4 9 986
9 4 986
26 41 806
41 26 806
26 1 604
1 26 604
47 20 536
20 47 536
50 10 945
10 50 945
2 41 285
41 2 285
40 22 451
22 40 451
4 50 551
50 4 551
30 4 34
4 30 34
26 50 271
50 26 271
52 12 375
12 52 375
21 53 429
53 21 429
45 13 335
13 45 335
50 33 337
33 50 337
35 45 44
45 35 44
13 14 391
14 13 391
6 38 822
38 6 822
21 13 681
13 21 681
2 39 195
39 2 195
27 35 507
35 27 507
50 14 841
14 50 841
10 38 746
38 10 746
8 31 661
31 8 661
24 32 19
32 24 19
47 25 898
25 47 898
41 52 998
52 41 998
8 33 923
33 8 923
17 26 697
26 17 697
0 53 370
53 0 370
37 11 225
11 37 225
50 45 860
45 50 860
10 8 793
8 10 793
43 39 979
39 43 979
25 53 7
53 25 7
27 38 9
38 27 9
11 52 352
52 11 352
51 18 13
18 51 13
53 14 724
14 53 724
22 33 434
33 22 434
53 42 957
42 53 957
22 26 712
26 22 712
22 46 325
46 22 325
6 50 650
50 6 650
27 34 333
34 27 333
41 33 202
33 41 202
12 39 856
39 12 856
38 52 350
52 38 350
37 34 50
34 37 50
18 41 665
41 18 665
41 39 349
39 41 349
22 24 973
24 22 973
49 25 435
25 49 435
23 46 21
46 23 21
46 11 425
11 46 425
4 2 176
2 4 176
34 9 505
9 34 505
22 12 155
12 22 155
8 27 678
27 8 678
43 53 945
53 43 945
11 1 902
1 11 902
31 46 579
46 31 579
0 44 438
44 0 438
23 52 795
52 23 795
35 6 702
6 35 702
6 20 106
20 6 106
10 33 780
33 10 780
19 31 387
31 19 387
44 14 437
14 44 437
11 31 200
31 11 200
21 8 938
8 21 938
18 37 738
37 18 738
12 42 958
42 12 958
35 52 90
52 35 90
19 2 43
2 19 43
4 21 729
21 4 729
50 9 82
9 50 82
50 22 967
22 50 967
20 14 962
14 20 962
39 46 953
46 39 953
1 32 896
32 1 896
53 33 903
33 53 903
43 17 492
17 43 492
27 18 87
18 27 87
27 49 358
49 27 358
37 10 105
10 37 105
29 39 818
39 29 818
26 25 458
25 26 458
2 9 913
9 2 913
24 8 179
8 24 179
7 18 659
18 7 659
37 49 991
49 37 991
24 44 921
44 24 921
2 1 248
1 2 248
1 43 293
43 1 293
34 46 112
46 34 112
46 52 9
52 46 9
43 26 97
26 43 97
49 9 553
9 49 553
27 23 461
23 27 461
18 1 948
1 18 948
27 43 145
43 27 145
21 9 810
9 21 810
20 39 315
39 20 315
2 23 447
23 2 447
46 21 302
21 46 302
9 33 761
33 9 761
39 31 266
31 39 266
38 53 880
53 38 880
32 39 472
39 32 472
17 18 140
18 17 140
49 0 176
0 49 176
36 1 528
1 36 528
4 31 896
31 4 896
14 21 468
21 14 468
37 50 811
50 37 811
36 18 131
18 36 131
2 33 9
33 2 9
0 10 962
10 0 962
46 35 444
35 46 444
9 0 433
0 9 433
27 53 235
53 27 235
9 22 741
22 9 741
53 26 797
26 53 797
26 48 268
48 26 268
1 20 242
20 1 242
4 41 274
41 4 274
20 22 875
22 20 875
39 26 760
26 39 760
18 21 731
21 18 731
50 18 734
18 50 734
41 6 926
6 41 926
38 15 26
15 38 26
48 8 306
8 48 306
32 31 434
31 32 434
8 25 799
25 8 799
52 49 852
49 52 852
20 31 765
31 20 765
49 6 828
6 49 828
37 31 895
31 37 895
39 14 786
14 39 786
39 53 929
53 39 929
1 12 829
12 1 829
33 39 760
39 33 760
22 35 209
35 22 209
14 33 443
33 14 443
36 12 479
12 36 479
21 2 407
2 21 407
25 39 306
39 25 306
35 53 533
53 35 533
31 53 260
53 31 260
31 9 268
9 31 268
48 9 804
9 48 804
12 38 559
38 12 559
8 52 487
52 8 487
26 49 545
49 26 545