389 197 41
197 389 41
132 389 414
389 132 414
404 389 991
389 404 991
246 132 597
132 246 597
111 246 142
246 111 142
146 389 773
389 146 773
48 246 818
246 48 818
130 132 317
132 130 317
51 389 920
389 51 920
358 111 483
111 358 483
294 389 362
389 294 362
229 111 625
111 229 625
337 404 989
404 337 989
291 48 453
48 291 453
275 246 63
246 275 63
428 197 95
197 428 95
382 229 727
229 382 727
418 197 626
197 418 626
261 358 249
358 261 249
390 358 720
358 390 720
32 146 939
146 32 939
304 48 244
48 304 244
75 382 458
382 75 458
47 132 327
132 47 327
273 275 111
275 273 111
163 382 298
382 163 298
383 404 560
404 383 560
180 163 944
163 180 944
295 146 986
146 295 986
329 382 601
382 329 601
156 291 93
291 156 93
327 47 324
47 327 324
316 275 297
275 316 297
99 229 841
229 99 841
101 132 627
132 101 627
365 428 487
428 365 487
36 111 695
111 36 695
424 130 897
130 424 897
82 132 862
132 82 862
43 99 699
99 43 699
218 316 282
316 218 282
292 275 869
275 292 869
121 36 845
36 121 845
235 36 281
36 235 281
253 156 676
156 253 676
366 235 938
235 366 938
201 111 332
111 201 332
350 48 498
48 350 498
336 43 343
43 336 343
107 275 16
275 107 16
423 382 119
382 423 119
409 291 380
291 409 380
95 32 436
32 95 436
31 146 801
146 31 801
83 31 714
31 83 714
128 132 836
132 128 836
334 43 931
43 334 931
311 424 696
424 311 696
40 389 127
389 40 127
375 229 620
229 375 620
340 48 400
48 340 400
54 75 853
75 54 853
68 132 620
132 68 620
11 47 984
47 11 984
113 275 490
275 113 490
129 48 959
48 129 959
410 132 557
132 410 557
252 229 855
229 252 855
160 130 226
130 160 226
41 424 358
424 41 358
263 75 62
75 263 62
305 40 40
40 305 40
364 229 716
229 364 716
236 273 266
273 236 266
216 375 858
375 216 858
351 32 714
32 351 714
417 163 989
163 417 989
30 390 865
390 30 865
100 121 542
121 100 542
158 275 611
275 158 611
272 304 13
304 272 13
290 409 921
409 290 921
357 113 939
113 357 939
193 357 365
357 193 365
240 193 256
193 240 256
94 263 707
263 94 707
6 311 759
311 6 759
52 292 756
292 52 756
25 160 287
160 25 287
88 329 780
329 88 780
309 253 624
253 309 624
186 94 367
94 186 367
385 272 874
272 385 874
403 428 732
428 403 732
200 336 766
336 200 766
267 357 82
357 267 82
0 351 196
351 0 196
217 390 245
390 217 245
149 272 458
272 149 458
247 88 896
88 247 896
377 95 32
95 377 32
264 25 581
25 264 581
278 217 678
217 278 678
27 32 456
32 27 456
44 316 718
316 44 718
109 334 540
334 109 540
328 263 618
263 328 618
1 246 506
246 1 506
219 82 857
82 219 857
319 146 828
146 319 828
282 47 561
47 282 561
61 328 742
328 61 742
91 389 411
389 91 411
286 43 3
43 286 3
151 389 734
389 151 734
3 44 691
44 3 691
371 30 100
30 371 100
138 275 622
275 138 622
143 282 309
282 143 309
196 52 186
52 196 186
73 375 874
375 73 874
281 158 83
158 281 83
16 101 935
101 16 935
324 264 811
264 324 811
86 319 262
319 86 262
103 357 533
357 103 533
248 291 892
291 248 892
119 263 871
263 119 871
14 358 41
358 14 41
159 129 571
129 159 571
230 385 960
385 230 960
419 358 866
358 419 866
368 371 655
371 368 655
322 200 892
200 322 892
400 253 212
253 400 212
277 236 9
236 277 9
108 424 277
424 108 277
244 94 808
94 244 808
274 75 346
75 274 346
26 358 276
358 26 276
131 424 597
424 131 597
215 186 404
186 215 404
420 316 300
316 420 300
89 281 748
281 89 748
184 229 315
229 184 315
144 368 746
368 144 746
59 417 412
417 59 412
255 351 424
351 255 424
85 273 574
273 85 574
379 73 345
73 379 345
268 156 490
156 268 490
96 248 436
248 96 436
29 417 343
417 29 343
134 292 641
292 134 641
303 304 67
304 303 67
70 107 767
107 70 767
182 275 394
275 182 394
8 273 403
273 8 403
421 236 459
236 421 459
397 85 731
85 397 731
181 1 85
1 181 85
306 128 267
128 306 267
147 319 196
319 147 196
299 295 65
295 299 65
22 322 462
322 22 462
174 329 509
329 174 509
338 113 212
113 338 212
38 83 638
83 38 638
133 163 202
163 133 202
388 267 370
267 388 370
139 163 610
163 139 610
413 36 577
36 413 577
347 147 696
147 347 696
361 368 507
368 361 507
289 290 853
290 289 853
212 248 650
248 212 650
288 423 555
423 288 555
259 128 9
128 259 9
157 272 837
272 157 837
150 51 537
51 150 537
66 113 617
113 66 617
348 82 862
82 348 862
175 85 301
85 175 301
321 150 826
150 321 826
209 428 819
428 209 819
39 419 889
419 39 889
412 358 67
358 412 67
106 316 41
316 106 41
142 404 777
404 142 777
387 286 338
286 387 338
395 218 819
218 395 819
71 338 471
338 71 471
178 14 391
14 178 391
416 400 514
400 416 514
15 144 92
144 15 92
317 419 776
419 317 776
279 261 764
261 279 764
204 178 211
178 204 211
145 108 922
108 145 922
284 109 845
109 284 845
227 149 622
149 227 622
280 40 871
40 280 871
415 111 672
111 415 672
2 142 186
142 2 186
155 14 583
14 155 583
125 240 67
240 125 67
238 410 965
410 238 965
405 417 791
417 405 791
203 217 829
217 203 829
192 275 167
275 192 167
325 327 244
327 325 244
152 39 849
39 152 849
172 291 964
291 172 964
19 16 427
16 19 427
74 86 911
86 74 911
313 175 83
175 313 83
349 259 155
259 349 155
422 88 421
88 422 421
20 70 477
70 20 477
205 371 48
371 205 48
57 196 796
196 57 796
80 111 33
111 80 33
320 8 135
8 320 135
341 290 107
290 341 107
373 26 664
26 373 664
189 336 392
336 189 392
426 204 796
204 426 796
257 180 902
180 257 902
35 70 717
70 35 717
249 182 647
182 249 647
188 174 127
174 188 127
374 348 636
348 374 636
168 227 869
227 168 869
72 168 396
168 72 396
170 72 763
72 170 763
381 238 124
238 381 124
296 205 804
205 296 804
112 51 800
51 112 800
224 91 380
91 224 380
114 3 365
3 114 365
362 261 979
261 362 979
24 249 956
249 24 956
23 324 261
324 23 261
13 362 532
362 13 532
393 184 585
184 393 585
135 311 95
311 135 95
370 145 514
145 370 514
414 322 430
322 414 430
302 30 968
30 302 968
76 36 436
36 76 436
343 1 945
1 343 945
58 224 107
224 58 107
250 428 101
428 250 101
251 204 159
204 251 159
18 280 457
280 18 457
265 172 30
172 265 30
314 174 739
174 314 739
167 43 360
43 167 360
55 54 367
54 55 367
21 212 356
212 21 356
122 111 850
111 122 850
165 412 72
412 165 72
391 364 212
364 391 212
4 27 674
27 4 674
92 404 300
404 92 300
241 229 955
229 241 955
401 143 879
143 401 879
105 200 464
200 105 464
84 13 352
13 84 352
191 129 28
129 191 28
162 209 343
209 162 343
332 85 303
85 332 303
380 338 188
338 380 188
408 218 105
218 408 105
367 182 160
182 367 160
260 216 968
216 260 968
98 286 323
286 98 323
356 324 242
324 356 242
141 85 381
85 141 381
301 75 881
75 301 881
104 358 403
358 104 403
63 36 135
36 63 135
310 29 563
29 310 563
308 305 605
305 308 605
318 96 652
96 318 652
256 121 254
121 256 254
339 142 652
142 339 652
402 295 385
295 402 385
307 246 427
246 307 427
233 373 208
373 233 208
276 379 975
379 276 975
363 366 973
366 363 973
154 83 283
83 154 283
90 318 620
318 90 620
126 257 950
257 126 950
326 403 786
403 326 786
344 57 178
57 344 178
206 374 348
374 206 348
120 66 473
66 120 473
69 370 773
370 69 773
183 379 1
379 183 1
378 381 7
381 378 7
93 96 117
96 93 117
331 134 558
134 331 558
242 100 434
100 242 434
297 362 94
362 297 94
283 251 778
251 283 778
110 356 780
356 110 780
187 420 647
420 187 647
9 340 276
340 9 276
406 390 0
390 406 0
123 415 538
415 123 538
411 344 727
344 411 727
194 426 104
426 194 104
352 14 362
14 352 362
140 247 609
247 140 609
45 418 72
418 45 72
384 322 312
322 384 312
237 361 121
361 237 121
234 248 912
248 234 912
372 357 69
357 372 69
208 255 289
255 208 289
239 252 587
252 239 587
243 372 215
372 243 215
258 95 420
95 258 420
330 356 413
356 330 413
392 215 299
215 392 299
214 387 581
387 214 581
333 41 160
41 333 160
60 340 390
340 60 390
207 378 479
378 207 479
65 256 684
256 65 684
169 66 647
66 169 647
232 152 223
152 232 223
254 76 711
76 254 711
270 306 504
306 270 504
376 329 454
329 376 454
171 364 763
364 171 763
271 163 908
163 271 908
360 319 26
319 360 26
198 362 400
362 198 400
7 84 68
84 7 68
49 7 404
7 49 404
5 321 42
321 5 42
67 45 3
45 67 3
173 392 716
392 173 716
185 3 144
3 185 144
386 59 195
59 386 195
64 80 471
80 64 471
213 317 172
317 213 172
220 74 663
74 220 663
293 216 458
216 293 458
97 105 323
105 97 323
81 109 932
109 81 932
127 426 357
426 127 357
269 422 826
422 269 826
355 145 747
145 355 747
164 247 449
247 164 449
153 69 727
69 153 727
37 204 34
204 37 34
179 243 86
243 179 86
137 39 58
39 137 58
136 143 625
143 136 625
228 411 88
411 228 88
225 150 421
150 225 421
398 383 647
383 398 647
300 4 681
4 300 681
429 65 977
65 429 977
223 205 594
205 223 594
199 76 260
76 199 260
335 23 220
23 335 220
124 277 43
277 124 43
17 163 166
163 17 166
166 389 296
389 166 296
323 404 143
404 323 143
34 20 696
20 34 696
102 406 406
406 102 406
287 91 464
91 287 464
79 347 622
347 79 622
50 9 904
9 50 904
46 147 330
147 46 330
315 168 914
168 315 914
195 159 29
159 195 29
342 304 194
304 342 194
221 218 214
218 221 214
346 288 192
288 346 192
116 119 688
119 116 688
202 421 529
421 202 529
245 159 493
159 245 493
226 228 245
228 226 245
28 70 956
70 28 956
407 36 9
36 407 9
354 250 741
250 354 741
353 47 939
47 353 939
312 58 471
58 312 471
369 375 87
375 369 87
56 16 101
16 56 101
115 325 905
325 115 905
425 219 451
219 425 451
231 82 837
82 231 837
176 256 772
256 176 772
399 227 40
227 399 40
62 248 501
248 62 501
87 113 860
113 87 860
118 150 327
150 118 327
211 31 570
31 211 570
161 123 554
123 161 554
78 228 303
228 78 303
285 391 619
391 285 619
298 408 649
408 298 649
177 274 237
274 177 237
10 375 629
375 10 629
53 52 750
52 53 750
394 248 223
248 394 223
117 34 675
34 117 675
12 79 548
79 12 548
266 20 879
20 266 879
33 54 393
54 33 393
427 274 121
274 427 121
396 175 235
175 396 235
359 171 288
171 359 288
190 287 851
287 190 851
77 316 530
316 77 530
210 67 335
67 210 335
148 395 643
395 148 643
345 144 596
144 345 596
42 41 829
41 42 829
222 310 516
310 222 516
262 412 599
412 262 599
258 229 831
229 258 831
129 280 158
280 129 158
88 122 78
122 88 78
160 28 211
28 160 211
231 369 508
369 231 508
276 407 712
407 276 712
219 196 750
196 219 750
410 266 239
266 410 239
245 317 361
317 245 361
406 378 135
378 406 135
208 18 922
18 208 922
83 352 853
352 83 853
337 84 610
84 337 610
175 76 466
76 175 466
8 146 981
146 8 981
61 308 668
308 61 668
357 171 900
171 357 900
250 394 976
394 250 976
102 135 559
135 102 559
397 37 868
37 397 868
43 419 140
419 43 140
187 155 720
155 187 720
0 396 324
396 0 324
399 85 393
85 399 393
329 109 39
109 329 39
181 335 765
335 181 765
248 289 883
289 248 883
373 7 743
7 373 743
376 270 231
270 376 231
368 212 687
212 368 687
357 70 17
70 357 17
348 154 552
154 348 552
295 166 645
166 295 645
417 150 22
150 417 22
343 372 62
372 343 62
229 16 46
16 229 46
146 151 968
151 146 968
232 338 68
338 232 68
396 156 353
156 396 353
271 313 139
313 271 139
319 35 445
35 319 445
305 175 319
175 305 319
88 65 336
65 88 336
124 399 765
399 124 765
203 15 9
15 203 9
203 400 546
400 203 546
332 177 753
177 332 753
220 37 473
37 220 473
202 32 578
32 202 578
54 203 976
203 54 976
145 6 3
6 145 3
265 41 636
41 265 636
171 391 860
391 171 860
323 164 151
164 323 151
43 38 243
38 43 243
210 396 180
396 210 180
103 294 979
294 103 979
10 94 760
94 10 760
62 262 700
262 62 700
339 94 735
94 339 735
43 422 949
422 43 949
297 95 635
95 297 635
372 72 727
72 372 727
351 194 616
194 351 616
390 14 348
14 390 348
10 102 750
102 10 750
71 337 640
337 71 640
418 251 91
251 418 91
175 49 154
49 175 154
72 196 519
196 72 519
348 357 753
357 348 753
221 238 345
238 221 345
244 177 504
177 244 504
227 48 318
48 227 318
162 59 563
59 162 563
114 382 791
382 114 791
332 363 565
363 332 565
322 220 39
220 322 39
168 280 738
280 168 738
340 125 354
125 340 354
250 163 21
163 250 21
274 287 35
287 274 35
159 386 696
386 159 696
344 153 794
153 344 794
255 220 780
220 255 780
109 226 541
226 109 541
4 361 395
361 4 395
42 119 213
119 42 213
40 307 337
307 40 337
10 324 600
324 10 600
67 429 545
429 67 545
386 150 166
150 386 166
30 133 866
133 30 866
315 427 9
427 315 9
120 266 52
266 120 52
307 100 975
100 307 975
212 209 298
209 212 298
234 379 330
379 234 330
250 231 413
231 250 413
283 205 174
205 283 174
197 62 144
62 197 144
276 304 452
304 276 452
11 361 951
361 11 951
246 223 491
223 246 491
360 427 678
427 360 678
115 230 765
230 115 765
411 267 71
267 411 71
104 349 285
349 104 285
148 25 542
25 148 542
94 327 674
327 94 674
392 158 593
158 392 593
128 167 647
167 128 647
161 356 619
356 161 619
317 346 445
346 317 445
277 421 291
421 277 291
146 20 797
20 146 797
427 300 287
300 427 287
419 367 539
367 419 539
310 306 350
306 310 350
0 179 801
179 0 801
57 118 145
118 57 145
404 342 523
342 404 523
100 176 676
176 100 676
153 231 576
231 153 576
317 321 475
321 317 475
418 339 934
339 418 934
192 258 628
258 192 628
78 177 778
177 78 778
3 130 370
130 3 370
191 272 696
272 191 696
149 239 362
239 149 362
372 164 508
164 372 508
51 166 752
166 51 752
248 363 913
363 248 913
16 26 189
26 16 189
202 74 79
74 202 79
154 35 242
35 154 242
50 225 460
225 50 460
21 53 829
53 21 829
37 423 980
423 37 980
267 193 451
193 267 451
316 422 649
422 316 649
280 274 258
274 280 258
320 116 792
116 320 792
348 123 335
123 348 335
366 182 30
182 366 30
58 111 780
111 58 780
119 278 780
278 119 780
415 279 446
279 415 446
56 258 640
258 56 640
5 145 713
145 5 713
359 261 596
261 359 596
112 66 849
66 112 849
276 11 577
11 276 577
136 215 335
215 136 335
396 229 407
229 396 407
24 401 138
401 24 138
32 218 579
218 32 579
288 321 4
321 288 4
101 0 734
0 101 734
128 49 553
49 128 553
362 304 322
304 362 322
229 181 402
181 229 402
11 28 650
28 11 650
26 405 686
405 26 686
305 331 151
331 305 151
125 70 523
70 125 523
329 357 128
357 329 128
252 135 722
135 252 722
214 398 782
398 214 782
199 75 747
75 199 747
359 241 44
241 359 44
359 308 707
308 359 707
46 355 646
355 46 646
204 186 352
186 204 352
285 120 832
120 285 832
292 218 573
218 292 573
25 12 271
12 25 271
278 285 267
285 278 267
338 164 725
164 338 725
14 231 265
231 14 265
4 168 931
168 4 931
100 116 921
116 100 921
35 63 156
63 35 156
261 239 599
239 261 599
88 214 524
214 88 524
382 116 323
116 382 323
33 365 197
365 33 197
207 118 467
118 207 467
123 281 831
281 123 831
72 401 163
401 72 163
136 388 934
388 136 934
254 160 487
160 254 487
312 308 58
308 312 58
356 292 840
292 356 840
92 289 2
289 92 2
12 369 81
369 12 81
95 422 622
422 95 622
150 276 462
276 150 462
139 345 387
345 139 387
165 209 861
209 165 861
258 375 139
375 258 139
306 294 186
294 306 186
323 11 19
11 323 19
413 406 197
406 413 197
304 325 660
325 304 660
156 355 318
355 156 318
161 145 933
145 161 933
163 283 785
283 163 785
211 228 172
228 211 172
175 42 949
42 175 949
82 203 55
203 82 55
373 66 618
66 373 618
45 116 261
116 45 261
5 8 576
8 5 576
177 374 422
374 177 422
186 275 464
275 186 464
298 400 195
400 298 195
204 327 366
327 204 366
336 68 26
68 336 26
157 358 181
358 157 181
125 352 707
352 125 707
232 146 330
146 232 330
168 87 567
87 168 567
46 127 507
127 46 507
23 218 878
218 23 878
163 408 882
408 163 882
155 87 802
87 155 802
322 291 663
291 322 663
4 336 856
336 4 856
77 218 341
218 77 341
175 107 482
107 175 482
428 30 930
30 428 930
4 234 824
234 4 824
144 418 0
418 144 0
71 413 160
413 71 160
301 269 150
269 301 150
290 25 798
25 290 798
272 392 696
392 272 696
324 237 336
237 324 336
229 370 981
370 229 981
234 185 407
185 234 407
304 151 246
151 304 246
258 89 336
89 258 336
6 73 360
73 6 360
151 357 899
357 151 899
74 296 372
296 74 372
307 41 395
41 307 395
307 353 13
353 307 13
357 206 5
206 357 5
220 145 735
145 220 735
298 52 152
52 298 152
51 229 843
229 51 843
22 122 3
122 22 3
261 47 795
47 261 795
334 154 626
154 334 626
216 115 156
115 216 156
5 399 388
399 5 388
62 337 428
337 62 428
320 233 935
233 320 935
220 388 728
388 220 728
103 41 372
41 103 372
122 319 546
319 122 546
2 36 132
36 2 132
405 307 674
307 405 674
157 336 441
336 157 441
320 86 482
86 320 482
15 151 938
151 15 938
280 281 660
281 280 660
135 415 942
415 135 942
344 101 855
101 344 855
14 131 906
131 14 906
84 387 555
387 84 555
294 187 626
187 294 626
425 24 897
24 425 897
73 131 41
131 73 41
123 299 888
299 123 888
78 284 987
284 78 987
234 31 547
31 234 547
47 364 730
364 47 730
284 337 786
337 284 786
74 166 891
166 74 891
227 57 946
57 227 946
95 225 471
225 95 471
187 381 165
381 187 165
94 361 485
361 94 485
192 272 604
272 192 604
184 226 515
226 184 515
334 106 353
106 334 353
364 372 366
372 364 366
407 24 645
24 407 645
92 221 55
221 92 55
247 230 181
230 247 181
199 206 332
206 199 332
268 416 649
416 268 649
32 85 564
85 32 564
205 382 698
382 205 698
192 108 384
108 192 384
124 109 355
109 124 355
252 410 112
410 252 112
411 348 169
348 411 169
275 205 590
205 275 590
415 296 77
296 415 77
214 136 724
136 214 724
386 82 796
82 386 796
349 356 743
356 349 743
310 41 173
41 310 173
30 109 168
109 30 168
3 275 537
275 3 537
160 427 504
427 160 504
348 237 753
237 348 753
59 398 812
398 59 812
139 213 121
213 139 121
298 262 418
262 298 418
312 322 920
322 312 920
272 289 643
289 272 643
265 133 545
133 265 545
127 236 934
236 127 934
71 287 761
287 71 761
308 70 240
70 308 240
178 288 399
288 178 399
362 122 313
122 362 313
203 405 832
405 203 832
107 64 996
64 107 996
30 216 5
216 30 5
206 331 649
331 206 649
37 4 109
4 37 109
269 115 662
115 269 662
355 27 610
27 355 610
333 110 525
110 333 525
128 277 705
277 128 705
166 194 172
194 166 172
71 121 812
121 71 812
418 111 118
111 418 118
209 33 739
33 209 739
135 306 110
306 135 110
173 188 377
188 173 377
120 269 259
269 120 259
198 302 831
302 198 831
56 371 944
371 56 944
272 339 564
339 272 564
77 82 799
82 77 799
21 94 26
94 21 26
77 333 869
333 77 869
240 4 418
4 240 418
406 171 213
171 406 213
341 137 700
137 341 700
238 400 21
400 238 21
69 252 941
252 69 941
204 6 906
6 204 906
373 307 54
307 373 54
71 298 88
298 71 88
333 183 414
183 333 414
139 143 518
143 139 518
168 390 491
390 168 491
45 409 275
409 45 275
345 55 502
55 345 502
63 60 403
60 63 403
24 400 185
400 24 185
371 260 373
260 371 373
272 134 872
134 272 872
406 148 938
148 406 938
364 168 70
168 364 70
101 13 402
13 101 402
307 203 569
203 307 569
201 400 493
400 201 493
371 266 113
266 371 113
268 305 368
305 268 368
117 350 141
350 117 141
376 295 842
295 376 842
360 41 600
41 360 600
256 377 7
377 256 7
428 238 571
238 428 571
164 346 616
346 164 616
343 225 706
225 343 706
31 24 572
24 31 572
288 425 351
425 288 351
336 220 5
220 336 5
16 3 509
3 16 509
262 421 281
421 262 281
151 246 507
246 151 507
66 21 948
21 66 948
361 366 79
366 361 79
70 154 432
154 70 432
151 287 376
287 151 376
15 202 148
202 15 148
138 59 958
59 138 958
264 50 794
50 264 794
135 376 901
376 135 901
231 175 289
175 231 289
317 411 132
411 317 132
148 115 122
115 148 122
155 66 512
66 155 512
362 371 671
371 362 671
136 395 647
395 136 647
175 57 284
57 175 284
175 155 785
155 175 785
407 225 289
225 407 289
95 393 925
393 95 925
85 340 456
340 85 456
30 212 955
212 30 955
324 50 191
50 324 191
347 18 234
18 347 234
128 386 393
386 128 393
145 296 525
296 145 525
381 307 848
307 381 848
140 61 691
61 140 691
2 314 318
314 2 318
302 143 322
143 302 322
92 213 1
213 92 1
201 362 324
362 201 324
227 3 840
3 227 840
205 47 589
47 205 589
353 390 416
390 353 416
201 322 205
322 201 205
335 338 182
338 335 182
334 186 816
186 334 816
355 39 28
39 355 28
143 304 8
304 143 8
15 380 4
380 15 4
129 40 841
40 129 841
187 9 957
9 187 957
264 218 758
218 264 758
112 377 868
377 112 868
197 241 918
241 197 918
384 152 68
152 384 68
408 88 948
88 408 948
143 3 950
3 143 950
152 15 486
15 152 486
53 197 446
197 53 446
328 15 999
15 328 999
28 32 630
32 28 630
108 291 596
291 108 596
288 37 376
37 288 376
77 413 693
413 77 693
374 214 137
214 374 137
242 4 94
4 242 94
119 409 731
409 119 731
409 274 24
274 409 24
81 305 635
305 81 635
312 376 139
376 312 139
416 109 586
109 416 586
376 147 206
147 376 206
74 21 512
21 74 512
340 256 108
256 340 108
81 23 127
23 81 127
21 35 481
35 21 481
309 374 560
374 309 560
347 113 426
113 347 426
159 178 80
178 159 80
307 167 343
167 307 343
427 396 883
396 427 883
143 374 254
374 143 254
157 135 793
135 157 793
192 229 457
229 192 457
199 404 565
404 199 565
238 28 793
28 238 793
257 286 439
286 257 439
16 14 488
14 16 488
23 305 233
305 23 233
373 184 368
184 373 368
232 414 613
414 232 613
351 148 534
148 351 534
213 235 192
235 213 192
29 92 646
92 29 646
5 54 968
54 5 968
329 100 351
100 329 351
418 139 890
139 418 890
384 10 164
10 384 164
407 224 399
224 407 399
185 267 421
267 185 421
251 217 171
217 251 171
284 47 805
47 284 805
298 312 984
312 298 984
347 245 698
245 347 698
210 241 192
241 210 192
199 338 187
338 199 187
92 98 729
98 92 729
331 80 155
80 331 155
243 293 632
293 243 632
58 271 584
271 58 584
219 297 451
297 219 451
428 324 499
324 428 499
187 306 569
306 187 569
166 247 0
247 166 0
304 156 137
156 304 137
324 189 895
189 324 895
67 123 229
123 67 229
171 213 111
213 171 111
116 4 435
4 116 435
60 243 293
243 60 293
64 347 505
347 64 505
213 217 167
217 213 167
387 318 863
318 387 863
348 300 448
300 348 448
284 341 679
341 284 679
306 224 68
224 306 68
216 61 772
61 216 772
311 342 159
342 311 159
227 296 724
296 227 724
260 328 913
328 260 913
106 37 47
37 106 47
358 238 212
238 358 212
235 325 599
325 235 599
276 87 421
87 276 421
260 243 4
243 260 4
7 160 543
160 7 543
333 76 316
76 333 316
416 356 550
356 416 550
316 43 619
43 316 619
166 58 770
58 166 770
48 27 429
27 48 429
352 116 368
116 352 368
421 292 762
292 421 762
294 407 827
407 294 827
281 194 991
194 281 991
291 183 884
183 291 884
165 106 157
106 165 157
112 419 112
419 112 112
93 257 285
257 93 285
262 61 391
61 262 391
317 46 518
46 317 518
347 3 843
3 347 843
378 400 958
400 378 958
253 304 158
304 253 158
181 234 598
234 181 598
402 414 64
414 402 64
84 393 445
393 84 445
147 279 746
279 147 746
229 40 444
40 229 444
9 360 958
360 9 958
252 245 145
245 252 145
275 375 722
375 275 722
205 103 32
103 205 32
208 274 270
274 208 270
317 40 352
40 317 352
85 395 630
395 85 630
177 330 194
330 177 194
46 190 554
190 46 554
98 329 346
329 98 346
391 63 14
63 391 14
290 250 839
250 290 839
294 330 883
330 294 883
419 133 140
133 419 140
212 107 628
107 212 628
339 172 978
172 339 978
87 202 69
202 87 69
119 363 106
363 119 106
241 424 881
424 241 881
69 113 496
113 69 496
382 241 860
241 382 860
231 286 355
286 231 355
336 318 856
318 336 856
137 282 181
282 137 181
127 271 984
271 127 984
371 2 206
2 371 206
406 355 763
355 406 763
341 259 161
259 341 161
108 223 996
223 108 996
259 301 872
301 259 872
264 319 476
319 264 476
210 397 131
397 210 131
131 339 680
339 131 680
56 353 0
353 56 0
292 171 838
171 292 838
338 182 893
182 338 893
179 231 972
231 179 972
22 382 86
382 22 86
411 48 299
48 411 299
177 311 170
311 177 170
228 26 206
26 228 206
165 310 354
310 165 354
35 253 424
253 35 424
314 332 851
332 314 851
203 218 607
218 203 607
296 22 178
22 296 178
268 16 643
16 268 643
320 5 715
5 320 715
144 428 23
428 144 23
42 246 653
246 42 653
108 82 891
82 108 891
171 397 324
397 171 324
301 232 294
232 301 294
47 176 725
176 47 725
248 81 529
81 248 529
263 419 611
419 263 611
180 399 397
399 180 397
19 420 596
420 19 596
151 14 973
14 151 973
397 53 545
53 397 545
76 35 725
35 76 725
54 313 383
313 54 383
94 241 52
241 94 52
138 179 827
179 138 827
13 317 31
317 13 31
281 218 315
218 281 315
107 190 187
190 107 187
113 341 15
341 113 15
221 209 538
209 221 538
325 68 539
68 325 539
103 18 288
18 103 288
108 125 441
125 108 441
362 355 959
355 362 959
295 193 726
193 295 726
105 348 207
348 105 207
248 417 226
417 248 226
285 134 807
134 285 807
236 200 564
200 236 564
119 356 27
356 119 27
186 143 884
143 186 884
396 223 427
223 396 427
179 158 249
158 179 249
202 256 131
256 202 131
345 344 697
344 345 697
94 46 253
46 94 253
105 369 306
369 105 306
78 161 725
161 78 725
79 358 739
358 79 739
170 87 926
87 170 926
264 156 421
156 264 421
240 15 517
15 240 517
204 1 394
1 204 394
380 84 505
84 380 505
409 11 876
11 409 876
235 332 11
332 235 11
190 218 10
218 190 10
315 324 763
324 315 763
280 249 690
249 280 690
131 325 996
325 131 996
212 171 405
171 212 405
419 335 78
335 419 78
226 158 600
158 226 600
324 79 214
79 324 214
75 245 874
245 75 874
383 122 828
122 383 828
99 81 456
81 99 456
248 249 727
249 248 727
115 245 677
245 115 677
252 283 641
283 252 641
21 255 13
255 21 13
297 216 359
216 297 359
198 175 375
175 198 375
210 96 513
96 210 513
214 293 259
293 214 259
252 294 490
294 252 490
53 323 957
323 53 957
345 264 623
264 345 623
415 347 484
347 415 484
134 373 142
373 134 142
23 427 303
427 23 303
394 164 934
164 394 934
133 259 873
259 133 873
330 110 389
110 330 389
280 326 410
326 280 410
269 265 305
265 269 305
67 266 775
266 67 775
307 196 193
196 307 193
205 319 271
319 205 271
391 240 521
240 391 521
263 53 611
53 263 611
4 332 796
332 4 796
55 222 846
222 55 846
207 23 939
23 207 939
361 419 443
419 361 443
134 168 928
168 134 928
169 84 53
84 169 53
87 17 198
17 87 198
230 72 707
72 230 707
101 51 206
51 101 206
242 409 876
409 242 876
230 211 965
211 230 965
197 190 894
190 197 894
319 403 632
403 319 632
52 171 369
171 52 369
123 117 274
117 123 274
246 67 672
67 246 672
130 358 622
358 130 622
240 148 891
148 240 891
8 396 241
396 8 241
227 359 511
359 227 511
287 209 878
209 287 878
66 235 596
235 66 596
57 231 118
231 57 118
164 229 786
229 164 786
52 48 608
48 52 608
332 274 361
274 332 361
287 109 891
109 287 891
317 247 326
247 317 326
403 161 183
161 403 183
251 270 154
270 251 154
411 378 517
378 411 517
405 69 642
69 405 642
3 389 55
389 3 55
320 187 32
187 320 32
60 207 663
207 60 663
160 314 87
314 160 87
19 8 339
8 19 339
243 234 948
234 243 948
77 140 193
140 77 193
225 156 347
156 225 347
41 181 672
181 41 672
315 26 497
26 315 497
135 406 934
406 135 934
133 244 917
244 133 917
60 82 469
82 60 469
177 346 163
346 177 163
83 165 265
165 83 265
256 225 414
225 256 414
406 35 431
35 406 431
49 272 622
272 49 622
19 407 129
407 19 129
220 270 832
270 220 832
369 62 115
62 369 115
120 312 114
312 120 114
262 200 764
200 262 764
135 379 702
379 135 702
17 423 701
423 17 701
28 349 268
349 28 268
131 176 113
176 131 113
258 348 521
348 258 521
190 408 821
408 190 821
424 246 41
246 424 41
406 48 997
48 406 997
56 41 909
41 56 909
54 405 394
405 54 394
176 135 907
135 176 907
337 397 647
397 337 647
427 263 87
263 427 87
153 284 659
284 153 659
326 195 230
195 326 230
47 328 422
328 47 422
291 47 613
47 291 613
231 2 135
2 231 135
256 166 720
166 256 720
96 405 414
405 96 414
345 141 56
141 345 56
50 222 456
222 50 456
98 236 574
236 98 574
113 333 212
333 113 212
183 94 850
94 183 850
253 126 480
126 253 480
59 108 258
108 59 258
1 125 701
125 1 701
246 258 882
258 246 882
163 105 792
105 163 792
115 101 897
101 115 897
111 392 291
392 111 291
100 312 144
312 100 144
345 245 519
245 345 519
252 311 976
311 252 976
388 404 758
404 388 758
396 22 857
22 396 857
236 133 592
133 236 592
342 327 88
327 342 88
387 109 259
109 387 259
249 133 698
133 249 698
414 114 548
114 414 548
84 121 82
121 84 82
181 341 392
341 181 392
56 125 555
125 56 555
393 63 436
63 393 436
92 36 928
36 92 928
61 364 659
364 61 659
2 210 895
210 2 895
122 397 151
397 122 151
365 364 159
364 365 159
382 317 660
317 382 660
307 360 69
360 307 69
105 108 578
108 105 578
134 150 960
150 134 960
360 124 488
124 360 488
155 378 834
378 155 834
147 50 685
50 147 685
384 112 524
112 384 524
212 138 795
138 212 795
314 261 742
261 314 742
317 231 1000
231 317 1000
412 289 811
289 412 811
165 404 255
404 165 255
90 82 486
82 90 486
128 106 445
106 128 445
407 140 249
140 407 249
141 229 531
229 141 531
55 334 997
334 55 997
390 276 367
276 390 367
390 412 184
412 390 184
361 108 497
108 361 497
370 116 936
116 370 936
19 197 830
197 19 830
207 353 241
353 207 241
254 13 760
13 254 760
335 212 699
212 335 699
177 190 803
190 177 803
335 290 944
290 335 944
304 245 756
245 304 756
393 376 950
376 393 950
193 345 394
345 193 394
269 59 701
59 269 701
344 370 218
370 344 218
337 137 465
137 337 465
237 283 845
283 237 845
49 52 626
52 49 626
189 181 592
181 189 592
338 205 581
205 338 581
354 372 147
372 354 147
165 20 400
20 165 400
73 106 390
106 73 390
268 1 261
1 268 261
16 408 601
408 16 601
387 168 243
168 387 243
297 413 638
413 297 638
243 236 329
236 243 329
324 364 864
364 324 864
245 230 563
230 245 563
52 408 721
408 52 721
136 242 117
242 136 117
257 393 209
393 257 209
81 186 614
186 81 614
175 187 255
187 175 255
136 298 90
298 136 90
260 251 926
251 260 926
328 379 399
379 328 399
274 165 206
165 274 206
66 405 322
405 66 322
166 358 44
358 166 44
217 247 618
247 217 618
148 357 867
357 148 867
318 72 82
72 318 82
119 265 294
265 119 294
293 302 429
302 293 429
12 397 868
397 12 868
5 50 957
50 5 957
164 269 394
269 164 394
383 311 913
311 383 913
329 139 163
139 329 163
226 277 629
277 226 629
429 256 448
256 429 448
8 301 920
301 8 920
152 135 383
135 152 383
61 173 91
173 61 91
335 218 997
218 335 997
87 372 93
372 87 93
55 130 875
130 55 875
376 206 525
206 376 525
133 323 836
323 133 836
242 336 922
336 242 922
402 196 20
196 402 20
32 62 97
62 32 97
359 17 319
17 359 319
366 266 602
266 366 602
284 136 131
136 284 131
312 90 964
90 312 964
123 162 981
162 123 981
377 215 302
215 377 302
272 403 604
403 272 604
151 41 133
41 151 133
3 419 507
419 3 507
62 303 148
303 62 148
34 352 277
352 34 277
27 43 139
43 27 139
271 405 997
405 271 997
385 377 891
377 385 891
183 130 359
130 183 359
367 376 491
376 367 491
185 11 773
11 185 773
266 79 277
79 266 277
218 429 716
429 218 716
140 97 887
97 140 887
215 118 613
118 215 613
102 61 4
61 102 4
364 359 212
359 364 212
79 126 691
126 79 691
389 19 130
19 389 130
236 414 551
414 236 551
32 314 326
314 32 326
61 7 178
7 61 178
168 306 680
306 168 680
189 138 963
138 189 963
65 330 751
330 65 751
26 67 724
67 26 724
267 423 358
423 267 358
76 274 361
274 76 361
367 183 992
183 367 992
89 282 292
282 89 292
63 284 67
284 63 67
25 71 116
71 25 116
378 169 97
169 378 97
4 41 732
41 4 732
170 364 432
364 170 432
368 323 549
323 368 549
149 245 810
245 149 810
88 287 70
287 88 70
400 373 997
373 400 997
338 165 52
165 338 52
212 345 883
345 212 883
145 34 739
34 145 739
317 104 128
104 317 128
312 136 729
136 312 729
98 276 155
276 98 155
254 382 312
382 254 312
352 426 528
426 352 528
245 90 425
90 245 425
328 224 208
224 328 208
284 235 99
235 284 99
408 155 124
155 408 124
55 5 477
5 55 477
195 232 171
232 195 171
428 278 238
278 428 238
16 350 612
350 16 612
178 405 71
405 178 71
210 301 217
301 210 217
84 377 223
377 84 223
343 366 196
366 343 196
423 165 133
165 423 133
187 149 563
149 187 563
126 241 654
241 126 654
45 205 615
205 45 615
280 214 934
214 280 934
322 5 819
5 322 819
362 392 645
392 362 645
110 62 29
62 110 29
157 212 787
212 157 787
62 44 718
44 62 718
333 382 998
382 333 998
377 373 220
373 377 220
92 64 217
64 92 217
190 404 146
404 190 146
73 374 483
374 73 483
366 187 282
187 366 282
42 65 296
65 42 296
284 38 755
38 284 755
429 360 918
360 429 918
225 96 898
96 225 898
49 253 629
253 49 629
68 77 508
77 68 508
142 411 636
411 142 636
232 253 235
253 232 235
160 203 943
203 160 943
281 51 496
51 281 496
89 364 529
364 89 529
243 142 756
142 243 756
173 236 118
236 173 118
21 299 327
299 21 327
64 335 77
335 64 77
321 117 861
117 321 861
217 264 302
264 217 302
241 355 434
355 241 434
169 335 755
335 169 755
178 280 36
280 178 36
364 373 78
373 364 78
59 208 677
208 59 677
100 84 192
84 100 192
148 110 501
110 148 501
157 100 599
100 157 599
351 154 439
154 351 439
400 79 216
79 400 216
40 158 142
158 40 142
189 408 433
408 189 433
309 262 39
262 309 39
29 342 481
342 29 481
154 121 698
121 154 698
412 207 948
207 412 948
107 423 506
423 107 506
86 241 43
241 86 43
275 136 699
136 275 699
177 183 88
183 177 88
112 396 266
396 112 266
102 120 263
120 102 263
153 339 812
339 153 812
71 357 243
357 71 243
234 54 695
54 234 695
359 344 970
344 359 970
124 425 530
425 124 530
272 251 665
251 272 665
372 324 13
324 372 13
151 364 723
364 151 723
283 67 785
67 283 785
364 330 994
330 364 994
100 226 830
226 100 830
396 93 635
93 396 635
88 99 108
99 88 108
420 350 276
350 420 276
384 224 591
224 384 591
425 419 592
419 425 592
19 32 725
32 19 725
424 305 847
305 424 847
188 329 355
329 188 355
388 159 652
159 388 652
405 145 927
145 405 927
294 268 668
268 294 668
16 1 794
1 16 794
253 93 738
93 253 738
364 103 893
103 364 893
401 219 463
219 401 463
147 111 783
111 147 783
119 74 592
74 119 592
92 301 132
301 92 132
136 133 732
133 136 732
276 254 546
254 276 546
204 264 305
264 204 305
350 426 664
426 350 664
258 244 242
244 258 242
298 207 268
207 298 268
369 70 86
70 369 86
106 236 460
236 106 460
337 279 989
279 337 989
333 35 53
35 333 53
239 56 789
56 239 789
144 122 636
122 144 636
312 349 479
349 312 479
123 276 761
276 123 761
4 149 164
149 4 164
222 404 273
404 222 273
31 262 394
262 31 394
137 230 202
230 137 202
414 362 271
362 414 271
391 125 135
125 391 135
406 251 274
251 406 274
52 127 15
127 52 15
109 347 267
347 109 267
137 179 881
179 137 881
12 83 673
83 12 673
275 320 317
320 275 317
22 384 737
384 22 737
217 133 420
133 217 420
425 113 985
113 425 985
214 68 255
68 214 255
175 245 738
245 175 738
362 189 177
189 362 177
220 222 362
222 220 362
422 320 419
320 422 419
39 120 108
120 39 108
235 318 820
318 235 820
188 410 98
410 188 98
48 177 537
177 48 537
164 279 670
279 164 670
393 73 402
73 393 402
330 223 98
223 330 98
74 295 691
295 74 691
268 283 174
283 268 174
134 215 539
215 134 539
68 318 684
318 68 684
185 413 0
413 185 0
364 197 95
197 364 95
347 221 345
221 347 345
188 377 248
377 188 248
395 7 585
7 395 585
381 368 558
368 381 558
6 249 409
249 6 409
48 409 4
409 48 4
31 38 742
38 31 742
109 421 557
421 109 557
311 265 796
265 311 796
134 201 104
201 134 104
356 352 295
352 356 295
79 156 251
156 79 251
222 128 700
128 222 700
193 426 169
426 193 169
193 112 264
112 193 264
210 127 171
127 210 171
373 37 851
37 373 851
363 337 574
337 363 574
178 130 983
130 178 983
54 423 317
423 54 317
292 208 786
208 292 786
15 109 262
109 15 262
199 317 235
317 199 235
296 60 608
60 296 608
167 256 857
256 167 857
106 200 435
200 106 435
392 10 8
10 392 8
183 74 993
74 183 993
110 143 290
143 110 290
288 165 321
165 288 321
24 372 873
372 24 873
226 102 478
102 226 478
46 300 925
300 46 925
14 212 279
212 14 279
56 357 190
357 56 190
91 381 331
381 91 331
333 294 381
294 333 381
24 384 807
384 24 807
153 144 691
144 153 691
103 358 104
358 103 104
170 17 529
17 170 529
427 385 202
385 427 202
266 145 974
145 266 974
164 110 339
110 164 339
63 252 33
252 63 33
343 325 913
325 343 913
224 118 976
118 224 976
373 106 12
106 373 12
377 233 208
233 377 208
99 343 134
343 99 134
376 235 736
235 376 736
92 127 687
127 92 687
310 238 628
238 310 628
215 109 80
109 215 80
20 294 557
294 20 557
13 300 761
300 13 761
289 287 936
287 289 936
389 377 631
377 389 631
268 148 782
148 268 782
353 298 428
298 353 428
35 37 526
37 35 526
153 184 65
184 153 65
261 235 354
235 261 354
416 333 422
333 416 422
15 231 660
231 15 660
269 245 655
245 269 655
353 138 289
138 353 289
414 155 567
155 414 567
197 372 445
372 197 445
258 59 689
59 258 689
414 30 408
30 414 408
67 190 441
190 67 441
280 225 941
225 280 941
407 42 993
42 407 993
69 223 615
223 69 615
134 114 560
114 134 560
142 303 428
303 142 428
33 120 661
120 33 661
312 6 354
6 312 354
261 349 449
349 261 449
373 8 67
8 373 67
64 3 339
3 64 339
138 71 24
71 138 24
237 347 159
347 237 159
385 396 912
396 385 912
251 101 794
101 251 794
107 88 965
88 107 965
187 428 234
428 187 234
65 309 10
309 65 10
232 241 933
241 232 933
185 320 691
320 185 691
205 309 296
309 205 296
415 373 318
373 415 318
332 261 163
261 332 163
393 158 917
158 393 917
31 171 119
171 31 119
24 266 750
266 24 750
89 323 817
323 89 817
70 134 400
134 70 400
428 69 839
69 428 839
277 133 778
133 277 778
381 99 61
99 381 61
28 169 728
169 28 728
210 379 225
379 210 225
374 243 316
243 374 316
301 44 386
44 301 386
99 349 41
349 99 41
32 211 947
211 32 947
366 106 7
106 366 7
379 8 59
8 379 59
197 237 44
237 197 44
100 331 888
331 100 888
94 114 664
114 94 664
218 120 142
120 218 142
358 50 574
50 358 574
160 161 104
161 160 104
82 136 66
136 82 66
406 56 676
56 406 676
40 278 840
278 40 840
423 302 443
302 423 443
218 311 484
311 218 484
300 257 513
257 300 513
124 94 552
94 124 552
409 41 875
41 409 875
387 17 870
17 387 870
313 122 133
122 313 133
218 234 518
234 218 518
382 17 900
17 382 900
310 248 96
248 310 96
17 118 387
118 17 387
387 191 936
191 387 936
22 339 715
339 22 715
363 141 401
141 363 401
182 16 579
16 182 579
127 366 156
366 127 156
187 238 870
238 187 870
115 39 752
39 115 752
184 150 517
150 184 517
395 358 8
358 395 8
197 230 758
230 197 758
386 81 214
81 386 214
232 41 190
41 232 190
40 210 501
210 40 501
34 370 682
370 34 682
11 131 989
131 11 989
368 33 142
33 368 142
390 52 939
52 390 939
270 157 832
157 270 832
315 22 204
22 315 204
239 350 513
350 239 513
211 250 148
250 211 148
239 119 328
119 239 328
0 258 118
258 0 118
140 49 706
49 140 706
324 150 818
150 324 818
2 354 105
354 2 105
26 369 950
369 26 950
204 318 365
318 204 365
428 330 339
330 428 339
138 227 34
227 138 34
116 74 549
74 116 549
244 115 818
115 244 818
272 322 47
322 272 47
46 108 740
108 46 740
43 139 664
139 43 664
172 404 792
404 172 792
185 277 232
277 185 232
254 427 881
427 254 881
115 137 183
137 115 183
14 142 948
142 14 948
359 105 649
105 359 649
311 251 204
251 311 204
233 123 607
123 233 607
36 405 292
405 36 292
12 127 694
127 12 694
32 419 5
419 32 5
275 285 621
285 275 621
272 38 176
38 272 176
238 143 597
143 238 597
301 427 202
427 301 202
428 333 556
333 428 556
221 0 464
0 221 464
141 376 460
376 141 460
93 140 984
140 93 984
139 396 354
396 139 354
39 40 789
40 39 789
118 130 428
130 118 428
39 200 491
200 39 491
3 223 697
223 3 697
323 258 824
258 323 824
195 335 910
335 195 910
239 279 782
279 239 782
283 48 682
48 283 682
267 194 766
194 267 766
250 325 775
325 250 775
284 290 157
290 284 157
185 20 390
20 185 390
426 77 983
77 426 983
102 429 658
429 102 658
195 219 258
219 195 258
327 164 955
164 327 955
272 276 2
276 272 2
134 195 189
195 134 189
107 30 256
30 107 256
88 415 262
415 88 262
401 60 431
60 401 431
299 367 745
367 299 745
349 343 475
343 349 475
340 119 619
119 340 619
181 230 258
230 181 258
223 184 384
184 223 384
406 391 23
391 406 23
18 60 526
60 18 526
314 278 432
278 314 432
274 166 671
166 274 671
245 405 739
405 245 739
418 294 424
294 418 424
308 121 974
121 308 974
78 215 729
215 78 729
117 337 30
337 117 30
58 185 829
185 58 829
145 380 358
380 145 358
104 362 536
362 104 536
426 308 761
308 426 761
323 37 921
37 323 921
23 326 189
326 23 189
10 69 772
69 10 772
229 9 364
9 229 364
328 182 440
182 328 440
99 61 99
61 99 99
193 62 620
62 193 620
374 372 131
372 374 131
251 181 866
181 251 866
373 127 158
127 373 158
76 231 978
231 76 978
14 343 349
343 14 349
136 105 740
105 136 740
285 286 793
286 285 793
304 321 944
321 304 944
122 400 403
400 122 403
12 380 665
380 12 665
331 336 314
336 331 314
129 167 143
167 129 143
236 327 956
327 236 956
361 149 45
149 361 45
337 76 482
76 337 482
82 154 536
154 82 536
273 263 643
263 273 643
112 402 138
402 112 138
402 419 82
419 402 82
134 348 942
348 134 942
129 224 934
224 129 934
142 32 337
32 142 337
409 423 639
423 409 639
173 128 313
128 173 313
270 182 594
182 270 594
412 186 789
186 412 789
404 270 772
270 404 772
23 238 414
238 23 414
243 219 93
219 243 93
172 277 966
277 172 966
414 57 685
57 414 685
58 71 148
71 58 148
20 394 210
394 20 210
226 349 643
349 226 643
353 217 274
217 353 274
365 394 140
394 365 140
112 299 371
299 112 371
85 285 829
285 85 829
249 289 251
289 249 251
357 381 999
381 357 999
113 37 348
37 113 348
177 61 509
61 177 509
100 336 549
336 100 549
69 187 455
187 69 455
17 306 178
306 17 178
235 171 323
171 235 323
357 274 957
274 357 957
348 271 730
271 348 730
40 334 387
334 40 387
299 202 335
202 299 335
8 388 876
388 8 876
226 197 193
197 226 193
376 65 309
65 376 309
392 200 173
