54 49 265
49 54 265
67 54 414
54 67 414
38 54 366
54 38 366
78 54 516
54 78 516
17 67 143
67 17 143
12 78 818
78 12 818
34 78 722
78 34 722
20 78 101
78 20 101
9 17 483
17 9 483
14 17 444
17 14 444
47 9 655
9 47 655
31 20 488
20 31 488
68 20 266
20 68 266
7 31 940
31 7 940
1 54 736
54 1 736
64 49 626
49 64 626
41 14 249
14 41 249
60 14 720
14 60 720
73 67 195
67 73 195
77 60 227
60 77 227
22 78 822
78 22 822
46 7 93
7 46 93
6 14 896
14 6 896
45 1 111
1 45 111
28 41 298
41 28 298
66 38 560
38 66 560
32 66 944
66 32 944
53 12 986
12 53 986
59 41 601
41 59 601
27 7 93
7 27 93
62 28 394
28 62 394
33 1 297
1 33 297
18 31 841
31 18 841
19 67 627
67 19 627
75 64 487
64 75 487
5 17 695
17 5 695
15 9 945
9 15 945
3 17 919
17 3 919
69 28 857
28 69 857
65 41 534
41 65 534
35 68 916
68 35 916
79 66 593
66 79 593
39 53 504
53 39 504
50 17 332
17 50 332
16 62 601
62 16 601
51 31 248
31 51 248
2 51 277
51 2 277
23 16 225
16 23 225
30 14 340
14 30 340
40 38 103
38 40 103
71 9 875
9 71 875
61 7 46
7 61 46
76 5 649
5 76 649
52 3 696
3 52 696
8 54 127
54 8 127
63 31 620
31 63 620
57 34 400
34 57 400
10 6 853
6 10 853
13 67 620
67 13 620
0 31 984
31 0 984
26 16 126
16 26 126
70 68 744
68 70 744
11 13 695
13 11 695
4 52 635
52 4 635
24 18 71
18 24 71
36 9 662
9 36 662
42 50 446
50 42 446
29 34 515
34 29 515
56 17 610
17 56 610
25 40 204
40 25 204
48 16 926
16 48 926
74 22 714
22 74 714
58 66 989
66 58 989
21 77 865
77 21 865
43 39 542
39 43 542
55 1 611
1 55 611
44 46 13
46 44 13
72 61 921
61 72 921
37 16 397
16 37 397
33 73 574
73 33 574
54 10 759
10 54 759
14 79 756
79 14 756
17 75 138
75 17 138
27 26 360
26 27 360
72 5 689
5 72 689
16 43 969
43 16 969
37 64 732
64 37 732
69 30 766
30 69 766
76 14 1
14 76 1
55 45 715
45 55 715
79 77 245
77 79 245
53 57 387
57 53 387
74 76 32
76 74 32
71 74 428
74 71 428
17 22 456
22 17 456
20 18 718
18 20 718
77 57 540
57 77 540
70 48 618
48 70 618
49 78 506
78 49 506
35 69 857
69 35 857
13 12 828
12 13 828
76 45 561
45 76 561
14 64 15
64 14 15
71 76 323
76 71 323
49 32 14
32 49 14
49 42 626
42 49 626
31 45 121
45 31 121
44 28 894
28 44 894
3 75 705
75 3 705
6 31 487
31 6 487
40 14 22
14 40 22
75 57 819
57 75 819
7 33 136
33 7 136
36 50 117
50 36 117
73 75 871
75 73 871
67 66 697
66 67 697
18 48 322
48 18 322
51 74 931
74 51 931
17 44 671
44 17 671
11 10 655
10 11 655
8 2 892
2 8 892
29 46 212
46 29 212
23 43 298
43 23 298
54 41 154
41 54 154
19 79 345
79 19 345
2 47 346
47 2 346
37 78 42
78 37 42
19 77 153
77 19 153
21 15 369
15 21 369
40 64 300
64 40 300
7 26 748
26 7 748
27 12 315
12 27 315
46 36 746
36 46 746
9 3 412
3 9 412
79 3 424
3 79 424
68 31 574
31 68 574
26 0 345
0 26 345
39 1 490
1 39 490
7 11 436
11 7 436
78 3 343
3 78 343
73 22 641
22 73 641
74 23 825
23 74 825
47 20 827
20 47 827
14 28 767
28 14 767
53 34 394
34 53 394
54 31 403
31 54 403
48 36 296
36 48 296
57 70 807
70 57 807
21 32 433
32 21 433
14 2 225
2 14 225
18 21 795
21 18 795
22 8 196
8 22 196
16 7 65
7 16 65
38 42 462
42 38 462
28 1 509
1 28 509
40 33 212
33 40 212
17 32 638
32 17 638
60 68 202
68 60 202
10 23 370
23 10 370
56 73 107
73 56 107
55 70 151
70 55 151
74 52 898
52 74 898
36 11 695
11 36 695
35 11 510
11 35 510
28 56 624
56 28 624
53 54 348
54 53 348
65 35 36
35 65 36
42 60 895
60 42 895
33 44 802
44 33 802
73 23 596
23 73 596
15 0 67
0 15 67
14 36 889
36 14 889
17 20 230
20 17 230
64 17 307
17 64 307
54 57 338
57 54 338
77 73 889
73 77 889
10 2 517
2 10 517
23 42 514
42 23 514
78 58 92
58 78 92
36 55 78
55 36 78
52 66 296
66 52 296
29 55 427
55 29 427
26 30 622
30 26 622
43 59 871
59 43 871
67 49 758
49 67 758
6 3 519
3 6 519
74 33 340
33 74 340
20 11 880
11 20 880
18 3 791
3 18 791
61 30 829
30 61 829
30 34 167
34 30 167
64 27 293
27 64 293
79 34 964
34 79 964
78 26 427
26 78 427
60 70 911
70 60 911
44 14 689
14 44 689
73 16 421
16 73 421
78 72 477
72 78 477
30 10 48
10 30 48
31 73 20
73 31 20
78 55 632
55 78 632
64 35 107
35 64 107
25 50 199
50 25 199
30 70 113
70 30 113
34 72 717
72 34 717
13 72 647
72 13 647
39 37 303
37 39 303
64 30 818
30 64 818
15 1 531
1 15 531
45 78 800
78 45 800
40 63 380
63 40 380
45 10 365
10 45 365
9 70 261
70 9 261
38 36 682
36 38 682
74 58 896
58 74 896
32 59 95
59 32 95
4 42 430
42 4 430
4 69 968
69 4 968
7 60 436
60 7 436
74 14 958
14 74 958
68 76 64
76 68 64
31 76 792
76 31 792
73 38 810
38 73 810
57 8 702
8 57 702
76 38 508
38 76 508
35 33 80
33 35 80
16 9 124
9 16 124
16 38 353
38 16 353
50 46 10
46 50 10
59 51 72
51 59 72
55 60 212
60 55 212
49 66 674
66 49 674
1 49 300
49 1 300
2 38 955
38 2 955
44 59 879
59 44 879
60 6 464
6 60 464
7 50 724
50 7 724
18 64 28
64 18 28
66 51 343
51 66 343
0 25 651
25 0 651
35 6 607
6 35 607
14 68 546
68 14 546
21 69 160
69 21 160
23 60 968
60 23 968
64 53 323
53 64 323
24 62 242
62 24 242
6 15 381
15 6 381
76 17 881
17 76 881
64 55 21
55 64 21
40 9 719
9 40 719
9 64 430
64 9 430
3 25 426
25 3 426
60 43 432
43 60 432
3 16 86
16 3 86
62 63 647
63 62 647
2 42 59
42 2 59
23 61 8
61 23 8
76 35 451
35 76 451
66 2 300
2 66 300
0 47 973
47 0 973
6 68 283
68 6 283
7 48 620
48 7 620
73 57 950
57 73 950
71 6 786
6 71 786
76 8 178
8 76 178
62 10 348
10 62 348
36 60 363
60 36 363
13 47 494
47 13 494
66 15 1
15 66 1
57 37 473
37 57 473
49 3 117
3 49 117
3 56 623
56 3 623
73 52 723
52 73 723
0 11 778
11 0 778
59 56 780
56 59 780
71 75 647
75 71 647
67 1 276
1 67 276
17 49 262
49 17 262
40 42 911
42 40 911
21 40 455
40 21 455
68 33 362
33 68 362
5 28 609
28 5 609
14 78 72
78 14 72
18 69 546
69 18 546
39 42 880
42 39 880
62 77 69
77 62 69
76 15 289
15 76 289
36 41 587
41 36 587
36 66 544
66 36 544
68 61 978
61 68 978
56 71 759
71 56 759
75 15 452
15 75 452
2 74 643
74 2 643
41 77 126
77 41 126
1 23 410
23 1 410
43 13 142
13 43 142
48 3 362
3 48 362
0 76 223
76 0 223
26 70 711
70 26 711
4 65 504
65 4 504
34 63 307
63 34 307
60 11 53
11 60 53
37 32 26
32 37 26
16 0 400
0 16 400
54 42 68
42 54 68
14 49 369
49 14 369
17 7 635
7 17 635
49 19 894
19 49 894
15 59 144
59 15 144
58 5 195
5 58 195
68 8 471
8 68 471
79 30 172
30 79 172
79 76 663
76 79 663
8 60 458
60 8 458
60 65 132
65 60 132
66 6 454
6 66 454
50 30 437
30 50 437
70 53 814
53 70 814
28 63 962
63 28 962
66 43 727
43 66 727
12 30 34
30 12 34
59 14 891
14 59 891
6 51 58
51 6 58
46 59 625
59 46 625
3 72 88
72 3 88
24 5 789
5 24 789
16 61 469
61 16 469
12 36 681
36 12 681
25 8 594
8 25 594
10 70 260
70 10 260
0 32 345
32 0 345
19 17 44
17 19 44
12 77 358
77 12 358
49 15 670
15 49 670
49 41 65
41 49 65
52 53 993
53 52 993
44 40 571
40 44 571
53 10 197
10 53 197
39 44 104
44 39 104
44 65 330
65 44 330
29 10 914
10 29 914
35 38 534
38 35 534
17 45 377
45 17 377
14 66 890
66 14 890
42 45 857
45 42 857
28 33 688
33 28 688
3 69 529
69 3 529
30 33 493
33 30 493
50 27 45
27 50 45
69 25 74
25 69 74
54 11 741
11 54 741
63 12 939
12 63 939
61 11 471
11 61 471
63 1 87
1 63 87
14 27 101
27 14 101
73 61 905
61 73 905
32 63 627
63 32 627
9 52 572
52 9 572
40 17 981
17 40 981
6 62 501
62 6 501
53 75 956
75 53 956
16 65 445
65 16 445
68 48 921
48 68 921
5 56 807
56 5 807
28 15 796
15 28 796
63 24 619
24 63 619
13 29 649
29 13 649
18 19 237
19 18 237
67 72 802
72 67 802
31 46 750
46 31 750
76 62 223
62 76 223
5 49 759
49 5 759
29 24 438
24 29 438
12 1 393
1 12 393
19 1 994
1 19 994
74 16 235
16 74 235
56 53 757
53 56 757
27 20 530
20 27 530
69 59 382
59 69 382
26 5 596
5 26 596
22 41 829
41 22 829
54 25 516
25 54 516
35 51 599
51 35 599
38 64 897
64 38 897
40 73 999
73 40 999
46 24 78
24 46 78
41 66 800
66 41 800
11 74 785
74 11 785
32 27 750
27 32 750
64 59 778
59 64 778
30 16 623
16 30 623
43 64 644
64 43 644
11 68 630
68 11 630
38 55 367
55 38 367
70 69 12
69 70 12
53 48 668
48 53 668
77 11 828
11 77 828
26 56 321
56 26 321
14 18 140
18 14 140
44 71 720
71 44 720