108 98 265
98 108 265
126 108 940
108 126 940
101 108 991
108 101 991
61 126 597
126 61 597
118 108 516
108 118 516
17 126 143
126 17 143
99 98 633
98 99 633
107 61 931
61 107 931
70 126 317
126 70 317
12 108 920
108 12 920
117 12 338
12 117 338
63 107 103
107 63 103
47 17 323
17 47 323
84 12 934
12 84 934
28 107 488
107 28 488
60 107 63
107 60 63
119 98 95
98 119 95
104 63 727
63 104 727
123 98 626
98 123 626
71 12 249
12 71 249
109 12 720
12 109 720
8 17 939
17 8 939
82 99 244
99 82 244
125 61 822
61 125 822
79 84 93
84 79 93
11 12 896
12 11 896
76 28 111
28 76 111
43 119 298
119 43 298
113 101 560
101 113 560
49 11 944
11 49 944
86 17 986
17 86 986
95 104 455
104 95 455
14 125 324
125 14 324
92 28 297
28 92 297
29 63 841
63 29 841
30 126 627
126 30 627
115 60 487
60 115 487
9 118 695
118 9 695
22 70 945
70 22 945
4 118 919
118 4 919
94 79 857
79 94 857
91 119 534
119 91 534
41 47 916
47 41 916
111 11 593
11 111 593
50 43 504
43 50 504
128 111 938
111 128 938
64 118 332
118 64 332
122 99 498
99 122 498
116 4 343
4 116 343
35 28 16
28 35 16
51 99 722
99 51 722
40 82 813
82 40 813
32 109 436
109 32 436
10 17 801
17 10 801
27 10 714
10 27 714
46 126 836
126 46 836
120 9 696
9 120 696
16 108 127
108 16 127
42 9 850
9 42 850
25 79 93
79 25 93
81 32 118
32 81 118
5 9 22
9 5 22
48 81 993
81 48 993
45 28 490
28 45 490
55 99 959
99 55 959
2 10 635
10 2 635
15 14 71
14 15 71
33 70 662
70 33 662
44 111 446
111 44 446
24 99 515
99 24 515
68 118 610
118 68 610
18 35 204
35 18 204
39 50 926
50 39 926
103 25 858
25 103 858
85 109 714
109 85 714
100 11 989
11 100 989
121 99 807
99 121 807
102 71 865
71 102 865
26 41 542
41 26 542
53 28 611
28 53 611
74 8 13
8 74 13
78 40 921
40 78 921
93 55 939
55 93 939
58 93 365
93 58 365
69 58 256
58 69 256
23 68 707
68 23 707
0 16 759
16 0 759
19 91 756
91 19 756
6 44 287
44 6 287
36 49 780
49 36 780
97 50 624
50 97 624
67 23 367
23 67 367
37 97 317
97 37 317
88 32 848
32 88 848
21 98 608
98 21 608
59 6 342
6 59 342
56 49 228
49 56 228
114 122 727
122 114 727
124 23 581
23 124 581
112 32 32
32 112 32
65 6 581
6 65 581
72 114 678
114 72 678
105 118 169
118 105 169
75 107 265
107 75 265
110 71 457
71 110 457
83 5 929
5 83 929
89 121 773
121 89 773
1 61 506
61 1 506
62 22 857
22 62 857
87 17 828
17 87 828
80 125 561
125 80 561
13 89 742
89 13 742
34 108 411
108 34 411
106 4 3
4 106 3
31 108 734
108 31 734
127 98 842
98 127 842
90 15 626
15 90 626
7 125 121
125 7 121
96 93 203
93 96 203
54 29 705
29 54 705
38 63 487
63 38 487
77 53 83
53 77 83
3 29 935
29 3 935
66 72 811
72 66 811
20 87 262
87 20 262
57 93 533
93 57 533
129 78 355
78 129 355
52 22 285
22 52 285
73 12 41
12 73 41
40 2 571
2 40 571
53 37 960
37 53 960
12 57 729
57 12 729
90 80 381
80 90 381
50 32 384
32 50 384
103 126 141
126 103 141
9 44 341
44 9 341
23 88 735
88 23 735
82 23 798
23 82 798
70 12 276
12 70 276
94 9 597
9 94 597
103 67 404
67 103 404
14 85 117
85 14 117
77 81 956
81 77 956
63 102 183
102 63 183
104 121 412
121 104 412
58 100 424
100 58 424
76 79 574
79 76 574
3 38 345
38 3 345
0 86 490
86 0 490
113 129 436
129 113 436
70 121 343
121 70 343
22 91 641
91 22 641
59 8 67
8 59 67
109 35 767
35 109 767
46 28 394
28 46 394
126 79 403
79 126 403
103 106 942
106 103 942
20 27 433
27 20 433
109 88 225
88 109 225
2 91 441
91 2 441
116 97 117
97 116 117
60 99 924
99 60 924
31 51 121
51 31 121
129 65 262
65 129 262
32 12 970
12 32 970
27 115 107
115 27 107
35 90 387
90 35 387
67 9 107
9 67 107
66 115 577
115 66 577
105 1 898
1 105 898
57 78 853
78 57 853
129 51 555
51 129 555
46 0 722
0 46 722
74 78 36
78 74 36
115 55 617
55 115 617
22 56 596
56 22 596
85 54 67
54 85 67
109 60 230
60 109 230
14 12 307
12 14 307
101 106 338
106 101 338
94 90 991
90 94 991
21 73 391
73 21 391
52 107 587
107 52 587
82 123 764
123 82 764
62 40 296
40 62 296
83 3 865
3 83 865
124 42 871
42 124 871
118 98 758
98 118 758
128 121 519
121 128 519
55 69 67
69 55 67
57 15 965
15 57 965
121 75 393
75 121 393
114 28 167
28 114 167
95 81 293
81 95 293
69 84 964
84 69 964
70 3 427
3 70 427
30 20 911
20 30 911
71 9 829
9 71 829
36 110 36
110 36 36
96 114 469
114 96 469
63 79 482
79 63 482
9 107 612
107 9 612
14 78 107
78 14 107
19 116 392
116 19 392
20 43 902
43 20 902
28 96 629
96 28 629
23 86 992
86 23 992
85 95 981
95 85 981
124 85 938
85 124 938
86 122 39
122 86 39
112 34 380
34 112 380
122 127 365
127 122 365
123 117 923
117 123 923
12 66 261
66 12 261
17 27 235
27 17 235
82 52 715
52 82 715
89 73 312
73 89 312
113 115 436
115 113 436
1 109 958
109 1 958
11 83 64
83 11 64
79 83 792
83 79 792
22 99 810
99 22 810
106 87 702
87 106 702
83 99 508
99 83 508
93 45 80
45 93 80
36 104 124
104 36 124
97 99 353
99 97 353
6 50 10
50 6 10
42 37 72
37 42 72
30 32 3
32 30 3
40 86 765
86 40 765
108 85 377
85 108 377
17 42 879
42 17 879
30 64 464
64 30 464
43 77 352
77 43 352
2 14 28
14 2 28
32 67 343
67 32 343
38 103 303
103 38 303
93 64 607
64 93 607
71 11 546
11 71 546
102 4 385
4 102 385
115 95 823
95 115 823
120 53 520
53 120 520
5 25 772
25 5 772
64 103 381
103 64 381
89 117 881
117 89 881
14 118 403
118 14 403
123 104 135
104 123 135
89 100 563
100 89 563
83 30 605
30 83 605
1 100 652
100 1 652
36 109 254
109 36 254
34 88 652
88 34 652
84 59 418
59 84 418
126 83 985
83 126 985
78 13 208
13 78 208
21 85 975
85 21 975
54 82 973
82 54 973
64 76 283
76 64 283
43 22 814
22 43 814
106 72 189
72 106 189
89 87 178
87 89 178
48 127 348
127 48 348
30 36 473
36 30 473
8 3 773
3 8 773
40 85 1
85 40 1
106 7 7
7 106 7
27 100 117
100 27 117
121 22 434
22 121 434
54 129 778
129 54 778
42 105 286
105 42 286
118 49 276
49 118 276
12 98 262
98 12 262
65 34 104
34 65 104
45 36 290
36 45 290
35 70 72
70 35 72
15 102 546
102 15 546
0 49 542
49 0 542
48 94 69
94 48 69
83 103 289
103 83 289
92 32 544
32 92 544
11 110 978
110 11 978
105 68 299
68 105 299
34 21 581
21 34 581
29 4 126
4 29 126
49 72 605
72 49 605
96 29 573
29 96 573
100 36 647
36 100 647
38 83 223
83 38 223
77 20 711
20 77 711
52 74 504
74 52 504
28 34 307
34 28 307
30 57 53
57 30 53
27 36 482
36 27 482
112 126 866
126 112 866
119 71 702
71 119 702
65 108 369
108 65 369
12 113 635
113 12 635
98 44 894
44 98 894
103 16 144
16 103 144
39 122 107
122 39 107
80 58 393
58 80 393
41 58 431
58 41 431
80 115 458
115 80 458
115 53 132
53 115 132
32 64 454
64 32 454
6 124 437
124 6 437
20 124 747
124 20 747
46 35 449
35 46 449
40 63 927
63 40 927
124 107 239
107 124 239
109 64 372
64 109 372
84 111 238
111 84 238
100 8 721
8 100 721
18 36 421
36 18 421
90 47 647
47 90 647
87 127 501
127 87 501
55 38 220
38 55 220
23 33 43
33 23 43
117 47 166
47 117 166
6 98 296
98 6 296
108 29 65
29 108 65
62 46 993
46 62 993
65 46 464
46 65 464
116 23 622
23 116 622
11 109 813
109 11 813
74 127 914
127 74 914
93 99 534
99 93 534
117 122 377
122 117 377
71 32 890
32 71 890
19 122 857
122 19 857
51 45 688
45 51 688
121 26 529
26 121 529
114 55 493
55 114 493
19 81 45
81 19 45
102 104 9
104 102 9
90 57 741
57 90 741
13 63 939
63 13 939
110 57 471
57 110 471
13 49 87
49 13 87
71 81 101
81 71 101
22 110 905
110 22 905
10 13 627
13 10 627
123 62 572
62 123 572
112 12 981
12 112 981
128 48 501
48 128 501
46 95 860
95 46 860
68 36 327
36 68 327
80 76 570
76 80 570
39 51 728
51 39 728
85 34 526
34 85 526
7 2 279
2 7 279
42 61 121
61 42 121
79 111 750
111 79 750
83 48 223
48 83 223
18 108 759
108 18 759
62 63 124
63 62 124
114 44 121
44 114 121
97 16 691
16 97 691
18 46 757
46 18 757
81 60 530
60 81 530
102 93 239
93 102 239
21 77 293
77 21 293
41 29 829
29 41 829
101 73 335
73 101 335
37 17 831
17 37 831
14 65 158
65 14 158
50 123 138
123 50 138
40 129 583
129 40 583
10 25 750
25 10 750
14 42 778
42 14 778
114 36 623
36 114 623
14 129 922
129 14 922
76 17 539
17 76 539
97 20 466
20 97 466
26 101 981
101 26 981
46 94 676
94 46 676
57 3 559
3 57 559
53 71 265
71 53 265
29 72 720
72 29 720
122 74 804
74 122 804
103 114 966
114 103 966
28 32 39
32 28 39
53 48 351
48 53 351
13 120 266
120 13 266
19 94 312
94 19 312
61 97 587
97 61 587
84 9 361
9 84 361
118 20 642
20 118 642
28 17 247
17 28 247
117 101 231
101 117 231
93 119 840
119 93 840
28 19 995
19 28 995
1 92 913
92 1 913
27 106 445
106 27 445
30 97 319
97 30 319
50 58 745
58 50 745
75 56 9
56 75 9
75 15 546
15 75 546
7 12 578
12 7 578
86 75 976
75 86 976
124 41 3
41 124 3
52 29 636
29 52 636
115 71 337
71 115 337
25 50 252
50 25 252
118 41 760
41 118 760
41 71 437
71 41 437
11 90 727
90 11 727
9 12 258
12 9 258
0 59 27
59 0 27
70 129 91
129 70 91
97 103 687
103 97 687
9 90 241
90 9 241
73 97 166
97 73 166
105 23 276
23 105 276
57 112 15
112 57 15
26 39 563
39 26 563
54 107 791
107 54 791
15 70 466
70 15 466
65 49 413
49 65 413
19 57 52
57 19 52
118 44 757
44 118 757
107 55 697
55 107 697
103 32 780
32 103 780
0 114 854
114 0 854
45 32 118
32 45 118
58 5 600
5 58 600
36 94 938
94 36 938
22 58 866
58 22 866
126 47 578
47 126 578
22 19 371
19 22 371
103 85 330
85 103 330
57 105 615
105 57 615
87 41 1
41 87 1
30 117 452
117 30 452
95 0 951
0 95 951
126 77 931
77 126 931
55 122 71
122 55 71
1 68 972
68 1 972
111 41 64
41 111 64
4 43 964
43 4 964
73 114 772
114 73 772
80 33 318
33 80 318
18 101 438
101 18 438
68 2 550
2 68 550
74 0 194
0 74 194
87 30 865
30 87 865
108 22 803
22 108 803
114 67 475
67 114 475
70 110 651
110 70 651
16 61 370
61 16 370
4 36 642
36 4 642
129 61 748
61 129 748
48 24 189
24 48 189
89 123 586
123 89 586
106 25 761
25 106 761
31 79 980
79 31 980
122 91 451
91 122 451
60 62 649
62 60 649
65 44 258
44 65 258
80 97 624
97 80 624
93 82 314
82 93 314
99 57 11
57 99 11
45 65 395
65 45 395
80 124 713
124 80 713
70 96 363
96 70 363
95 68 335
68 95 335
17 65 485
65 17 485
92 12 83
12 92 83
19 67 4
67 19 4
119 122 734
122 119 734
43 54 44
54 43 44
53 17 322
17 53 322
112 95 783
95 112 783
24 75 686
75 24 686
30 115 413
115 30 413
102 28 166
28 102 166
95 92 932
92 95 932
3 117 747
117 3 747
117 124 972
124 117 972
128 19 819
19 128 819
109 71 573
71 109 573
111 15 206
15 111 206
2 93 717
93 2 717
45 2 529
2 45 529
127 22 774
22 127 774
106 22 39
22 106 39
50 107 917
107 50 917
53 104 197
104 53 197
127 81 831
81 127 831
90 4 726
4 90 726
69 92 487
92 69 487
84 109 840
109 84 840
0 98 832
98 0 832
71 62 622
62 71 622
36 31 343
31 36 343
59 67 861
67 59 861
49 92 324
92 49 324
118 128 751
128 118 751
95 61 345
61 95 345
116 117 423
117 116 423
28 26 815
26 28 815
124 47 614
47 124 614
41 97 940
97 41 940
123 75 55
75 123 55
13 36 618
36 13 618
55 26 576
26 55 576
127 110 185
110 127 185
99 127 821
127 99 821
15 122 972
122 15 972
124 60 366
60 124 366
125 86 26
86 125 26
6 118 181
118 6 181
105 101 330
101 105 330
127 57 487
57 127 487
71 47 548
47 71 548
72 15 28
15 72 28
125 71 341
71 125 341
97 79 482
79 97 482
107 22 930
22 107 930
39 70 0
70 39 0
59 23 160
23 59 160
115 94 178
94 115 178
4 5 965
5 4 965
58 17 494
17 58 494
65 117 231
117 65 231
81 18 336
18 81 336
41 25 360
25 41 360
120 94 899
94 120 899
89 7 372
7 89 372
29 114 578
114 29 578
101 94 952
94 101 952
108 124 735
124 108 735
111 9 19
9 111 19
17 78 522
78 17 522
98 70 48
70 98 48
43 115 797
115 43 797
22 17 428
17 22 428
80 69 728
69 80 728
48 29 372
29 48 372
27 72 74
72 27 74
14 75 579
75 14 579
6 125 441
125 6 441
80 5 482
5 80 482
56 120 938
120 56 938
65 81 660
81 65 660
3 65 942
65 3 942
119 45 282
45 119 282
21 118 618
118 21 618
38 25 282
25 38 282
12 78 888
78 12 888
112 76 547
76 112 547
63 30 730
30 63 730
112 17 786
17 112 786
89 112 443
112 89 443
11 7 165
7 11 165
41 0 485
0 41 485
110 4 604
4 110 604
18 52 115
52 18 115
88 19 146
19 88 146
97 38 645
38 97 645
47 35 898
35 47 898
55 50 740
50 55 740
93 85 389
85 93 389
12 103 564
103 12 564
87 107 698
107 87 698
110 33 384
33 110 384
32 19 137
19 32 137
14 43 627
43 14 627
97 91 31
91 97 31
87 65 474
65 87 474
123 1 557
1 123 557
29 22 212
22 29 212
91 16 30
16 91 30
92 57 365
57 92 365
39 69 700
69 39 700
49 75 791
75 49 791
15 4 350
4 15 350
52 58 545
58 52 545
115 59 757
59 115 757
102 25 901
25 102 901
59 19 399
19 59 399
54 102 987
102 54 987
75 79 699
79 75 699
22 115 5
115 22 5
76 40 610
40 76 610
43 33 705
33 43 705
41 59 87
59 41 87
70 113 913
113 70 913
67 3 325
3 67 325
76 31 377
31 76 377
45 66 831
66 45 831
16 4 575
4 16 575
123 41 26
41 123 26
91 75 622
75 91 622
32 13 725
13 32 725
105 15 21
15 105 21
92 124 175
124 92 175
13 47 938
47 13 938
59 105 342
105 59 342
42 73 894
73 42 894
127 12 491
12 127 491
11 33 853
33 11 853
73 20 564
20 73 564
112 38 271
38 112 271
128 16 553
16 128 553
37 4 309
4 37 309
30 127 70
127 30 70
119 77 402
77 119 402
75 82 271
82 75 271
3 16 834
16 3 834
43 85 144
85 43 144
67 125 141
125 67 141
84 29 600
29 84 600
35 108 33
108 35 33
105 20 731
20 105 731
76 38 572
38 76 572
19 0 893
0 19 893
125 108 247
108 125 247
16 129 858
129 16 858
26 24 230
24 26 230
126 57 363
57 126 363
0 82 79
82 0 79
102 1 231
1 102 231
88 56 881
56 88 881
115 42 294
42 115 294
51 3 675
3 51 675
97 18 393
18 97 393
14 49 410
49 14 410
36 52 889
52 36 889
54 16 671
16 54 671
21 97 442
97 21 442
68 97 996
97 68 996
72 18 887
18 72 887
11 77 925
77 11 925
103 49 456
49 103 456
22 5 761
5 22 761
64 23 511
23 64 511
16 43 697
43 16 697
114 124 475
124 114 475
7 46 691
46 7 691
72 52 318
52 72 318
66 42 322
42 66 322
98 82 483
82 98 483
74 112 912
112 74 912
16 87 49
87 16 49
12 75 95
75 12 95
15 51 742
51 15 742
93 50 115
50 93 115
128 37 28
37 128 28
42 117 8
117 42 8
56 108 132
108 56 132
113 51 83
51 113 83
96 35 868
35 96 868
98 83 68
83 98 68
50 42 232
42 50 232
83 56 486
56 83 486
98 80 215
80 98 215
56 12 630
12 56 630
33 99 596
99 33 596
19 23 693
23 19 693
127 92 610
92 127 610
82 45 967
45 82 967
11 44 24
44 11 24
30 92 388
92 30 388
32 74 206
74 32 206
89 52 123
52 89 123
76 86 521
86 76 521
106 54 182
54 106 182
127 23 131
23 127 131
83 55 386
55 83 386
71 73 343
73 71 343
42 127 254
127 42 254
6 3 793
3 6 793
110 17 457
17 110 457
108 105 981
105 108 981
106 120 439
120 106 439
81 45 488
45 81 488
38 30 233
30 38 233
13 18 368
18 13 368
66 9 992
9 66 992
8 122 307
122 8 307
86 28 158
28 86 158
0 70 342
70 0 342
94 96 399
96 94 399
122 110 508
110 122 508
116 91 400
91 116 400
63 23 908
23 63 908
122 93 187
93 122 187
80 9 648
9 80 648
57 10 612
10 57 612
13 107 248
107 13 248
66 74 569
74 66 569
35 98 44
98 35 44
28 5 453
5 28 453
120 76 882
76 120 882
1 39 906
39 1 906
23 57 701
57 23 701
116 94 381
94 116 381
97 13 400
13 97 400
13 74 866
74 13 866
96 119 150
119 96 150
46 113 769
113 46 769
22 112 973
112 22 973
7 32 913
32 7 913
88 117 21
117 88 21
105 32 89
32 105 89
110 32 648
32 110 648
108 92 543
92 108 543
20 26 389
26 20 389
60 71 619
71 60 619
57 101 208
101 57 208
89 67 319
67 89 319
109 118 785
118 109 785
81 99 602
99 81 602
88 22 476
22 88 476
2 43 607
43 2 607
106 68 899
68 106 899
46 56 393
56 46 393
73 23 233
23 73 233
15 8 45
8 15 45
22 53 641
53 22 641
66 60 978
60 66 978
77 80 327
80 77 327
114 17 119
17 114 119
80 92 779
92 80 779
30 99 121
99 30 121
87 48 32
48 87 32
44 15 393
15 44 393
113 19 298
19 113 298
21 122 762
122 21 762
28 23 527
23 28 527
101 118 652
118 101 652
2 58 140
58 2 140
19 79 628
79 19 628
83 119 257
119 83 257
11 123 881
123 11 881
95 66 35
66 95 35
120 19 99
19 120 99
27 50 710
50 27 710
16 72 206
72 16 206
13 6 161
6 13 161
33 6 997
6 33 997
51 27 476
27 51 476
53 95 283
95 53 283
98 109 676
109 98 676
93 78 35
78 93 35
109 101 299
101 109 299
113 91 728
91 113 728
24 51 525
51 24 525
19 106 91
106 19 91
83 52 544
52 83 544
75 71 607
71 75 607
7 78 178
78 7 178
85 81 643
81 85 643
80 39 32
39 80 32
118 126 653
126 118 653
33 123 891
123 33 891
53 74 560
74 53 560
39 63 802
63 39 802
48 2 611
2 48 611
84 124 428
124 84 428
68 120 259
120 68 259
53 20 910
20 53 910
106 86 433
86 106 433
21 41 533
41 21 533
47 42 723
42 47 723
77 114 31
114 77 31
81 102 100
102 81 100
128 95 983
95 128 983
13 101 914
101 13 914
67 110 127
110 67 127
48 129 288
129 48 288
33 105 441
105 33 441
54 84 168
84 54 168
97 51 255
51 97 255
9 46 818
46 9 818
121 115 190
115 121 190
45 17 185
17 45 185
42 83 947
83 42 947
4 95 902
95 4 902
41 48 536
48 41 536
100 118 739
118 100 739
90 51 63
51 90 63
110 91 390
91 110 390
73 124 217
124 73 217
114 57 105
57 114 105
95 8 545
8 95 545
126 71 10
71 126 10
5 65 461
65 5 461
24 110 996
110 24 996
19 65 264
65 19 264
123 4 600
4 123 600
5 32 878
32 5 878
117 119 709
119 117 709
106 48 461
48 106 461
92 103 13
103 92 13
115 6 682
6 115 682
97 100 513
100 97 513
45 92 23
92 45 23
77 51 623
51 77 623
65 23 484
23 65 484
121 13 142
13 121 142
38 85 960
85 38 960
58 6 873
6 58 873
56 65 592
65 56 592
72 100 690
100 72 690
25 122 441
122 25 441
27 15 526
15 27 526
91 29 827
29 91 827
73 38 939
38 73 939
0 2 443
2 0 443
121 127 928
127 121 928
47 116 991
116 47 991
55 90 707
90 55 707
119 61 206
61 119 206
11 55 812
55 11 812
98 27 962
27 98 962
64 111 928
111 64 928
67 33 9
33 67 9
61 118 622
118 61 622
91 26 985
26 91 985
25 112 842
112 25 842
129 67 878
67 129 878
36 8 596
8 36 596
87 113 716
113 87 716
17 111 14
111 17 14
44 36 756
36 44 756
32 114 201
114 32 201
74 64 814
64 74 814
50 129 673
129 50 673
9 73 417
73 9 417
16 98 55
98 16 55
80 107 661
107 80 661
92 52 87
52 92 87
89 26 339
26 89 339
122 28 347
28 122 347
29 53 672
53 29 672
24 66 1000
66 24 1000
3 58 276
58 3 276
123 90 823
90 123 823
4 76 524
76 4 524
2 105 622
105 2 622
106 89 687
89 106 687
4 89 784
89 4 784
95 43 598
43 95 598
43 64 764
64 43 764
3 85 702
85 3 702
79 1 268
1 79 268
24 43 650
43 24 650
97 123 8
123 97 8
12 101 997
101 12 997
29 86 417
86 29 417
114 3 907
3 114 907
17 29 87
29 17 87
112 120 49
120 112 49
32 99 48
99 32 48
72 14 573
14 72 573
100 75 414
75 100 414
84 106 899
106 84 899
115 32 602
32 115 602
41 8 590
8 41 590
54 39 274
39 54 274
45 10 412
10 45 412
126 119 897
119 126 897
126 18 158
18 126 158
30 73 137
73 30 137
113 69 6
69 113 6
78 115 338
115 78 338
60 8 381
8 60 381
32 31 339
31 32 339
66 54 548
54 66 548
109 53 449
53 109 449
114 105 555
105 114 555
77 62 531
62 77 531
104 46 147
46 104 147
72 53 151
53 72 151
104 30 159
30 104 159
107 114 660
114 107 660
113 119 536
119 113 536
33 121 360
121 33 360
77 72 605
72 77 605
74 96 524
96 74 524
19 42 795
42 19 795
52 70 742
70 52 742
114 37 350
37 114 350
108 48 588
48 108 588
123 38 113
38 123 113
88 80 784
80 88 784
5 17 531
17 5 531
73 43 997
43 73 997
12 97 40
97 12 40
37 0 275
0 37 275
66 3 774
3 66 774
89 98 830
98 89 830
25 77 760
77 25 760
19 117 779
117 19 779
77 91 853
91 77 853
114 39 701
39 114 701
3 10 935
10 3 935
17 127 638
127 17 638
111 34 322
34 111 322
93 87 581
87 93 581
30 62 400
62 30 400
25 88 390
88 25 390
85 10 261
10 85 261
81 21 964
21 81 964
127 25 613
25 127 613
23 115 329
115 23 329
5 30 864
30 5 864
55 111 549
111 55 549
113 106 491
106 113 491
40 128 614
128 40 614
97 48 726
48 97 726
8 129 926
129 8 926
32 85 399
85 32 399
44 51 362
51 44 362
75 53 748
53 75 748
118 117 196
117 118 196
35 94 867
94 35 867
90 71 256
71 90 256
52 39 705
39 52 705
66 89 833
89 66 833
53 114 55
114 53 55
113 28 342
28 113 342
4 33 629
33 4 629
13 26 561
26 13 561
83 21 225
21 83 225
8 71 997
71 8 997
82 73 17
73 82 17
58 125 922
125 58 922
25 118 42
118 25 42
125 26 93
26 125 93
112 35 284
35 112 284
85 4 930
4 85 930
64 120 140
120 64 140
14 16 264
16 14 264
57 121 148
121 57 148
44 40 80
40 44 80
92 75 997
75 92 997
128 35 891
35 128 891
61 6 550
6 61 550
77 95 773
95 77 773
44 71 919
71 44 919
68 46 4
46 68 4
30 98 428
98 30 428
95 12 515
12 95 515
74 46 685
46 74 685
111 127 324
127 111 324
34 42 963
42 34 963
24 122 102
122 24 102
6 20 278
20 6 278
36 39 565
39 36 565
112 60 179
60 112 179
59 113 977
113 59 977
125 29 732
29 125 732
90 30 432
30 90 432
2 116 779
116 2 779
50 119 271
119 50 271
13 93 385
93 13 385
47 19 853
19 47 853
124 95 790
95 124 790
9 102 631
102 9 631
34 83 215
83 34 215
96 40 400
40 96 400
8 125 548
125 8 548
72 86 518
86 72 518
96 91 33
91 96 33
51 42 246
42 51 246
125 59 416
59 125 416
119 10 538
10 119 538
35 27 503
27 35 503
82 116 946
116 82 946
79 14 618
14 79 618
116 87 615
87 116 615
65 15 688
15 65 688
54 99 359
99 54 359
19 40 718
40 19 718
107 35 451
35 107 451
27 108 146
108 27 146
25 54 93
54 25 93
24 103 401
103 24 401
58 8 629
8 58 629
86 129 379
129 86 379
8 16 881
16 8 881
92 81 877
81 92 877
61 66 289
66 61 289
30 88 756
88 30 756
115 74 699
74 115 699
123 67 925
67 123 925
116 51 302
51 116 302
1 59 404
59 1 404
70 30 451
30 70 451
123 39 644
39 123 644
22 122 850
122 22 850
20 22 599
22 20 599
9 62 271
62 9 271
10 113 964
113 10 964
4 34 938
34 4 938
1 50 859
50 1 859
70 100 768
100 70 768
54 109 698
109 54 698
37 79 103
79 37 103
57 5 532
5 57 532
12 99 881
99 12 881
8 96 841
96 8 841
2 55 719
55 2 719
59 94 243
94 59 243
86 4 977
4 86 977
129 5 13
5 129 13
120 30 723
30 120 723
30 22 868
22 30 868
50 76 286
76 50 286
125 44 637
44 125 637
96 2 592
2 96 592
89 12 725
12 89 725
123 30 847
30 123 847
31 28 355
28 31 355
69 75 399
75 69 399
118 85 668
85 118 668
81 10 794
10 81 794
8 30 253
30 8 253
10 31 327
31 10 327
126 45 430
45 126 430
14 58 732
58 14 732
124 51 305
51 124 305
125 34 664
34 125 664
44 25 820
25 44 820
15 109 376
109 15 376
115 31 26
31 115 26
114 106 53
106 114 53
39 96 625
96 39 625
116 108 273
108 116 273
76 114 724
114 76 724
55 35 496
35 55 496
54 15 527
15 54 527
105 14 623
14 105 623
129 33 973
33 129 973
111 101 212
101 111 212
23 2 725
2 23 725
76 99 446
99 76 446
26 78 636
78 26 636
116 58 420
58 116 420
95 86 255
86 95 255
97 54 452
54 97 452
111 36 437
36 111 437
80 75 373
75 80 373
76 8 571
8 76 571
31 14 98
14 31 98
101 114 670
114 101 670
77 112 652
112 77 652
125 89 58
89 125 58
85 41 308
41 85 308
68 86 571
86 68 571
23 98 992
98 23 992
30 82 347
82 30 347
23 31 867
31 23 867
35 5 383
5 35 383
7 41 960
41 7 960
31 72 15
72 31 15
11 108 109
108 11 109
58 32 319
32 58 319
113 52 796
52 113 796
121 82 104
82 121 104
39 28 251
28 39 251
43 91 455
91 43 455
91 13 721
13 91 721
17 59 16
59 17 16
86 79 317
79 86 317
109 56 213
56 109 213
55 16 474
16 55 474
73 88 191
88 73 191
1 126 603
126 1 603
89 42 290
42 89 290
19 53 484
53 19 484
96 45 352
45 96 352
44 94 190
94 44 190
46 78 658
78 46 658
118 38 636
38 118 636
39 48 21
48 39 21
11 128 202
128 11 202
124 58 564
58 124 564
92 107 503
107 92 503
110 96 811
96 110 811
13 88 12
88 13 12
35 40 69
40 35 69
20 14 675
14 20 675
8 105 628
105 8 628
68 32 80
32 68 80
62 118 557
118 62 557
77 0 756
0 77 756
98 85 851
85 98 851
89 18 65
18 89 65
70 8 354
8 70 354
56 110 390
110 56 390
42 18 496
18 42 496
72 98 642
98 72 642
80 66 157
66 80 157
72 87 939
87 72 939
65 121 480
121 65 480
88 121 428
121 88 428
41 19 38
19 41 38
1 13 981
13 1 981
13 60 698
60 13 698
16 58 236
58 16 236
59 22 187
22 59 187
129 119 794
119 129 794
79 50 965
50 79 965
107 16 664
16 107 664
50 126 669
126 50 669
80 87 183
87 80 183
103 65 450
65 103 450
26 70 163
70 26 163
77 4 917
4 77 917
76 113 484
113 76 484
18 102 309
102 18 309
112 107 600
107 112 600
33 58 778
58 33 778
7 119 61
119 7 61
85 46 952
46 85 952
127 26 561
26 127 561
40 59 897
59 40 897
119 1 41
1 119 41
12 82 377
82 12 377
108 26 59
26 108 59
98 107 639
107 98 639
117 22 895
22 117 895
41 54 664
54 41 664
71 29 20
29 71 20
92 11 78
11 92 78
60 113 206
113 60 206
79 66 443
66 79 443
71 113 484
113 71 484
106 52 744
52 106 744
41 11 141
11 41 141
21 1 523
1 21 523
14 71 641
71 14 641
73 107 747
107 73 747
48 125 746
125 48 746
59 21 541
21 59 541
78 112 930
112 78 930
102 82 156
82 102 156
105 37 752
37 105 752
18 73 382
73 18 382
118 30 263
30 118 263
32 29 190
29 32 190
113 20 752
20 113 752
3 95 282
95 3 282
2 29 893
29 2 893
12 111 939
111 12 939
6 78 204
78 6 204
125 52 812
52 125 812
57 115 647
115 57 647
45 78 194
78 45 194
113 5 361
5 113 361
72 11 980
11 72 980
24 124 570
124 24 570
97 107 653
107 97 653
58 42 403
42 58 403
107 89 549
89 107 549
44 4 941
4 44 941
15 117 762
117 15 762
33 71 342
71 33 342
83 108 792
108 83 792
33 16 671
16 33 671
50 45 378
45 50 378
113 41 509
41 113 509
51 104 417
104 51 417
39 12 264
12 39 264
108 99 818
99 108 818
4 58 176
58 4 176
105 35 936
35 105 936
107 122 464
122 107 464
31 69 986
69 31 986
19 37 119
37 19 119
61 89 372
89 61 372
64 77 890
77 64 890
16 114 782
114 16 782
101 122 629
122 101 629
57 94 157
94 57 157
62 56 455
56 62 455
10 60 717
60 10 717
4 98 308
98 4 308
64 79 157
79 64 157
45 55 534
55 45 534
89 78 551
78 89 551
1 20 475
20 1 475
49 45 619
45 49 619
53 55 258
55 53 258
18 59 622
59 18 622
118 129 959
129 118 959
52 51 432
51 52 432
44 75 739
75 44 739
70 118 424
118 70 424
109 68 729
68 109 729
17 99 504
99 17 504
124 54 536
54 124 536
34 38 592
38 34 592
64 17 621
17 64 621
97 32 315
32 97 315
87 119 224
119 87 224
125 91 807
91 125 807
127 95 956
95 127 956
129 53 866
53 129 866
13 22 500
22 13 500
45 20 349
20 45 349
120 117 369
117 120 369
15 112 832
112 15 832
125 102 915
102 125 915
14 73 143
73 14 143
115 0 199
0 115 199
117 17 501
17 117 501
54 123 587
123 54 587
63 96 576
96 63 576
92 2 82
2 92 82
121 97 942
97 121 942
14 96 934
96 14 934
88 12 337
12 88 337
11 79 639
79 11 639
43 102 673
102 43 673
102 37 184
37 102 184
108 38 414
38 108 414
105 10 93
10 105 93
83 33 966
33 83 966
66 87 685
87 66 685
57 59 148
59 57 148
62 1 643
1 62 643
116 33 73
33 116 73
29 78 371
78 29 371
103 31 351
31 103 351
5 94 472
94 5 472
95 129 158
129 95 158
125 74 178
74 125 178
8 53 167
53 8 167
44 97 678
97 44 678
113 43 387
43 113 387
78 69 876
69 78 876
98 122 674
122 98 674
121 64 173
64 121 173
4 38 981
38 4 981
81 2 918
2 81 918
76 47 387
47 76 387
8 112 474
112 8 474
66 30 723
30 66 723
30 84 943
84 30 943
43 9 647
9 43 647
49 105 622
105 49 622
125 18 83
18 125 83
79 27 873
27 79 873
121 105 923
105 121 923
111 31 719
31 111 719
33 111 662
111 33 662
105 50 938
50 105 938
94 109 216
109 94 216
97 127 889
127 97 889
82 58 528
58 82 528
1 121 469
121 1 469
84 6 179
6 84 179
129 120 951
120 129 951
42 60 128
60 42 128
13 80 101
80 13 101
67 120 123
120 67 123
78 92 204
92 78 204
25 53 676
53 25 676
129 0 603
0 129 603
3 73 678
73 3 678
44 85 18
85 44 18
128 44 200
44 128 200
52 43 319
43 52 319
13 111 112
111 13 112
63 127 542
127 63 542
59 89 325
89 59 325
23 16 338
16 23 338
57 17 998
17 57 998
3 98 86
98 3 86
61 29 783
29 61 783
43 84 328
84 43 328
26 116 784
116 26 784
60 63 776
63 60 776
16 50 916
50 16 916
67 88 917
88 67 917
89 32 401
32 89 401
12 120 582
120 12 582
108 106 755
106 108 755
126 22 794
22 126 794
51 60 592
60 51 592
14 74 768
74 14 768
68 85 795
85 68 795
31 0 536
0 31 536
110 20 337
20 110 337
33 34 810
34 33 810
69 72 686
72 69 686
69 105 916
105 69 916
68 101 219
101 68 219
96 100 412
100 96 412
62 14 941
14 62 941
50 77 194
77 50 194
41 116 79
116 41 79
44 52 861
52 44 861
73 94 601
94 73 601
64 66 124
66 64 124
3 48 444
48 3 444
64 113 863
113 64 863
47 70 719
70 47 719
82 125 904
125 82 904
29 115 576
115 29 576
32 37 102
37 32 102
125 20 128
20 125 128
69 40 621
40 69 621
120 34 617
34 120 617
39 125 143
125 39 143
89 122 963
122 89 963
14 50 946
50 14 946
33 24 811
24 33 811
93 41 456
41 93 456
23 79 772
79 23 772
82 65 11
65 82 11
28 0 445
0 28 445
48 58 948
58 48 948
62 86 336
86 62 336
60 3 622
3 60 622
57 100 250
100 57 250
114 19 339
19 114 339
41 24 966
24 41 966
90 108 810
108 90 810
4 30 752
30 4 752
23 119 810
119 23 810
124 44 479
44 124 479
18 99 414
99 18 414
17 43 134
43 17 134
100 22 500
22 100 500
34 93 929
93 34 929
22 83 826
83 22 826
17 100 871
100 17 871
50 4 80
4 50 80
89 31 890
31 89 890
29 89 841
89 29 841
23 14 708
14 23 708
67 41 832
41 67 832
109 82 248
82 109 248
43 51 489
51 43 489
116 99 812
99 116 812
59 58 270
58 59 270
36 34 930
34 36 930
70 106 443
106 70 443
120 38 15
38 120 15
65 10 977
10 65 977
6 85 820
85 6 820
94 50 743
50 94 743
68 51 828
51 68 828
49 59 158
59 49 158
121 55 727
55 121 727
91 105 28
105 91 28
123 64 948
64 123 948
124 110 80
110 124 80
123 48 548
48 123 548
119 27 331
27 119 331
31 41 829
41 31 829
4 63 895
63 4 895
13 2 218
2 13 218
28 57 75
57 28 75
61 63 608
63 61 608
122 41 504
41 122 504
51 103 588
103 51 588
8 9 381
9 8 381
98 69 671
69 98 671
26 120 594
120 26 594
121 101 587
101 121 587
110 104 336
104 110 336
68 19 840
19 68 840
79 100 577
100 79 577
9 36 39
36 9 39
101 72 8
72 101 8
87 42 840
42 87 840
87 96 300
96 87 300
108 111 706
111 108 706
127 119 663
119 127 663
101 82 130
82 101 130
112 114 612
114 112 612
111 46 666
46 111 666
76 12 403
12 76 403
105 18 175
18 105 175
56 17 686
17 56 686
74 89 531
89 74 531
51 5 693
5 51 693
107 83 504
83 107 504
63 51 346
51 63 346
90 64 581
64 90 581
35 10 36
10 35 36
51 49 300
49 51 300
78 58 750
58 78 750
102 30 184
30 102 184
83 24 56
24 83 56
56 43 774
43 56 774
129 94 811
94 129 811
56 124 131
124 56 131
34 67 941
67 34 941
117 16 221
16 117 221
72 120 585
120 72 585
71 43 156
43 71 156
91 121 28
121 91 28
74 113 134
113 74 134
128 83 262
83 128 262
101 37 141
37 101 141
117 27 732
27 117 732
34 44 798
44 34 798
83 28 769
28 83 769
48 33 197
33 48 197
23 11 711
11 23 711
33 20 380
20 33 380
85 84 271
84 85 271
76 97 291
97 76 291
116 0 238
0 116 238
81 51 192
51 81 192
59 86 547
86 59 547
45 41 993
41 45 993
19 112 27
112 19 27
117 80 701
80 117 701
43 55 823
55 43 823
51 100 754
100 51 754
109 52 998
52 109 998
1 36 183
36 1 183
115 86 294
86 115 294
85 111 497
111 85 497
85 48 962
48 85 962
81 123 489
123 81 489
116 62 275
62 116 275
93 11 810
11 93 810
29 7 836
7 29 836
6 73 132
73 6 132
60 90 410
90 60 410
3 74 841
74 3 841
26 3 144
3 26 144
18 117 420
117 18 420
60 7 607
7 60 607
50 112 236
112 50 236
103 76 435
76 103 435
85 99 579
99 85 579
63 105 759
105 63 759
110 88 232
88 110 232
5 76 972
76 5 972
113 85 366
85 113 366
66 48 442
48 66 442
9 64 995
64 9 995
0 128 779
128 0 779
118 69 153
69 118 153
11 53 620
53 11 620
48 11 752
11 48 752
11 57 293
57 11 293
69 82 213
82 69 213
12 105 265
105 12 265
0 60 822
60 0 822
31 95 39
95 31 39
125 13 956
13 125 956
68 69 260
69 68 260
34 61 351
61 34 351
78 5 835
5 78 835
36 67 1000
67 36 1000
97 59 206
59 97 206
61 112 988
112 61 988
102 72 812
72 102 812
118 53 24
53 118 24
80 30 94
30 80 94
95 63 672
63 95 672
103 35 771
35 103 771
67 5 578
5 67 578
109 120 683
120 109 683
87 74 659
74 87 659
39 118 66
118 39 66
90 24 647
24 90 647
56 10 164
10 56 164
31 126 161
126 31 161
98 91 585
91 98 585
63 82 378
82 63 378
47 120 885
120 47 885
120 55 319
55 120 319
21 53 670
53 21 670
129 73 847
73 129 847
63 5 133
5 63 133
10 42 100
42 10 100
29 76 42
76 29 42
82 80 464
80 82 464
31 65 14
65 31 14
74 95 625
95 74 625
100 85 688
85 100 688
72 63 469
63 72 469
48 112 270
112 48 270
102 49 840
49 102 840
53 33 463
33 53 463
106 11 938
11 106 938
26 123 733
123 26 733
80 0 760
0 80 760
108 76 861
76 108 861
58 11 570
11 58 570
35 61 18
61 35 18
26 7 112
7 26 112
118 24 877
24 118 877
121 15 205
15 121 205
72 58 15
58 72 15
85 76 349
76 85 349
82 22 394
22 82 394
127 15 833
15 127 833
6 68 639
68 6 639
46 128 564
128 46 564
127 96 265
96 127 265
38 125 85
125 38 85
111 47 794
47 111 794
45 67 989
67 45 989
69 67 58
67 69 58
114 111 994
111 114 994
18 38 45
38 18 45
73 121 326
121 73 326
44 74 76
74 44 76
6 106 851
106 6 851
111 97 920
97 111 920
85 15 502
15 85 502
98 106 161
106 98 161
5 19 989
19 5 989
42 113 895
113 42 895
63 56 455
56 63 455
59 70 332
70 59 332
17 101 470
101 17 470
45 11 712
11 45 712
72 84 270
84 72 270
11 29 59
29 11 59
126 55 433
55 126 433
18 119 341
119 18 341
3 23 271
23 3 271
69 42 48
42 69 48
25 34 535
34 25 535
61 56 326
56 61 326
12 51 732
51 12 732
113 99 839
99 113 839
53 9 817
9 53 817
81 57 553
57 81 553
57 87 184
87 57 184
106 15 176
15 106 176
70 67 976
67 70 976
85 0 641
0 85 641
24 16 400
16 24 400
108 28 878
28 108 878
79 92 997
92 79 997
58 91 19
91 58 19
12 94 968
94 12 968
22 71 142
71 22 142
9 75 398
75 9 398
61 88 295
88 61 295
19 61 242
61 19 242
126 88 793
88 126 793
88 0 88
0 88 88
88 37 66
37 88 66
75 122 369
122 75 369
45 9 217
9 45 217
64 92 961
92 64 961
73 74 595
74 73 595
125 97 261
97 125 261
96 15 457
15 96 457
64 65 428
65 64 428
67 74 153
74 67 153
2 50 344
50 2 344
106 71 383
71 106 383
21 33 890
33 21 890
36 40 204
40 36 204
4 62 674
62 4 674
5 98 374
98 5 374
92 99 451
99 92 451
75 125 861
125 75 861
47 103 639
103 47 639
51 87 3
87 51 3
16 105 629
105 16 629
66 57 614
57 66 614
1 28 317
28 1 317
50 91 883
91 50 883
78 86 516
86 78 516
31 4 589
4 31 589
124 16 735
16 124 735
95 55 18
55 95 18
90 53 491
53 90 491
6 46 319
46 6 319
99 20 712
20 99 712
29 44 211
44 29 211
21 101 883
101 21 883
39 87 982
87 39 982
16 46 872
46 16 872
124 45 739
45 124 739
51 95 922
95 51 922
124 77 369
77 124 369
54 92 31
92 54 31
65 1 353
1 65 353
26 30 297
30 26 297
129 2 406
2 129 406
81 7 827
7 81 827
51 128 508
128 51 508
127 70 754
70 127 754
75 51 539
51 75 539
103 1 106
1 103 106
26 44 166
44 26 166
9 32 314
32 9 314
14 94 355
94 14 355
32 4 61
4 32 61
11 95 957
95 11 957
45 39 290
39 45 290
64 28 285
28 64 285
21 76 423
76 21 423
2 69 730
69 2 730
2 76 983
76 2 983
84 99 349
99 84 349
1 3 813
3 1 813
74 16 122
16 74 122
1 89 972
89 1 972
109 45 891
45 109 891
19 9 41
9 19 41
126 95 395
95 126 395
37 99 381
99 37 381
69 43 107
43 69 107
116 10 330
10 116 330
105 30 42
30 105 42
109 107 652
107 109 652
36 32 901
32 36 901
110 113 421
113 110 421
32 23 92
23 32 92
11 25 946
25 11 946
41 27 934
27 41 934
114 80 203
80 114 203
40 126 983
126 40 983
68 89 731
89 68 731
27 11 831
11 27 831
67 42 510
42 67 510
10 47 579
47 10 579
76 15 442
15 76 442
79 70 102
70 79 102
93 113 636
113 93 636
18 79 246
79 18 246
121 60 99
60 121 99
112 9 928
9 112 928
93 120 133
120 93 133
25 29 40
29 25 40
47 96 488
96 47 488
25 1 889
1 25 889
48 27 638
27 48 638
125 69 178
69 125 178
85 11 459
11 85 459
31 38 268
38 31 268
77 122 824
122 77 824
31 105 359
105 31 359
87 15 399
15 87 399
91 14 742
14 91 742
20 25 623
25 20 623
19 24 7
24 19 7
102 106 890
106 102 890
10 120 296
120 10 296
53 67 834
67 53 834
107 62 949
62 107 949
17 118 767
118 17 767
63 47 416
47 63 416
100 31 339
31 100 339
17 89 280
89 17 280
117 23 45
23 117 45
28 6 669
6 28 669
49 101 897
101 49 897
79 107 217
107 79 217
110 68 103
68 110 103
76 128 124
128 76 124
22 81 236
81 22 236
3 2 409
2 3 409
40 47 534
47 40 534
66 123 892
123 66 892
16 112 707
112 16 707
90 48 233
48 90 233
49 22 444
22 49 444
20 89 262
89 20 262
116 70 565
70 116 565
124 22 717
22 124 717
57 29 49
29 57 49
102 114 596
114 102 596
77 127 610
127 77 610
89 69 791
69 89 791
42 100 881
100 42 881
52 25 348
25 52 348
121 81 883
81 121 883
80 44 299
44 80 299
56 78 761
78 56 761
74 121 306
121 74 306
116 11 248
11 116 248
75 94 323
94 75 323
10 89 812
89 10 812
7 5 281
5 7 281
37 112 883
112 37 883
60 38 450
38 60 450
125 49 827
49 125 827
33 15 8
15 33 8
124 112 203
112 124 203
17 94 805
94 17 805
28 69 916
69 28 916
62 12 273
12 62 273
38 101 929
101 38 929
8 25 168
25 8 168
69 1 143
1 69 143
73 103 956
103 73 956
66 33 150
33 66 150
116 48 137
48 116 137
101 99 452
99 101 452
24 121 745
121 24 745
118 56 477
56 118 477
91 70 171
70 91 171
126 72 362
72 126 362
82 53 26
53 82 26
7 42 265
42 7 265
59 28 443
28 59 443
31 20 169
20 31 169
27 43 880
43 27 880
125 27 643
27 125 643
72 78 283
78 72 283
42 28 326
28 42 326
68 8 908
8 68 908
64 36 256
36 64 256
80 111 38
111 80 38
50 87 767
87 50 767
35 100 619
100 35 619
47 16 24
16 47 24
88 55 465
55 88 465
18 68 537
68 18 537
58 21 133
21 58 133
119 13 549
13 119 549
113 125 157
125 113 157
91 23 424
23 91 424
27 45 741
45 27 741
36 55 519
55 36 519
126 60 964
60 126 964
89 43 589
43 89 589
89 90 809
90 89 809
104 79 739
79 104 739
127 115 391
115 127 391
64 75 888
75 64 888
107 19 435
19 107 435
68 30 85
30 68 85
34 53 935
53 34 935
122 46 455
46 122 455
73 75 139
75 73 139
107 18 569
18 107 569
40 15 56
15 40 56
37 18 393
18 37 393
14 70 197
70 14 197
100 40 458
40 100 458
85 12 438
12 85 438
80 126 709
126 80 709
91 11 375
11 91 375
89 33 787
33 89 787
72 36 578
36 72 578
22 93 220
93 22 220
12 59 285
59 12 285
58 73 732
73 58 732
25 70 800
70 25 800
20 48 210
48 20 210
68 94 889
94 68 889
64 31 237
31 64 237
117 71 237
71 117 237
65 99 149
99 65 149
39 102 671
102 39 671
117 40 305
40 117 305
66 56 115
56 66 115
6 8 681
8 6 681
90 37 229
37 90 229
117 79 366
79 117 366
7 122 317
122 7 317
103 79 790
79 103 790
98 51 507
51 98 507
40 20 841
20 40 841
105 38 964
38 105 964
94 22 4
22 94 4
127 104 880
104 127 880
110 74 976
74 110 976
50 71 580
71 50 580
0 127 634
127 0 634
116 20 693
20 116 693
89 47 161
47 89 161
45 103 551
103 45 551
85 80 951
80 85 951
98 57 70
57 98 70
54 103 738
103 54 738
96 37 958
37 96 958
77 102 215
102 77 215
89 36 453
36 89 453
115 3 909
3 115 909
67 60 263
60 67 263
32 39 671
39 32 671
71 108 893
108 71 893
127 3 284
3 127 284
128 108 845
108 128 845
80 36 309
36 80 309
80 63 718
63 80 718
107 117 254
117 107 254
1 82 47
82 1 47
59 54 611
54 59 611
32 113 273
113 32 273
61 111 485
111 61 485
63 119 19
119 63 19
45 115 448
115 45 448
4 27 244
27 4 244
46 61 62
61 46 62
106 20 339
20 106 339
9 104 63
104 9 63
63 84 652
84 63 652
16 15 803
15 16 803
126 2 819
2 126 819
79 9 81
9 79 81
88 74 644
74 88 644
51 10 574
10 51 574
100 48 161
48 100 161
64 119 103
119 64 103
39 83 897
83 39 897
1 55 542
55 1 542
22 21 980
21 22 980
65 63 418
63 65 418
99 44 953
44 99 953
53 61 56
61 53 56
107 118 239
118 107 239
93 43 645
43 93 645
82 18 262
18 82 262
96 84 998
84 96 998
76 1 239
1 76 239
15 43 914
43 15 914
92 88 370
88 92 370
33 37 55
37 33 55
60 75 298
75 60 298
67 68 888
68 67 888
108 20 343
20 108 343
46 40 77
40 46 77
1 19 546
19 1 546
104 94 180
94 104 180
42 8 293
8 42 293
52 56 59
56 52 59
97 27 472
27 97 472
51 96 517
96 51 517
11 34 990
34 11 990
35 6 998
6 35 998
53 0 735
0 53 735
17 1 770
1 17 770
76 53 398
53 76 398
1 81 135
81 1 135
21 124 724
124 21 724
18 122 811
122 18 811
32 119 819
119 32 819
59 32 187
32 59 187
116 63 345
63 116 345
59 60 927
60 59 927
11 117 373
117 11 373
22 97 472
97 22 472
83 23 307
23 83 307
103 78 437
78 103 437
41 75 553
75 41 553
36 74 124
74 36 124
99 115 712
115 99 712
97 93 680
93 97 680
40 103 371
103 40 371
63 125 715
125 63 715
13 16 16
16 13 16
127 38 67
38 127 67
25 123 209
123 25 209
32 35 364
35 32 364
21 108 304
108 21 304
68 126 347
126 68 347
28 91 420
91 28 420
71 87 942
87 71 942
115 38 549
38 115 549
53 101 383
101 53 383
118 96 497
96 118 497
108 84 690
84 108 690
76 59 101
59 76 101
75 95 870
95 75 870
77 121 586
121 77 586
114 108 890
108 114 890
107 27 950
27 107 950
91 7 182
7 91 182
31 122 11
122 31 11
73 117 952
117 73 952
54 33 858
33 54 858
127 79 778
79 127 778
41 12 458
12 41 458
66 77 273
77 66 273
1 120 781
120 1 781
117 93 391
93 117 391
66 25 620
25 66 620
118 51 997
51 118 997
69 116 708
116 69 708
22 85 546
85 22 546
128 80 891
80 128 891
76 55 392
55 76 392
27 60 631
60 27 631
88 65 152
65 88 152
110 15 432
15 110 432
97 72 364
72 97 364
110 2 7
2 110 7
32 90 375
90 32 375
10 82 324
82 10 324
101 59 881
59 101 881
89 40 600
40 89 600
1 48 957
48 1 957
89 113 17
113 89 17
32 100 76
100 32 76
10 121 954
121 10 954
109 40 163
40 109 163
25 80 652
80 25 652
93 4 246
4 93 246
57 108 769
108 57 769
14 66 656
66 14 656
60 98 315
98 60 315
34 35 527
35 34 527
29 0 312
0 29 312
92 105 990
105 92 990
85 31 493
31 85 493
83 50 608
50 83 608
127 32 270
32 127 270
89 80 502
80 89 502
28 20 351
20 28 351
63 78 506
78 63 506
37 13 924
13 37 924
119 82 851
82 119 851
18 85 638
85 18 638
80 127 114
127 80 114
19 110 559
110 19 559
107 65 554
65 107 554
6 108 362
108 6 362
118 54 967
54 118 967
73 1 225
1 73 225
28 116 619
116 28 619
27 113 517
113 27 517
105 47 268
47 105 268
74 23 52
23 74 52
31 9 520
9 31 520
61 75 256
75 61 256
3 44 628
44 3 628
120 85 166
85 120 166
48 51 964
51 48 964
20 5 249
5 20 249
44 19 192
19 44 192
93 9 64
9 93 64
114 116 779
116 114 779
40 32 854
32 40 854
56 94 497
94 56 497
121 71 928
71 121 928
125 99 55
99 125 55
6 31 297
31 6 297
26 57 385
57 26 385
24 46 692
46 24 692
21 93 402
93 21 402
88 49 547
49 88 547
115 114 539
114 115 539
6 9 697
9 6 697
92 123 157
123 92 157
82 55 45
55 82 45
46 73 946
73 46 946
97 124 572
124 97 572
6 76 715
76 6 715
52 54 25
54 52 25
51 110 21
110 51 21
110 1 603
1 110 603
5 11 1000
11 5 1000
71 23 425
23 71 425
102 10 505
10 102 505
7 111 646
111 7 646
