394 864 41
864 394 41
265 394 414
394 265 414
804 394 991
394 804 991
490 265 597
265 490 597
223 490 142
490 223 142
290 394 773
394 290 773
97 490 818
490 97 818
258 265 317
265 258 317
102 394 920
394 102 920
708 223 483
223 708 483
581 394 362
394 581 362
451 223 625
223 451 625
665 804 989
804 665 989
574 97 453
97 574 453
542 490 63
490 542 63
839 864 95
864 839 95
750 451 727
451 750 727
861 864 626
864 861 626
514 708 249
708 514 249
763 708 720
708 763 720
64 290 939
290 64 939
595 97 244
97 595 244
843 490 822
490 843 822
568 574 93
574 568 93
83 708 896
708 83 896
532 542 111
542 532 111
316 750 298
750 316 298
744 804 560
804 744 560
349 532 944
532 349 944
570 290 986
290 570 986
847 514 560
514 847 560
622 861 455
861 622 455
95 568 324
568 95 324
611 542 297
542 611 297
193 451 841
451 193 841
197 265 627
265 197 627
699 839 487
839 699 487
71 223 695
223 71 695
809 258 897
258 809 897
159 265 862
265 159 862
85 611 699
611 85 699
417 95 282
95 417 282
557 542 869
542 557 869
231 557 603
557 231 603
448 699 281
699 448 281
482 847 676
847 482 676
691 231 938
231 691 938
858 595 84
595 858 84
348 809 118
809 348 118
523 699 645
699 523 645
361 451 248
451 361 248
16 482 277
482 16 277
127 448 225
448 127 225
402 523 174
523 402 174
360 316 835
316 360 835
65 290 801
290 65 801
160 402 714
402 160 714
240 265 836
265 240 836
631 159 931
159 631 931
588 71 696
71 588 696
79 394 127
394 79 127
700 451 620
451 700 620
636 97 400
97 636 400
103 691 853
691 103 853
130 490 620
490 130 620
23 568 984
568 23 984
207 542 490
542 207 490
236 97 959
97 236 959
755 265 557
265 755 557
471 451 855
451 471 855
292 258 226
258 292 226
78 71 358
71 78 358
486 843 62
843 486 62
562 631 40
631 562 40
669 451 716
451 669 716
436 83 266
83 436 266
401 588 858
588 401 858
643 64 714
64 643 714
758 532 989
532 758 989
865 97 807
97 865 807
764 763 865
763 764 865
182 557 542
557 182 542
283 542 611
542 283 611
498 595 13
595 498 13
531 16 921
16 531 921
647 130 939
130 647 939
351 283 365
283 351 365
438 498 256
498 438 256
174 292 707
292 174 707
12 240 759
240 12 759
90 417 756
417 90 756
49 755 287
755 49 287
156 570 780
570 156 780
552 448 624
448 552 624
330 647 367
647 330 367
681 764 874
764 681 874
717 839 732
839 717 732
357 348 766
348 357 766
476 283 82
283 476 82
1 436 196
436 1 196
808 417 163
417 808 163
278 744 652
744 278 652
518 858 727
858 518 727
783 78 895
78 783 895
479 490 411
490 479 411
817 78 428
78 817 428
773 12 47
12 773 47
194 160 65
160 194 65
303 174 161
174 303 161
521 207 906
207 521 906
572 292 618
292 572 618
0 490 506
490 0 506
381 809 857
809 381 857
549 290 828
290 549 828
487 568 561
568 487 561
746 708 857
708 746 857
855 839 15
839 855 15
468 647 427
647 468 427
371 864 218
864 371 218
18 90 772
90 18 772
4 479 691
479 4 691
630 643 100
643 630 100
227 542 622
542 227 622
775 83 894
83 775 894
358 193 705
193 358 705
217 451 487
451 217 487
470 865 83
865 470 83
29 471 935
471 29 935
544 349 882
349 544 882
307 611 669
611 307 669
629 438 117
438 629 117
186 292 871
292 186 871
26 708 41
708 26 41
250 23 571
23 250 571
382 156 960
156 382 960
690 708 866
708 690 866
850 217 729
217 850 729
784 855 655
855 784 655
528 330 892
330 528 892
657 448 212
448 657 212
453 562 9
562 453 9
168 71 277
71 168 277
406 647 808
647 406 808
445 843 346
843 445 346
761 102 42
102 761 42
327 85 153
85 327 153
719 562 369
562 719 369
484 657 132
657 484 132
356 349 489
349 356 489
293 451 315
451 293 315
219 26 746
26 219 746
89 401 412
401 89 412
407 436 424
436 407 424
136 83 574
83 136 574
603 4 345
4 603 345
425 847 490
847 425 490
144 470 436
470 144 436
47 401 343
401 47 343
859 809 941
809 859 941
209 445 384
445 209 384
801 595 67
595 801 67
110 523 767
523 110 767
277 542 394
542 277 394
11 83 403
83 11 403
704 186 296
186 704 296
573 358 807
358 573 807
738 360 433
360 738 433
111 552 225
552 111 225
331 356 795
356 331 795
213 521 196
521 213 196
457 349 65
349 457 65
38 250 462
250 38 462
866 361 121
361 866 121
640 808 262
808 640 262
267 11 43
11 267 43
279 859 149
859 279 149
138 523 469
523 138 469
492 49 559
49 492 559
196 532 610
532 196 610
634 699 577
699 634 577
527 277 696
277 527 696
553 26 507
26 553 507
878 182 853
182 878 853
652 470 650
470 652 650
870 361 555
361 870 555
792 65 9
65 792 9
439 634 985
634 439 985
412 182 36
182 412 36
686 699 895
699 686 895
334 136 802
136 334 802
203 717 596
717 203 596
385 878 723
878 385 723
619 839 819
839 619 819
114 186 889
186 114 889
53 839 230
839 53 230
172 708 307
708 172 307
22 114 864
114 22 864
599 498 882
498 599 882
216 71 889
71 216 889
869 855 991
855 869 991
497 544 391
544 497 391
709 29 34
29 709 34
766 843 694
843 766 694
693 114 614
114 693 614
106 203 436
203 106 436
276 562 548
562 276 548
800 817 845
817 800 845
650 709 995
709 650 995
520 603 600
603 520 600
314 693 20
693 314 20
2 686 186
686 2 186
408 544 583
544 408 583
342 531 67
531 342 67
672 207 965
207 672 965
411 22 417
22 411 417
524 800 392
800 524 392
86 85 656
85 86 656
175 79 293
79 175 293
456 574 964
574 456 964
51 227 427
227 51 427
195 358 911
358 195 911
824 878 83
878 824 83
212 800 361
800 212 361
575 102 626
102 575 626
648 357 469
357 648 469
67 83 482
83 67 482
215 223 33
223 215 33
826 47 135
47 826 135
873 182 107
182 873 107
760 573 354
573 760 354
272 357 802
357 272 802
684 744 902
744 684 902
87 425 717
425 87 717
656 144 647
144 656 647
469 573 127
573 469 127
868 669 807
669 868 807
179 87 396
87 179 396
413 656 763
656 413 763
170 186 881
186 170 881
269 102 800
102 269 800
558 381 380
381 558 380
273 746 365
746 273 365
113 581 923
581 113 923
57 775 261
775 57 261
40 558 532
558 40 532
807 327 896
327 807 896
313 240 95
240 313 95
721 492 536
492 721 536
605 544 312
544 605 312
164 699 436
699 164 436
811 194 945
194 811 945
126 170 107
170 126 107
601 839 101
839 601 101
602 599 159
599 602 159
45 709 457
709 45 457
625 342 30
342 625 30
723 573 739
573 723 739
369 159 360
159 369 360
109 700 367
700 109 367
44 279 356
279 44 356
264 223 850
223 264 850
341 439 72
439 341 72
871 486 212
486 871 212
7 783 674
783 7 674
188 804 300
804 188 300
545 451 955
451 545 955
347 78 191
78 347 191
674 160 488
160 674 488
509 186 133
186 509 133
43 817 370
817 43 370
501 273 983
273 501 983
434 219 959
219 434 959
820 738 188
738 820 188
129 16 546
16 129 546
857 144 160
144 857 160
566 669 968
669 566 968
198 549 323
549 198 323
759 775 242
775 759 242
286 356 381
356 286 381
635 843 881
843 635 881
208 708 403
708 208 403
124 699 135
699 124 135
641 407 563
407 641 563
633 78 605
78 633 605
646 89 652
89 646 652
539 557 254
557 539 254
682 686 652
686 682 652
802 349 385
349 802 385
621 490 427
490 621 427
488 648 208
648 488 208
569 293 975
293 569 975
727 482 973
482 727 973
291 360 283
360 291 283
176 646 620
646 176 620
245 826 950
826 245 950
615 552 786
552 615 786
660 195 178
195 660 178
384 684 348
684 384 348
812 78 363
78 812 363
724 231 494
231 724 494
320 293 1
293 320 1
705 868 7
868 705 7
340 89 117
89 340 117
464 286 623
286 464 623
248 86 723
86 248 723
741 691 694
691 741 694
782 468 556
468 782 556
639 406 647
406 639 647
35 79 276
79 35 276
68 864 262
864 68 262
626 509 911
509 626 911
623 215 104
215 623 104
397 527 290
527 397 290
312 464 87
464 312 87
60 197 811
197 60 811
419 425 546
425 419 546
540 588 542
588 540 542
396 283 69
283 396 69
673 484 289
484 673 289
834 236 587
236 834 587
838 773 544
773 838 544
167 314 978
314 167 978
879 276 759
276 879 759
444 356 452
356 444 452
596 488 643
488 596 643
230 865 126
865 230 126
200 53 410
53 200 410
767 292 573
292 767 573
481 527 647
527 481 647
776 408 223
408 776 223
781 164 711
164 781 711
822 110 504
110 822 504
101 215 307
215 101 307
241 601 53
601 241 53
354 665 363
665 354 363
778 869 909
869 778 909
19 509 68
509 19 68
140 709 6
709 140 6
592 64 118
64 592 118
8 784 894
784 8 894
480 746 144
746 480 144
473 717 107
717 473 107
729 469 733
469 729 733
548 172 172
172 548 172
550 411 663
411 550 663
733 669 458
669 733 458
253 674 323
674 253 323
225 817 932
817 225 932
318 215 357
215 318 357
664 175 826
175 664 826
833 216 747
216 833 747
373 1 449
1 373 449
345 724 727
724 345 727
88 599 34
599 88 34
395 444 86
444 395 86
321 792 58
792 321 58
299 371 625
371 299 625
507 397 88
397 507 88
489 634 421
634 489 421
793 316 647
316 793 647
743 660 465
660 743 465
846 307 721
307 846 721
827 521 345
521 827 345
452 64 44
64 452 44
94 283 358
283 94 358
9 484 670
484 9 670
17 292 65
292 17 65
748 225 227
225 748 227
849 626 406
626 849 406
483 381 464
381 483 464
166 866 622
866 166 622
98 68 904
68 98 904
77 277 330
277 77 330
465 87 914
87 465 914
294 307 29
307 294 29
458 595 194
595 458 194
328 85 214
85 328 214
777 674 354
674 777 354
169 518 257
518 169 257
600 77 753
77 600 753
271 859 529
859 271 529
772 172 260
172 772 260
428 279 892
279 428 892
649 630 45
630 649 45
280 124 74
124 280 74
13 469 507
469 13 507
663 575 48
575 663 48
835 2 505
2 835 505
416 648 120
648 416 120
81 85 246
85 81 246
100 643 423
643 100 423
813 303 451
303 813 451
561 809 837
809 561 837
389 539 772
539 389 772
818 497 40
497 818 40
165 470 501
470 165 501
210 130 860
130 210 860
805 168 956
168 805 956
329 277 445
277 329 445
112 646 921
646 112 921
268 623 554
623 268 554
734 518 728
518 734 728
284 805 452
805 284 452
485 35 473
35 485 473
506 444 267
444 506 267
257 468 16
468 257 16
121 312 802
312 121 802
679 523 176
523 679 176
698 408 254
408 698 254
214 761 900
761 214 900
703 19 6
19 703 6
711 129 527
129 711 527
409 83 124
83 409 124
370 776 279
776 370 279
122 328 578
328 122 578
350 855 691
855 350 691
694 793 559
793 694 559
638 445 226
445 638 226
718 630 66
630 718 66
504 144 690
144 504 690
319 371 382
371 319 382
608 40 293
40 608 293
567 351 140
351 567 140
795 97 566
97 795 566
495 738 375
738 495 375
577 596 25
596 577 25
799 23 897
23 799 897
386 758 999
758 386 999
173 264 78
264 173 78
139 100 211
100 139 211
780 165 508
165 780 508
563 813 712
813 563 712
220 18 750
18 220 750
135 694 239
694 135 239
762 172 361
172 762 361
607 705 135
705 607 135
628 45 922
45 628 922
116 60 853
60 116 853
31 509 610
509 31 610
365 164 466
164 365 466
311 290 981
290 311 981
232 633 668
633 232 668
162 140 900
140 162 900
508 370 976
370 508 976
754 807 559
807 754 559
324 793 868
793 324 868
76 186 140
186 76 140
618 106 720
106 618 720
201 504 324
504 201 324
825 356 393
356 825 393
61 817 39
817 61 39
335 166 765
166 335 765
261 267 883
267 261 883
455 473 743
473 455 743
696 778 231
778 696 231
281 279 687
279 281 687
177 425 17
425 177 17
380 291 552
291 380 552
59 465 645
465 59 645
157 634 22
634 157 22
526 838 62
838 526 62
30 227 46
227 30 46
20 487 968
487 20 968
710 738 68
738 710 68
70 279 995
279 70 995
722 524 139
524 722 139
244 873 445
873 244 445
154 878 319
878 154 319
204 822 336
822 204 336
797 734 765
734 797 765
446 53 9
53 446 9
447 281 270
281 447 270
587 434 823
434 587 823
819 833 721
833 819 721
513 835 42
835 513 42
624 446 125
446 624 125
449 216 175
216 449 175
5 625 141
625 5 141
697 508 677
508 697 677
579 139 750
139 579 750
789 669 81
669 789 81
375 4 860
4 375 860
206 217 968
217 206 968
33 711 917
711 33 917
199 600 806
600 199 806
785 682 172
682 785 172
829 159 437
159 829 437
683 127 635
127 683 635
720 656 727
656 720 727
180 312 616
312 180 616
52 544 348
544 52 348
854 294 385
294 854 385
37 834 954
834 37 954
50 602 91
602 50 91
421 356 687
356 421 687
187 656 241
656 187 241
589 553 166
553 589 166
867 280 414
280 867 414
399 784 822
784 399 822
580 206 402
206 580 402
25 859 543
859 25 543
352 208 480
208 352 480
54 818 544
818 54 544
678 124 268
124 678 268
828 514 466
514 828 466
467 849 122
849 467 122
478 138 507
138 478 507
74 708 279
708 74 279
55 307 697
307 55 697
831 660 719
660 831 719
363 55 702
55 363 702
263 225 395
225 263 395
315 342 118
342 315 118
689 19 824
19 689 824
306 743 166
743 306 166
205 140 866
140 205 866
15 16 578
16 15 578
221 373 371
373 221 371
377 724 330
724 377 330
613 409 615
409 613 615
537 640 1
640 537 1
189 231 452
231 189 452
161 318 951
318 161 951
21 52 931
52 21 931
844 871 765
871 844 765
770 385 71
385 770 71
701 135 285
135 701 285
246 866 64
866 246 64
845 801 593
801 845 593
149 205 647
205 149 647
695 561 772
561 695 772
555 434 318
434 555 318
379 665 438
665 379 438
376 7 550
7 376 550
677 596 350
596 677 350
262 232 810
232 262 810
202 290 768
290 202 768
667 859 803
859 667 803
875 561 369
561 875 369
604 699 575
699 604 575
536 87 921
87 536 921
34 483 541
483 34 541
237 216 646
216 237 646
472 74 19
74 472 19
344 313 281
313 344 281
266 139 79
139 266 79
768 380 242
380 768 242
598 537 916
537 598 916
145 385 168
385 145 168
591 23 950
23 591 950
578 485 962
485 578 962
388 369 447
369 388 447
494 354 92
354 494 92
427 570 504
570 427 504
27 625 207
625 27 207
546 818 446
818 546 446
874 805 713
805 874 713
72 624 363
624 72 363
791 544 577
544 791 577
400 354 841
354 400 841
48 121 485
121 48 485
736 784 42
784 736 42
132 395 369
395 132 369
10 292 195
292 10 195
171 494 482
494 171 482
91 167 950
167 91 950
58 167 402
167 58 402
222 208 416
208 222 416
239 219 413
219 239 413
443 161 61
161 443 61
270 29 914
29 270 914
233 854 722
854 233 722
96 555 44
555 96 44
815 165 972
165 815 972
300 373 819
373 300 819
862 498 82
498 862 82
830 492 832
492 830 832
415 276 819
276 415 819
410 354 717
354 410 717
398 188 529
188 398 529
685 47 774
47 685 774
671 171 156
171 671 156
82 527 656
527 82 656
769 611 917
611 769 917
496 486 197
486 496 197
702 57 831
57 702 831
707 376 163
376 707 163
516 784 487
784 516 487
853 240 556
240 853 556
146 149 351
149 146 351
6 764 106
764 6 106
659 793 583
793 659 583
713 729 853
729 713 853
585 21 370
21 585 370
224 528 324
528 224 324
62 792 751
792 62 751
238 514 345
514 238 345
332 448 423
448 332 423
125 396 815
396 125 815
617 127 614
127 617 614
302 9 940
9 302 940
147 638 55
638 147 55
725 827 618
827 725 618
430 540 576
540 430 576
740 608 185
608 740 185
75 710 821
710 75 821
441 53 972
53 441 972
642 130 366
130 642 366
184 217 26
217 184 26
582 64 181
64 582 181
668 665 330
665 668 330
756 58 763
58 756 763
836 829 82
829 836 82
118 598 882
598 118 882
670 674 28
674 670 28
190 182 341
182 190 341
597 1 482
1 597 482
84 144 930
144 84 930
500 699 0
699 500 0
645 550 160
550 645 160
295 11 178
11 295 178
308 721 965
721 308 965
560 568 494
568 560 494
706 448 231
448 706 231
251 802 336
802 251 336
163 113 360
113 163 360
243 738 899
738 243 899
392 819 372
819 392 372
787 415 141
415 787 141
367 415 789
415 367 789
28 573 952
573 28 952
529 223 703
223 529 703
374 279 152
279 374 152
36 83 843
83 36 843
326 189 3
189 326 3
63 858 795
858 63 795
852 549 586
549 852 586
559 219 797
219 559 797
158 835 806
835 158 806
42 386 446
386 42 446
534 8 728
8 534 728
285 453 372
453 285 372
499 195 546
195 499 546
414 562 132
562 414 132
422 410 674
410 422 674
364 357 441
357 364 441
863 324 251
324 863 251
463 81 230
81 463 230
418 40 660
40 418 660
491 257 942
257 491 942
576 471 855
471 576 855
288 124 906
124 288 906
530 600 555
600 530 555
41 84 626
84 41 626
779 199 897
199 779 897
275 124 41
124 275 41
620 481 888
481 620 888
806 112 987
112 806 987
651 303 547
303 651 547
876 348 147
348 876 147
735 268 27
268 735 27
788 780 748
780 788 748
424 162 946
162 424 946
134 446 618
446 134 618
493 704 173
704 493 173
372 199 420
199 372 420
191 430 940
430 191 940
325 306 115
306 325 115
420 345 146
345 420 146
675 9 784
9 675 784
517 422 531
422 517 531
810 360 200
360 810 200
304 527 740
527 304 740
637 822 303
822 637 303
432 418 42
418 432 42
338 10 441
10 338 441
69 504 275
504 69 275
435 342 355
342 435 355
155 382 112
382 155 112
692 94 169
94 692 169
66 365 590
365 66 590
461 819 77
819 461 77
739 758 796
758 739 796
505 874 743
874 505 743
644 453 173
453 644 173
218 408 168
408 218 168
297 570 537
570 297 537
181 678 365
678 181 365
742 176 733
176 742 733
405 4 821
4 405 821
510 674 920
674 510 920
229 664 643
664 229 643
609 592 545
592 609 545
840 484 934
484 840 934
462 222 312
222 462 312
310 663 354
663 310 354
502 375 523
375 502 523
390 718 416
718 390 416
141 144 151
144 141 151
14 238 609
238 14 609
796 845 109
845 796 109
816 520 610
520 816 610
814 597 525
597 814 525
151 820 705
820 151 705
774 38 384
38 774 384
131 197 10
197 131 10
178 483 836
483 178 836
627 596 110
596 627 110
590 328 598
328 590 598
353 461 498
461 353 498
333 110 575
110 333 575
737 758 799
758 737 799
687 38 26
38 687 26
872 213 899
213 872 899
714 638 622
638 714 622
305 618 725
618 305 725
551 43 21
43 551 21
803 850 941
850 803 941
538 267 906
267 538 906
606 415 54
415 606 54
525 438 659
438 525 659
837 370 342
370 837 342
339 221 894
221 339 894
654 159 491
159 654 491
150 857 853
857 150 853
731 352 564
352 731 564
556 33 271
33 556 271
282 469 553
469 282 553
533 277 309
277 533 309
242 244 70
244 242 70
119 720 402
720 119 402
851 718 569
718 851 569
143 501 493
501 143 493
362 381 303
381 362 303
252 748 831
748 252 831
152 453 674
453 152 674
108 66 140
66 108 140
337 97 33
97 337 33
653 270 716
270 653 716
765 119 706
119 765 706
211 33 572
33 211 572
554 833 893
833 554 893
183 816 5
816 183 5
423 684 509
684 423 509
515 208 230
208 515 230
32 478 363
478 32 363
856 318 93
318 856 93
137 623 587
623 137 587
728 272 756
272 728 756
616 81 881
81 616 881
289 179 294
179 289 294
378 854 675
854 378 675
753 17 289
17 753 289
366 243 132
243 366 132
745 630 410
630 745 410
343 263 889
263 343 889
440 656 671
656 440 671
655 772 647
772 655 647
842 17 442
17 842 442
274 17 996
17 274 996
393 119 289
119 393 289
798 773 491
773 798 491
860 384 123
384 860 123
437 144 352
144 437 352
255 393 191
393 255 191
346 363 234
363 346 234
117 502 393
502 117 393
404 513 525
513 404 525
474 410 848
410 474 848
612 648 691
648 612 691
431 689 318
689 431 318
512 413 322
413 512 322
543 14 1
14 543 1
105 206 324
206 105 324
433 684 840
684 433 840
466 348 589
348 466 589
823 85 416
85 823 416
107 509 205
509 107 205
771 241 182
241 771 182
128 870 816
870 128 816
752 98 28
98 752 28
260 231 8
231 260 8
450 768 4
768 450 4
148 371 841
371 148 841
712 645 957
645 712 957
254 283 758
283 254 758
565 709 868
709 565 868
3 555 918
555 3 918
747 495 68
495 747 68
661 527 948
527 661 948
301 684 950
684 301 950
535 100 486
100 535 486
24 324 215
324 24 215
503 450 42
450 503 42
790 857 29
857 790 29
749 395 720
395 749 720
477 550 693
550 477 693
594 275 137
275 594 137
821 845 94
845 821 94
336 479 731
479 336 731
142 286 24
286 142 24
234 326 790
326 234 790
228 835 212
835 228 212
841 432 327
432 841 327
309 780 520
780 309 520
726 227 573
227 726 573
153 590 932
590 153 932
688 470 521
470 688 521
666 789 182
789 666 182
680 400 347
400 680 347
235 577 260
577 235 260
584 865 578
865 584 578
832 729 839
729 832 839
383 710 254
710 383 254
564 854 793
854 564 793
662 568 457
568 662 457
586 290 565
290 586 565
323 260 793
260 323 793
387 873 439
873 387 439
226 109 488
109 226 488
429 445 233
445 429 233
403 488 368
488 403 368
593 589 613
589 593 613
115 376 700
376 115 700
92 385 307
385 92 307
519 364 689
364 519 689
104 588 158
588 104 158
355 699 342
699 355 342
658 115 164
115 658 164
877 697 399
697 877 399
732 385 421
385 732 421
522 172 171
172 522 171
442 858 805
858 442 805
359 107 698
107 359 698
610 385 741
385 610 741
322 439 531
439 322 531
676 533 871
533 676 871
757 62 444
62 757 444
133 463 705
463 133 705
848 828 920
828 848 920
751 175 612
175 751 612
547 95 248
95 547 248
632 84 863
84 632 863
391 239 748
239 391 748
249 864 44
864 249 44
73 850 248
850 73 248
715 405 624
405 715 624
296 338 700
338 296 700
80 433 528
433 80 528
298 735 649
735 298 649
247 141 346
141 247 346
454 796 196
796 454 196
120 271 570
271 120 570
317 362 448
362 317 448
426 201 679
201 426 679
287 697 68
697 287 68
99 648 772
648 99 772
93 474 159
474 93 159
511 513 724
513 511 724
730 411 913
411 730 913
475 525 47
525 475 47
39 122 212
122 39 212
123 608 599
608 123 599
716 494 215
494 716 215
571 490 983
490 571 983
583 528 543
528 583 543
614 25 316
25 614 316
368 546 550
546 368 550
56 865 619
865 56 619
541 612 15
612 541 15
256 173 631
173 256 631
460 673 85
673 460 85
786 843 785
843 786 785
185 392 991
392 185 991
46 147 884
147 46 884
459 144 476
144 459 476
259 0 607
0 259 607
794 646 899
646 794 899
192 100 393
100 192 393
860 221 949
221 860 949
253 87 843
87 253 843
430 43 958
43 430 958
90 448 158
448 90 158
879 534 598
534 879 598
830 187 64
187 830 64
875 180 445
180 875 445
200 389 746
389 200 746
568 371 444
371 568 444
295 692 958
692 295 958
690 771 145
771 690 145
847 4 722
4 847 722
365 601 32
601 365 32
414 759 270
759 414 270
561 468 352
468 561 352
384 772 630
772 384 630
403 288 194
288 403 194
798 391 554
391 798 554
427 79 346
79 427 346
701 171 14
171 701 14
704 478 839
478 704 839
595 288 883
288 595 883
7 592 140
592 7 140
373 808 628
808 373 628
815 799 978
799 815 978
666 466 69
466 666 69
723 769 106
769 723 106
379 436 881
436 379 881
617 629 496
629 617 496
193 555 860
555 193 860
336 826 355
826 336 355
476 270 856
270 476 856
654 824 181
824 654 181
353 155 984
155 353 984
469 679 206
679 469 206
560 714 763
714 560 763
201 321 161
321 201 161
857 337 996
337 857 996
321 400 872
400 321 872
106 195 476
195 106 476
296 838 131
838 296 131
641 815 680
815 641 680
503 3 0
3 503 0
531 338 838
338 531 838
354 60 893
60 354 893
339 336 972
336 339 972
781 193 86
193 781 86
163 574 299
574 163 299
403 855 170
855 403 170
282 208 206
208 282 206
844 58 354
58 844 354
59 90 424
90 59 424
689 472 851
472 689 851
638 358 82
358 638 82
441 819 331
819 441 331
492 340 246
340 492 246
499 76 689
76 499 689
714 291 32
291 714 32
843 426 8
426 843 8
530 571 275
571 530 275
643 69 320
69 643 320
444 400 669
400 444 669
176 348 802
348 176 802
150 602 869
602 150 869
627 845 143
845 627 143
188 668 57
668 188 57
841 210 428
210 841 428
682 62 230
62 682 230
109 834 932
834 109 932
104 344 501
344 104 501
59 150 125
150 59 125
220 428 173
428 220 173
379 16 236
16 379 236
339 104 488
104 339 488
813 847 244
847 813 244
283 60 100
60 283 100
391 439 925
439 391 925
629 618 15
618 629 15
431 483 538
483 431 538
567 470 539
470 567 539
126 363 288
363 126 288
129 409 441
409 129 441
375 872 959
872 375 959
631 111 726
111 631 726
185 262 365
262 185 365
800 45 154
45 800 154
67 323 308
323 67 308
153 484 190
484 153 190
10 625 557
625 10 557
316 870 238
870 316 238
848 653 427
653 848 427
837 209 249
209 837 249
466 96 131
96 466 131
120 224 697
224 120 697
38 798 253
798 38 253
262 535 306
535 262 306
586 459 814
459 586 814
150 842 21
842 150 21
653 446 808
446 653 808
614 693 63
693 614 63
319 457 390
457 319 390
15 210 217
210 15 217
389 266 538
266 389 538
828 479 129
479 828 129
459 438 545
438 459 545
581 391 915
391 581 915
283 708 984
708 283 984
437 721 763
721 437 763
506 526 690
526 506 690
124 608 996
608 124 996
345 69 405
69 345 405
7 183 78
183 7 78
128 801 600
801 128 600
721 655 214
655 721 214
794 482 779
482 794 779
185 402 523
402 185 523
355 236 709
236 355 709
281 602 461
602 281 461
556 749 918
749 556 918
771 69 137
69 771 137
118 534 901
534 118 901
537 615 13
615 537 13
756 219 359
219 756 359
461 9 375
9 461 375
80 464 513
464 80 513
620 151 259
151 620 259
690 843 490
843 690 490
519 289 957
289 519 957
120 46 204
46 120 204
560 257 347
257 560 347
33 639 450
639 33 450
168 785 838
785 168 838
340 355 717
355 340 717
592 299 873
299 592 873
530 597 389
597 530 389
506 659 410
659 506 410
737 315 305
315 737 305
405 359 775
359 405 775
415 123 240
123 415 240
619 311 221
311 619 221
501 770 171
770 501 171
537 406 827
406 537 827
668 845 774
845 668 774
472 749 933
749 472 933
221 287 846
287 221 846
424 829 939
829 424 939
318 188 443
188 318 443
639 244 928
244 639 928
372 875 53
875 372 53
688 856 198
856 688 198
871 204 707
204 871 707
471 861 206
861 471 206
668 479 876
479 668 876
341 584 965
584 341 965
394 249 894
249 394 894
195 686 632
686 195 632
138 69 369
69 138 369
706 732 274
732 706 274
102 405 672
405 102 672
839 64 622
64 839 622
457 247 891
247 457 891
540 751 241
751 540 241
734 547 511
547 734 511
343 166 878
166 343 878
827 174 596
174 827 596
232 336 118
336 232 118
305 83 786
83 305 786
279 574 608
574 279 608
472 286 361
286 472 361
343 342 891
342 343 891
561 497 326
497 561 326
412 383 183
383 412 183
74 304 154
304 74 154
163 740 517
740 163 517
694 617 642
617 694 642
684 265 55
265 684 55
324 84 32
84 324 32
735 424 663
424 735 663
784 689 87
689 784 87
173 540 339
540 173 339
463 534 948
534 463 948
73 374 193
374 73 193
119 700 347
700 119 347
453 879 672
879 453 672
437 635 497
635 437 497
854 560 934
560 854 934
140 566 917
566 140 917
735 758 469
758 735 469
593 512 163
512 593 163
521 21 265
21 521 265
233 119 414
119 233 414
308 380 431
380 308 431
297 110 622
110 297 622
173 148 129
148 173 129
816 810 832
810 816 832
535 726 115
726 535 115
332 301 114
301 332 114
93 334 764
334 93 764
37 320 702
320 37 702
32 278 701
278 32 701
260 762 268
762 260 268
124 228 113
228 124 113
491 452 521
452 491 521
249 598 821
598 249 821
436 258 41
258 436 41
308 542 997
542 308 997
503 453 909
453 503 909
358 694 394
694 358 394
234 854 907
854 234 907
316 834 647
834 316 647
133 406 87
406 133 87
538 268 659
268 538 659
713 117 230
117 713 230
348 672 422
672 348 422
744 858 613
858 744 613
336 679 135
679 336 135
96 137 720
137 96 720
464 350 414
350 464 414
120 791 56
791 120 56
274 287 456
287 274 456
27 484 574
484 27 574
307 651 212
651 307 212
147 38 850
38 147 850
90 146 480
146 90 480
176 129 258
129 176 258
524 711 701
711 524 701
102 576 882
576 102 882
16 262 792
262 16 792
749 292 897
292 749 897
708 41 291
41 708 291
47 301 144
301 47 144
454 771 519
771 454 519
850 855 976
855 850 976
8 290 758
290 8 758
848 781 857
781 848 857
484 140 592
140 484 592
474 103 88
103 474 88
271 408 259
408 271 259
526 592 698
592 526 698
187 789 548
789 187 548
875 647 82
647 875 82
879 201 392
201 879 392
790 711 555
711 790 555
52 10 436
10 52 436
695 669 928
669 695 928
575 719 659
719 575 659
698 296 895
296 698 895
161 834 151
834 161 151
78 327 159
327 78 159
193 561 660
561 193 660
415 468 680
468 415 680
755 262 274
262 755 274
415 35 360
35 415 360
66 423 488
423 66 488
703 740 834
740 703 834
230 393 685
393 230 685
852 449 524
449 852 524
345 179 795
179 345 795
689 71 742
71 689 742
561 336 1000
336 561 1000
465 664 811
664 465 811
21 97 255
97 21 255
516 643 486
643 516 486
381 458 445
458 381 445
148 374 249
374 148 249
72 568 531
568 72 531
377 549 997
549 377 997
85 82 367
82 85 367
159 465 184
465 159 184
318 857 497
857 318 497
50 105 936
105 50 936
173 394 830
394 173 830
424 3 241
3 424 241
675 683 760
683 675 760
554 373 699
373 554 699
403 614 845
614 403 845
228 183 164
183 228 164
231 771 756
771 231 756
52 667 674
667 52 674
111 120 394
120 111 394
737 176 701
176 737 701
585 421 218
421 585 218
316 654 465
654 316 465
559 118 845
118 559 845
218 138 626
138 218 626
335 167 592
167 335 592
354 365 581
365 354 581
565 499 147
499 565 147
21 31 400
31 21 400
273 328 390
328 273 390
705 807 216
807 705 216
264 313 549
313 264 549
302 600 964
600 302 964
722 113 613
113 722 613
550 559 648
559 550 648
356 481 249
481 356 249
719 716 778
716 719 778
341 132 177
132 341 177
145 525 727
525 145 727
582 855 915
855 582 915
177 52 209
52 177 209
627 870 614
870 627 614
9 500 255
500 9 255
731 429 90
429 731 90
494 74 926
74 494 926
411 724 399
724 411 399
286 21 206
21 286 206
846 716 416
716 846 416
167 137 21
137 167 21
231 172 979
172 231 979
497 84 851
84 497 851
738 614 570
614 738 570
204 182 256
182 204 256
315 176 705
176 315 705
867 173 833
173 867 833
838 368 689
368 838 689
274 305 894
305 274 894
687 389 55
389 687 55
855 588 342
588 855 342
277 752 272
752 277 272
787 108 572
108 787 572
618 419 561
419 618 561
795 786 938
786 795 938
37 428 225
428 37 225
229 90 743
90 229 743
182 666 643
666 182 643
156 221 17
221 156 17
46 432 596
432 46 596
844 140 978
140 844 978
616 322 610
322 616 610
357 830 240
830 357 240
763 417 807
417 763 807
717 632 955
632 717 955
856 673 93
673 856 93
610 147 891
147 610 891
112 731 131
731 112 131
661 853 964
853 661 964
251 237 981
237 251 981
709 633 302
633 709 302
110 412 604
412 110 604
272 657 133
657 272 133
87 7 507
7 87 507
153 68 148
68 153 148
378 367 277
367 378 277
520 865 139
865 520 139
123 155 416
155 123 416
792 766 891
766 792 891
147 750 359
750 147 359
591 637 491
637 591 491
840 544 773
544 840 773
359 842 277
842 359 277
283 108 716
108 283 716
529 460 707
460 529 707
646 680 613
680 646 613
366 648 4
648 366 4
327 632 212
632 327 212
655 6 691
6 655 691
804 386 130
386 804 130
484 187 551
187 484 551
417 306 326
306 417 326
648 644 178
644 648 178
244 444 680
444 244 680
261 868 963
868 261 963
134 288 751
288 134 751
208 510 724
510 208 724
619 278 358
278 619 358
25 759 361
759 25 361
578 147 992
147 578 992
621 212 292
212 621 292
171 268 67
268 171 67
196 649 116
649 196 116
430 717 529
717 430 529
460 453 732
453 460 732
446 719 432
719 446 432
347 289 549
289 347 549
216 771 810
771 216 810
527 343 70
343 527 70
501 61 997
61 501 997
241 280 524
280 241 524
16 373 853
373 16 853
329 753 739
753 329 739
561 736 128
736 561 128
661 731 729
731 661 729
427 671 155
671 427 155
517 193 312
193 517 312
28 455 528
455 28 528
771 853 425
853 771 425
411 697 208
697 411 208
112 174 99
174 112 99
598 703 124
703 598 124
221 742 477
742 221 477
117 420 171
420 117 171
95 276 238
276 95 238
807 717 612
717 807 612
663 350 71
350 663 71
296 48 217
48 296 217
667 766 223
766 667 223
54 156 196
156 54 196
192 278 525
278 192 525
26 84 199
84 26 199
132 146 532
146 132 532
41 326 441
326 41 441
670 485 885
485 670 885
275 674 688
674 275 688
387 375 655
375 387 655
422 597 807
597 422 807
349 489 353
489 349 353
565 153 210
153 565 210
803 651 35
651 803 35
709 61 220
61 709 220
149 390 217
390 149 217
249 97 146
97 249 146
273 710 483
710 273 483
156 84 282
84 156 282
426 134 296
134 426 296
268 778 755
778 268 755
108 692 918
692 108 918
119 464 898
464 119 898
218 12 629
12 218 629
470 73 508
73 470 508
169 243 636
243 169 636
420 12 235
12 420 235
528 718 943
718 528 943
40 259 18
259 40 18
187 621 147
621 187 147
845 716 648
716 845 648
169 343 693
343 169 693
356 468 520
468 356 520
481 200 699
200 481 699
554 401 368
401 554 368
877 475 196
475 877 196
106 705 533
705 106 533
872 135 666
135 872 666
183 745 387
745 183 387
485 197 146
197 485 146
61 643 294
643 61 294
414 69 158
69 414 158
875 385 850
385 875 850
190 25 358
25 190 358
859 125 152
125 859 152
702 31 271
31 702 271
655 524 119
524 655 119
801 168 452
168 801 452
56 145 433
145 56 433
878 511 39
511 878 39
741 404 481
404 741 481
702 351 698
351 702 698
294 788 948
788 294 948
1 518 506
518 1 506
811 555 43
555 811 43
570 556 699
556 570 699
593 725 88
725 593 88
624 751 266
751 624 266
366 125 263
125 366 263
538 300 812
300 538 812
280 573 243
573 280 243
42 775 695
775 42 695
547 224 970
224 547 970
515 594 530
594 515 530
277 74 665
74 277 665
499 605 13
605 499 13
272 327 723
327 272 723
670 510 785
510 670 785
719 288 994
288 719 994
47 368 781
368 47 781
877 848 606
848 877 606
326 527 69
527 326 69
194 539 97
539 194 97
566 852 479
852 566 479
6 594 264
594 6 264
659 173 42
173 659 42
150 436 144
436 150 144
715 30 60
30 715 60
395 8 260
8 395 260
288 694 399
694 288 399
595 340 668
340 595 668
313 86 794
86 313 794
90 75 738
75 90 738
719 601 893
601 719 893
677 175 463
175 677 463
200 708 783
708 200 783
625 139 592
139 625 592
695 400 132
400 695 132
556 592 732
592 556 732
82 517 546
517 82 546
210 106 305
106 210 305
717 696 664
696 717 664
491 566 242
566 491 242
226 788 268
788 226 268
24 397 86
397 24 86
458 484 460
484 458 460
532 818 989
818 532 989
806 380 53
380 806 53
364 790 789
790 364 789
727 189 636
189 727 636
661 135 479
135 661 479
251 123 582
123 251 582
393 845 199
845 393 199
11 99 7
99 11 7
820 303 859
303 820 859
389 654 263
654 389 263
709 187 901
187 709 901
375 501 527
501 375 527
409 382 623
382 409 623
55 129 973
129 55 973
279 353 15
353 279 15
408 253 267
253 408 267
150 339 881
339 150 881
442 572 673
572 442 673
847 324 317
324 847 317
776 63 737
63 776 737
22 140 420
140 22 420
594 307 985
307 594 985
275 217 255
217 275 255
9 771 738
771 9 738
206 335 177
335 206 177
814 99 362
99 814 362
628 56 446
56 628 446
718 77 598
77 718 598
194 174 571
174 194 571
226 20 134
20 226 134
357 542 972
542 357 972
403 202 879
202 403 879
551 818 670
818 551 670
52 113 402
113 52 402
288 337 98
337 288 98
780 240 691
240 780 691
475 340 615
340 475 615
640 639 285
639 640 285
875 470 571
470 875 571
505 840 345
840 505 345
864 719 1
719 864 1
330 253 771
253 330 771
550 20 867
20 550 867
766 721 383
721 766 383
644 496 472
496 644 472
347 72 175
72 347 175
157 698 15
698 157 15
479 303 337
303 479 337
554 408 319
408 554 319
874 855 513
855 874 513
749 639 910
639 749 910
552 783 557
783 552 557
28 245 758
245 28 758
700 811 943
811 700 943
287 381 700
381 287 700
111 696 169
696 111 169
331 624 264
624 331 264
80 353 171
353 80 171
825 525 851
525 825 851
769 316 574
316 769 574
663 839 983
839 663 983
358 278 317
278 358 317
498 422 786
422 498 786
81 342 262
342 81 262
765 561 235
561 765 235
819 876 608
876 819 608
205 96 857
96 205 857
458 203 435
203 458 435
779 92 8
92 779 8
725 780 993
780 725 993
190 170 290
170 190 290
395 844 321
844 395 321
33 499 873
499 33 873
752 745 478
745 752 478
798 252 925
252 798 925
109 373 279
373 109 279
503 738 190
738 503 190
215 587 331
587 215 331
806 843 381
843 806 381
199 63 807
63 199 807
538 291 691
291 538 691
601 64 104
64 601 104
797 32 529
32 797 529
757 792 202
792 757 202
610 805 974
805 610 974
305 190 339
190 305 339
10 690 33
690 10 33
54 567 913
567 54 913
5 235 976
235 5 976
61 458 12
458 61 12
709 398 208
398 709 208
755 352 134
352 755 134
432 174 736
174 432 736
695 353 687
353 695 687
58 370 628
370 58 628
646 408 80
408 646 80
116 843 557
843 116 557
683 362 761
362 683 761
664 343 936
343 664 936
265 709 631
709 265 631
705 247 782
247 705 782
3 429 428
429 3 428
59 606 526
606 59 526
803 488 65
488 803 65
809 438 354
438 809 354
835 806 422
806 835 422
81 336 660
336 81 660
737 771 655
771 737 655
747 179 289
179 747 289
187 214 567
214 187 567
864 285 445
285 864 445
491 245 689
245 491 689
187 144 408
144 187 408
405 391 441
391 405 441
485 119 941
119 485 941
712 317 993
317 712 993
617 653 615
653 617 615
35 579 560
579 35 560
777 626 428
626 777 428
676 125 661
125 676 661
661 640 354
640 661 354
71 135 449
135 71 449
61 540 67
540 61 67
390 684 339
684 390 339
868 280 24
280 868 24
158 733 159
733 158 159
439 751 912
751 439 912
55 471 794
471 55 794
808 527 965
527 808 965
84 622 234
622 84 234
134 878 10
878 134 10
420 555 933
555 420 933
462 76 691
76 462 691
311 878 296
878 311 296
257 825 318
825 257 318
472 71 163
71 472 163
180 801 917
801 180 917
303 338 119
338 303 119
33 359 750
359 33 750
621 289 817
289 621 817
623 35 400
35 623 400
95 617 839
617 95 839
820 592 778
592 820 778
447 755 61
755 447 61
450 372 728
372 450 728
296 724 225
724 296 225
70 463 316
463 70 316
48 314 386
314 48 386
755 135 41
135 755 41
557 832 947
832 557 947
156 328 7
328 156 7
320 419 59
419 320 59
394 95 639
95 394 639
231 859 895
859 231 895
642 866 481
866 642 481
134 283 599
283 134 599
168 763 970
763 168 970
274 815 138
815 274 138
383 783 78
783 383 78
731 23 622
23 731 622
790 338 118
338 790 118
276 848 102
848 276 102
867 162 82
162 867 82
855 33 734
33 855 734
281 315 744
315 281 744
38 388 104
388 38 104
453 46 381
46 453 381
856 541 432
541 856 432
161 26 82
26 161 82
534 221 981
221 534 981
193 856 900
856 193 900
91 602 96
602 91 96
32 680 387
680 32 387
600 536 936
536 600 936
781 300 715
300 781 715
496 791 401
791 496 401
312 313 579
313 312 579
353 156 156
156 353 156
500 370 870
370 500 870
749 77 752
77 749 752
488 743 517
743 488 517
772 64 8
64 772 8
394 327 263
327 394 263
655 502 709
502 655 709
672 325 924
325 672 924
657 334 118
334 657 118
296 25 752
25 296 752
421 461 128
461 421 128
124 347 836
347 124 836
168 85 176
85 168 176
810 489 832
489 810 832
437 781 204
781 437 204
863 717 513
717 863 513
584 467 148
467 584 148
863 723 328
723 863 328
114 491 118
491 114 118
529 218 706
218 529 706
721 743 818
743 721 818
679 565 105
565 679 105
208 24 950
24 208 950
210 443 365
443 210 365
622 530 339
530 622 339
179 284 34
284 179 34
433 780 549
780 433 549
566 477 818
477 566 818
277 674 47
674 277 47
798 129 740
129 798 740
764 473 664
473 764 664
577 97 792
97 577 792
840 820 232
820 840 232
517 757 881
757 517 881
477 150 183
150 477 183
109 777 948
777 109 948
547 262 649
262 547 649
746 267 509
267 746 509
693 398 624
398 693 624
441 669 417
669 441 417
727 442 710
442 727 710
840 557 264
557 840 264
223 570 818
570 223 818
295 110 337
110 295 337
279 370 239
370 279 239
238 48 838
48 238 838
709 622 658
622 709 658
546 431 878
431 546 878
114 710 896
710 114 896
791 637 460
637 791 460
441 374 984
374 441 984
473 751 354
751 473 354
77 371 789
371 77 789
680 750 428
750 680 428
98 334 491
334 98 491
87 653 697
653 87 697
289 576 824
576 289 824
346 554 910
554 346 910
364 389 782
389 364 782
118 542 682
542 118 682
385 787 766
787 385 766
467 567 775
567 467 775
268 704 157
704 268 157
462 31 390
31 462 390
696 715 983
715 696 983
366 108 658
108 366 658
346 456 258
456 346 258
103 551 955
551 103 955
110 671 2
671 110 2
639 346 189
346 639 189
808 144 256
144 808 256
634 121 262
121 634 262
376 876 431
876 376 431
767 578 745
578 767 745
135 352 475
352 135 475
630 625 619
625 630 619
167 871 258
871 167 258
653 569 384
569 653 384
308 770 23
770 308 23
363 735 526
735 363 526
689 800 432
800 689 432
759 137 671
137 759 671
771 350 739
350 771 739
699 595 424
595 699 424
222 351 974
351 222 974
586 633 729
633 586 729
877 532 30
532 877 30
678 462 829
462 678 829
329 266 358
266 329 358
736 206 536
206 736 536
696 239 761
239 696 761
616 606 921
606 616 921
785 659 189
659 785 189
92 302 772
302 92 772
83 295 364
295 83 364
411 60 440
60 411 440
236 575 99
575 236 99
331 153 620
153 331 620
710 499 131
499 710 131
55 879 866
879 55 866
825 333 158
333 825 158
580 142 978
142 580 978
571 369 503
369 571 503
318 731 537
731 318 537
765 387 229
387 765 229
24 448 369
448 24 369
189 43 403
43 189 403
522 768 665
768 522 665
184 357 314
357 184 314
186 205 143
205 186 143
484 130 956
130 484 956
225 216 45
216 225 45
316 25 482
25 316 482
758 707 536
707 758 536
361 168 643
168 361 643
449 862 138
862 449 138
862 7 82
7 862 82
35 94 942
94 35 942
26 697 934
697 26 934
169 557 337
557 169 337
479 518 639
518 479 639
609 0 313
0 609 313
304 60 594
60 304 594
465 652 789
652 465 789
97 810 772
810 97 772
785 370 414
370 785 414
463 456 93
456 463 93
799 46 273
46 799 273
589 232 685
232 589 685
678 280 148
280 678 148
31 658 210
658 31 210
128 135 643
135 128 643
747 172 274
172 747 274
486 355 140
355 486 140
624 481 371
481 624 371
384 387 829
387 384 829
157 833 251
833 157 251
573 447 999
447 573 999
307 525 348
525 307 348
403 575 509
575 403 509
47 476 549
476 47 549
617 500 455
500 617 455
32 596 178
596 32 178
174 338 323
338 174 323
738 759 957
759 738 957
452 435 730
435 452 730
371 487 387
487 371 387
481 823 335
823 481 335
540 480 876
480 540 876
128 394 193
394 128 193
637 493 309
493 637 309
41 203 173
203 41 173
368 270 162
270 368 162
785 807 81
807 785 81
242 262 916
262 242 916
188 837 108
837 188 108
16 663 762
663 16 762
90 112 474
112 90 474
187 155 144
155 187 144
339 445 59
445 339 59
487 136 647
136 487 647
630 317 413
317 630 413
308 681 288
681 308 288
283 146 594
146 283 594
278 824 873
824 278 873
255 35 865
35 255 865
249 711 923
711 249 923
279 237 463
237 279 463
538 820 782
820 538 782
550 534 178
534 550 178
788 104 413
104 788 413
347 527 938
527 347 938
704 391 741
391 704 741
351 524 652
