98 216 41
216 98 41
66 98 414
98 66 414
238 98 991
98 238 991
124 66 597
66 124 597
232 98 516
98 232 516
35 66 143
66 35 143
197 216 633
216 197 633
209 124 931
124 209 931
140 66 317
66 140 317
25 98 920
98 25 920
226 25 338
25 226 338
125 209 103
209 125 103
93 35 323
35 93 323
164 25 934
25 164 934
54 209 488
209 54 488
119 209 63
209 119 63
220 216 95
216 220 95
195 125 727
125 195 727
228 216 626
216 228 626
135 25 249
25 135 249
200 25 720
25 200 720
244 66 195
66 244 195
156 197 244
197 156 244
224 124 822
124 224 822
150 164 93
164 150 93
20 25 896
25 20 896
142 54 111
54 142 111
82 220 298
220 82 298
199 238 560
238 199 560
91 20 944
20 91 944
154 35 986
35 154 986
234 195 455
195 234 455
24 224 324
224 24 324
167 54 297
54 167 297
51 125 841
125 51 841
52 66 627
66 52 627
191 119 487
119 191 487
17 232 695
232 17 695
227 209 897
209 227 897
43 66 862
66 43 862
22 167 699
167 22 699
115 24 282
24 115 282
158 54 869
54 158 869
65 158 603
158 65 603
127 191 281
191 127 281
137 154 676
154 137 676
198 65 938
65 198 938
251 244 84
244 251 84
99 227 118
227 99 118
151 191 645
191 151 645
102 125 248
125 102 248
4 137 277
137 4 277
36 127 225
127 36 225
116 151 174
151 116 174
105 142 835
142 105 835
16 35 801
35 16 801
47 116 714
116 47 714
72 66 836
66 72 836
187 43 931
43 187 931
177 17 696
17 177 696
23 98 127
98 23 127
213 125 620
125 213 620
192 197 400
197 192 400
31 198 853
198 31 853
40 124 620
124 40 620
6 224 984
224 6 984
67 54 490
54 67 490
75 197 959
197 75 959
240 66 557
66 240 557
148 125 855
125 148 855
90 209 226
209 90 226
27 17 358
17 27 358
159 156 62
156 159 62
180 187 40
187 180 40
215 125 716
125 215 716
141 150 266
150 141 266
129 177 858
177 129 858
208 200 714
200 208 714
250 20 989
20 250 989
18 135 865
135 18 865
61 158 542
158 61 542
94 54 611
54 94 611
169 244 13
244 169 13
178 4 921
4 178 921
218 40 939
40 218 939
114 169 365
169 114 365
147 178 256
178 147 256
59 90 707
90 59 707
3 72 759
72 3 759
33 115 756
115 33 756
14 240 287
240 14 287
57 91 780
91 57 780
193 127 624
127 193 624
113 114 367
114 113 367
243 61 874
61 243 874
254 119 732
119 254 732
126 99 766
99 126 766
172 169 82
169 172 82
0 141 196
141 0 196
138 135 245
135 138 245
92 61 458
61 92 458
162 33 896
33 162 896
245 36 32
36 245 32
173 3 581
3 173 581
182 172 678
172 182 678
19 200 456
200 19 456
32 24 718
24 32 718
73 47 540
47 73 540
217 90 618
90 217 618
1 124 506
124 1 506
145 227 857
227 145 857
211 35 828
35 211 828
188 224 561
224 188 561
44 32 742
32 44 742
64 98 411
98 64 411
194 43 3
43 194 3
100 98 734
98 100 734
2 182 691
182 2 691
253 208 100
208 253 100
88 54 622
54 88 622
96 145 309
145 96 309
133 59 186
59 133 186
53 177 874
177 53 874
201 18 83
18 201 83
11 51 935
51 11 935
230 162 811
162 230 811
63 1 262
1 63 262
41 59 117
59 41 117
225 227 285
227 225 285
221 124 43
124 221 43
12 4 697
4 12 697
77 18 969
18 77 969
103 25 866
25 103 866
202 230 729
230 202 729
171 100 655
100 171 655
118 243 892
243 118 892
146 127 212
127 146 212
107 180 9
180 107 9
45 17 277
17 45 277
95 114 808
114 95 808
109 156 346
156 109 346
229 140 42
140 229 42
80 22 153
22 80 153
170 180 369
180 170 369
120 95 132
95 120 132
85 199 489
199 85 489
222 23 956
23 222 956
15 208 183
208 15 183
161 195 309
195 161 309
128 178 306
178 128 306
132 142 101
142 132 101
179 53 485
53 179 485
108 147 127
147 108 127
157 199 716
199 157 716
165 217 38
217 165 38
89 218 752
218 89 752
235 227 941
227 235 941
56 170 384
170 56 384
214 244 67
244 214 67
30 151 767
151 30 767
76 54 394
54 76 394
7 150 403
150 7 403
203 77 296
77 203 296
163 11 807
11 163 807
210 105 433
105 210 433
37 113 225
113 37 225
97 161 795
161 97 795
68 1 196
1 68 196
136 199 65
199 136 65
10 202 462
202 10 462
79 91 509
91 79 509
160 40 212
40 160 212
26 105 638
105 26 638
62 20 202
20 62 202
189 254 370
254 189 370
236 17 107
17 236 107
249 201 151
201 249 151
242 245 653
245 242 653
183 103 507
103 183 507
139 63 510
63 139 510
84 107 624
107 84 624
104 66 348
66 104 348
144 94 36
94 144 36
246 191 895
191 246 895
117 157 802
157 117 802
70 126 596
126 70 596
143 144 723
144 143 723
233 119 819
119 233 819
42 77 889
77 42 889
28 119 230
119 28 230
69 25 307
25 69 307
5 44 338
44 5 338
231 22 819
22 231 819
48 97 471
97 48 471
110 225 391
225 110 391
248 171 514
171 248 514
13 85 92
85 13 92
190 77 776
77 190 776
176 228 764
228 176 764
130 231 211
231 130 211
86 146 922
146 86 922
185 19 845
19 185 845
153 185 995
185 153 995
122 165 600
165 122 600
74 122 20
122 74 20
219 216 758
216 219 758
58 129 519
129 58 519
204 40 340
40 204 340
34 230 880
230 34 880
101 129 791
129 101 791
166 172 829
172 166 829
152 54 167
54 152 167
252 234 244
234 252 244
112 70 849
70 112 849
134 164 964
164 134 964
21 53 427
53 21 427
60 11 911
11 60 911
46 160 715
160 46 715
78 58 361
58 78 361
205 140 626
140 205 626
223 172 469
172 223 469
38 150 482
150 38 482
83 232 33
232 83 33
175 56 135
56 175 135
184 94 107
94 184 107
206 95 664
95 206 664
111 99 392
99 111 392
241 190 796
190 241 796
155 82 902
82 155 902
9 89 717
89 9 717
168 235 647
235 168 647
121 37 127
37 121 127
247 104 636
104 247 636
106 86 869
86 106 869
50 247 396
247 50 396
131 106 763
106 131 763
49 77 881
77 49 881
87 140 800
140 87 800
207 188 380
188 207 380
212 251 466
251 212 466
81 185 647
185 81 647
29 226 923
226 29 923
8 201 261
201 8 261
39 81 532
81 39 532
239 85 896
85 239 896
149 72 95
72 149 95
196 225 312
225 196 312
55 191 436
191 55 436
186 73 945
73 186 945
71 207 107
207 71 107
237 119 101
119 237 101
174 190 159
190 174 159
123 185 457
185 123 457
181 189 427
189 181 427
197 63 941
63 197 941
223 149 332
149 223 332
246 31 80
31 246 80
33 195 124
195 33 124
14 249 30
249 14 30
59 3 182
3 59 182
66 152 997
152 66 997
187 34 374
34 187 374
195 179 914
179 195 914
52 36 3
36 52 3
4 68 689
68 4 689
143 212 922
212 143 922
154 69 7
69 154 7
215 113 706
113 215 706
35 87 619
87 35 619
187 78 145
78 187 145
198 194 115
194 198 115
133 84 982
84 133 982
6 24 28
24 6 28
196 36 370
36 196 370
218 96 983
96 218 983
180 215 959
215 180 959
175 239 566
239 175 566
7 169 188
169 7 188
132 181 82
181 132 82
20 118 594
118 20 594
208 43 385
43 208 385
155 191 968
191 155 968
234 74 228
74 234 228
18 221 248
221 18 248
177 231 188
231 177 188
180 243 429
243 180 429
136 226 881
226 136 881
24 108 21
108 24 21
138 228 719
228 138 719
195 24 430
24 195 430
141 95 426
95 141 426
42 49 145
49 42 145
132 73 305
73 132 305
203 33 86
33 203 86
192 188 647
188 192 647
113 203 971
203 113 971
171 164 385
164 171 385
173 66 427
66 173 427
149 70 922
70 149 922
94 211 208
211 94 208
243 215 975
215 243 975
88 156 973
156 88 973
198 153 111
153 198 111
148 82 571
82 148 571
165 236 157
236 165 157
153 183 456
183 153 456
49 162 189
162 49 189
248 32 442
32 248 442
65 192 982
192 65 982
194 147 959
147 194 959
103 52 363
52 103 363
2 76 652
76 2 652
244 53 773
53 244 773
4 215 1
215 4 1
152 242 459
242 152 459
56 2 7
2 56 7
105 141 117
141 105 117
248 71 644
71 248 644
129 45 623
45 129 623
227 73 723
73 227 723
5 88 94
88 5 94
26 63 778
63 26 778
239 187 556
187 239 556
110 245 286
245 110 286
76 237 22
237 76 22
91 240 904
240 91 904
79 25 0
25 79 0
40 92 538
92 40 538
111 15 727
15 111 727
92 188 104
188 92 104
69 31 362
31 69 362
27 83 773
83 27 773
160 121 200
121 160 200
179 200 36
200 179 36
195 185 268
185 195 268
208 118 348
118 208 348
91 171 880
171 91 880
192 241 942
241 192 942
110 22 69
22 110 69
19 205 296
205 19 296
27 103 137
103 27 137
85 103 642
103 85 642
36 118 107
118 36 107
182 39 649
39 182 649
45 245 759
245 45 759
176 168 807
168 176 807
90 180 452
180 90 452
243 120 643
120 243 643
51 43 126
43 51 126
242 91 390
91 242 390
162 132 479
132 162 479
51 80 684
80 51 684
141 33 647
33 141 647
96 28 425
28 96 425
105 133 500
133 105 500
249 41 325
41 249 325
230 37 981
37 230 981
54 188 307
188 54 307
52 28 507
28 52 507
93 111 636
111 93 636
105 35 363
35 105 363
88 138 909
138 88 909
181 66 866
66 181 866
202 71 68
71 202 68
189 223 83
223 189 83
189 8 759
8 189 759
131 79 404
79 131 404
98 57 42
57 98 42
199 56 3
56 199 3
240 83 655
83 240 655
183 180 744
180 183 744
9 72 144
72 9 144
5 85 294
85 5 294
251 20 444
20 251 444
100 144 338
144 100 338
172 158 338
158 172 338
32 210 918
210 32 918
189 145 151
145 189 151
44 87 725
87 44 725
191 202 323
202 191 323
24 36 932
36 24 932
198 188 357
188 198 357
185 237 398
237 185 398
217 219 503
219 217 503
0 70 225
70 0 225
153 151 449
151 153 449
212 4 600
4 212 600
84 125 927
125 84 927
0 209 239
209 0 239
7 200 891
200 7 891
198 193 58
193 198 58
28 203 693
203 28 693
65 187 625
187 65 625
141 89 88
89 141 88
139 38 524
38 139 524
5 27 789
27 5 789
175 206 361
206 175 361
182 100 55
100 182 55
76 242 528
242 76 528
10 39 664
39 10 664
39 95 952
95 39 952
233 207 440
207 233 440
15 194 501
194 15 501
40 139 487
139 40 487
105 114 272
114 105 272
25 93 166
93 25 166
3 216 296
216 3 296
97 98 143
98 97 143
119 86 438
86 119 438
62 16 993
16 62 993
165 92 571
92 165 571
50 16 464
16 50 464
99 114 622
114 99 622
20 165 904
165 20 904
200 153 326
153 200 326
94 146 466
146 94 466
241 169 261
169 241 261
197 103 45
103 197 45
251 113 82
113 251 82
36 38 537
38 36 537
59 251 857
251 59 857
102 31 688
31 102 688
70 233 308
233 70 308
250 77 880
77 250 880
172 40 493
40 172 493
59 83 729
83 59 729
23 226 313
226 23 313
207 109 74
109 207 74
66 100 507
100 66 507
117 211 48
211 117 48
106 58 422
58 106 422
71 230 471
230 71 471
211 91 87
91 211 87
135 23 101
23 135 101
166 110 157
110 166 157
182 206 941
206 182 941
116 211 627
211 116 627
228 34 437
34 228 437
80 231 907
231 80 907
152 138 40
138 152 40
239 137 255
137 239 255
11 16 131
16 11 131
134 38 285
38 134 285
207 33 327
33 207 327
181 145 109
145 181 109
229 9 292
9 229 292
89 107 807
107 89 807
102 104 303
104 102 303
176 188 526
188 176 526
157 2 549
2 157 549
7 6 279
6 7 279
187 124 121
124 187 121
235 130 728
130 235 728
150 65 750
65 150 750
19 192 223
192 19 223
27 184 753
184 27 753
68 98 759
98 68 759
146 12 438
12 146 438
78 125 124
125 78 124
172 210 279
210 172 279
91 55 754
55 91 754
170 14 235
14 170 235
160 144 720
144 160 720
45 136 288
136 45 288
16 42 851
42 16 851
9 23 66
23 9 66
77 208 690
208 77 690
169 187 382
187 169 382
30 133 293
133 30 293
161 158 140
158 161 140
58 238 566
238 58 566
225 169 375
169 225 375
161 7 25
7 161 25
58 24 897
24 58 897
92 227 999
227 92 999
127 221 78
221 127 78
167 110 211
110 167 211
130 106 793
106 130 793
63 120 785
120 63 785
242 55 218
55 242 218
177 143 135
143 177 135
204 187 778
187 204 778
172 33 623
33 172 623
132 24 644
24 132 644
63 9 939
9 63 939
142 235 853
235 142 853
35 202 610
202 35 610
14 11 466
11 14 466
250 238 981
238 250 981
16 229 668
229 16 668
22 136 900
136 22 900
230 58 976
58 230 976
233 53 559
53 233 559
18 139 868
139 18 868
135 6 140
6 135 140
157 162 720
162 157 720
251 101 324
101 251 324
86 180 393
180 86 393
81 54 213
54 81 213
140 18 743
18 140 743
69 149 255
149 69 255
147 205 451
205 147 451
79 117 675
117 79 675
68 47 266
47 68 266
59 79 166
79 59 166
208 124 364
124 208 364
85 107 59
107 85 59
143 76 154
76 143 154
33 232 502
232 33 502
30 54 25
54 30 25
23 238 231
238 23 231
29 97 334
97 29 334
220 101 63
101 220 63
59 55 679
55 59 679
73 167 913
167 73 913
131 105 459
105 131 459
145 52 366
52 145 366
250 127 664
127 250 664
178 70 804
70 178 804
69 173 391
173 69 391
66 241 270
241 66 270
118 74 753
74 118 753
237 189 721
189 237 721
2 48 42
48 2 42
170 50 125
50 170 125
173 39 399
39 173 399
158 216 512
216 158 512
51 214 889
214 51 889
136 12 860
12 136 860
143 183 151
183 143 151
135 178 243
178 135 243
134 152 840
152 134 840
127 192 968
192 127 968
232 39 825
39 232 825
155 158 760
158 155 760
86 112 700
112 86 700
80 158 735
158 80 735
135 217 949
217 135 949
223 108 106
108 223 106
56 30 468
30 56 468
84 17 629
17 84 629
157 25 258
25 157 258
147 219 755
219 147 755
143 254 27
254 143 27
30 87 910
87 30 910
140 63 91
63 140 91
14 180 687
180 14 687
17 100 241
100 17 241
225 14 166
14 225 166
233 5 414
5 233 414
114 240 822
240 114 822
230 81 402
81 230 402
238 171 922
171 238 922
159 95 480
95 159 480
71 209 791
209 71 791
118 85 565
85 118 565
67 207 703
207 67 703
140 194 404
194 140 404
246 91 413
91 246 413
59 230 52
230 59 52
232 240 757
240 232 757
181 209 260
209 181 260
62 15 719
15 62 719
190 49 296
49 190 296
181 110 212
110 181 212
110 171 528
171 110 528
147 172 854
172 147 854
55 31 213
31 55 213
199 170 337
170 199 337
219 196 965
196 219 965
131 213 600
213 131 600
160 246 545
246 160 545
62 175 361
175 62 361
22 106 888
106 22 888
9 227 338
227 9 338
21 69 839
69 21 839
66 161 835
161 66 835
93 170 159
170 93 159
8 59 371
59 8 371
180 30 300
30 180 300
94 230 801
230 94 801
245 108 441
108 245 441
174 158 1
158 174 1
86 52 582
52 86 582
226 188 128
188 226 128
147 49 9
49 147 9
29 246 491
246 29 491
121 29 680
29 121 680
34 136 797
136 34 797
40 69 626
69 40 626
251 220 562
220 251 562
207 73 285
73 207 285
8 152 178
152 8 178
171 158 64
158 171 64
68 203 161
203 68 161
15 82 964
82 15 964
225 76 815
76 225 815
45 157 393
157 45 393
231 145 272
145 231 272
250 27 13
27 250 13
217 176 839
176 217 839
144 90 968
90 144 968
6 146 539
146 6 539
109 61 350
61 109 350
251 139 801
139 251 801
1 185 145
185 1 145
21 98 768
98 21 768
221 227 803
227 221 803
136 183 945
183 136 945
130 170 393
170 130 393
57 2 972
2 57 972
140 80 934
80 140 934
182 7 628
7 182 628
122 48 233
48 122 233
9 124 370
124 9 370
171 237 963
237 171 963
43 62 199
62 43 199
76 33 642
33 76 642
183 63 19
63 183 19
143 233 255
233 143 255
85 241 247
241 85 247
148 198 967
198 148 967
48 49 430
49 48 430
228 85 458
85 228 458
177 28 730
28 177 730
64 223 521
223 64 521
155 219 829
219 155 829
139 150 980
150 139 980
251 115 451
115 251 451
131 119 950
119 131 950
217 7 404
7 217 404
212 240 258
240 212 258
145 184 775
184 145 775
190 14 624
14 190 624
169 156 314
156 169 314
197 230 11
230 197 11
110 31 207
31 110 207
110 92 395
92 110 395
145 190 650
190 145 650
30 160 398
160 30 398
242 184 842
184 242 842
140 161 476
161 140 476
33 152 582
152 33 582
234 170 727
170 234 727
90 169 841
169 90 841
35 92 485
92 35 485
50 103 138
103 50 138
25 170 885
170 25 885
59 57 4
57 59 4
220 144 113
144 220 113
79 107 482
107 79 482
226 18 950
18 226 950
134 21 977
21 134 977
81 35 322
35 81 322
138 168 128
168 138 128
237 181 783
181 237 783
7 148 416
148 7 416
79 52 609
52 79 609
191 245 887
245 191 887
208 221 61
221 208 61
22 234 914
234 22 914
167 247 492
247 167 492
139 163 733
163 139 733
110 117 47
117 110 47
70 101 532
101 70 532
226 101 568
101 226 568
236 28 714
28 236 714
76 0 972
0 76 972
137 59 819
59 137 819
161 204 84
204 161 84
135 80 178
80 135 178
204 67 206
67 204 206
122 6 335
6 122 335
183 84 259
84 183 259
130 6 529
6 130 529
207 194 931
194 207 931
227 231 921
231 227 921
44 109 156
109 44 156
140 76 599
76 140 599
127 163 524
163 127 524
209 155 775
155 209 775
18 34 969
34 18 969
195 99 663
99 195 663
185 194 625
194 185 625
23 58 469
58 23 469
103 43 726
43 103 726
218 247 670
247 218 670
167 96 790
96 167 790
229 164 556
164 229 556
200 101 530
101 200 530
147 216 832
216 147 832
190 135 106
135 190 106
217 33 583
33 217 583
64 218 853
218 64 853
254 12 370
12 254 370
174 134 882
134 174 882
7 91 139
91 7 139
61 131 23
131 61 23
137 143 128
143 137 128
124 114 907
114 124 907
165 99 45
99 165 45
182 210 63
210 182 63
242 250 815
250 242 815
0 247 53
247 0 53
108 248 813
248 108 813
104 158 366
158 104 366
50 252 949
252 50 949
228 173 55
173 228 55
211 33 618
33 211 618
9 56 774
56 9 774
40 250 576
250 40 576
60 74 464
74 60 464
182 137 31
137 182 31
194 74 270
74 194 270
251 8 396
8 251 396
119 14 98
14 119 98
154 3 21
3 154 21
127 245 630
245 127 630
236 97 918
97 236 918
238 94 467
94 238 467
185 109 763
109 185 763
83 249 507
249 83 507
96 135 878
135 96 878
93 146 882
146 93 882
162 185 802
185 162 802
78 131 268
131 78 268
197 210 528
210 197 528
224 112 846
112 224 846
135 218 367
218 135 367
39 150 482
150 39 482
196 209 157
209 196 157
121 77 640
77 121 640
219 159 982
159 219 982
140 216 385
216 140 385
114 43 967
43 114 967
95 242 150
242 95 150
22 65 798
65 22 798
50 43 655
43 50 655
62 213 965
213 62 965
175 207 639
207 175 639
178 29 24
29 178 24
53 239 909
239 53 909
30 26 407
26 30 407
226 47 246
47 226 246
7 27 336
27 7 336
158 196 243
196 158 243
33 47 167
47 33 167
175 32 474
32 175 474
193 175 578
175 193 578
51 172 578
172 51 578
13 238 166
238 13 166
87 161 5
161 87 5
189 0 735
0 189 735
74 65 152
65 74 152
124 35 843
35 124 843
94 221 3
221 94 3
140 125 795
125 140 795
131 82 586
82 131 586
89 191 797
191 89 797
227 160 805
160 227 805
126 86 27
86 126 27
32 145 581
145 32 581
247 189 340
189 247 340
104 192 944
192 104 944
51 193 522
193 51 522
105 118 409
118 105 409
195 173 579
173 195 579
68 3 989
3 68 989
224 1 917
1 224 917
145 213 482
213 145 482
126 47 938
47 126 938
92 23 660
23 92 660
53 92 942
92 53 942
15 220 855
220 15 855
31 148 906
148 31 906
202 243 555
243 202 555
232 157 626
157 232 626
176 96 897
96 176 897
177 148 41
148 177 41
89 94 888
94 89 888
122 138 987
138 122 987
30 142 547
142 30 547
175 46 49
46 175 49
52 104 401
104 52 401
35 248 431
248 35 431
143 38 999
38 143 999
138 1 946
1 138 946
20 104 471
104 20 471
157 22 173
22 157 173
147 96 420
96 147 420
43 132 940
132 43 940
181 223 290
223 181 290
110 41 115
41 110 115
87 113 353
113 87 353
52 30 366
30 52 366
248 96 645
96 248 645
77 5 55
5 77 55
151 175 980
175 151 980
40 127 740
127 40 740
161 169 303
169 161 303
126 7 42
7 126 42
180 109 441
109 180 441
209 62 420
62 209 420
75 254 745
254 75 745
36 59 137
59 36 137
24 82 627
82 24 627
14 115 31
115 14 31
1 222 407
222 1 407
2 228 657
228 2 657
84 62 79
62 84 79
176 73 557
73 176 557
117 109 141
109 117 141
158 227 212
227 158 212
115 72 30
72 115 30
202 167 838
167 202 838
230 14 921
14 230 921
184 214 753
214 184 753
159 144 812
144 159 812
218 189 121
189 218 121
74 149 936
149 74 936
46 112 418
112 46 418
13 205 268
205 13 268
9 43 350
43 9 350
30 41 991
41 30 991
178 118 711
118 178 711
191 247 385
247 191 385
174 42 761
42 174 761
229 208 240
208 229 240
184 106 387
106 184 387
59 0 971
0 59 971
88 221 313
221 88 313
149 173 416
173 149 416
204 150 699
150 204 699
186 227 151
227 186 151
98 161 609
161 98 609
7 139 957
139 7 957
184 77 109
77 184 109
242 176 662
176 242 662
242 4 610
4 242 610
163 157 525
157 163 525
82 75 705
75 82 705
143 235 172
235 143 172
254 200 812
200 254 812
140 199 913
199 140 913
57 34 739
34 57 739
53 61 110
61 53 110
26 64 377
64 26 377
161 242 259
242 161 259
10 201 831
201 10 831
190 72 944
72 190 944
43 80 564
80 43 564
166 155 79
155 166 79
176 78 520
78 176 520
50 206 172
206 50 172
35 166 658
166 35 658
60 115 899
115 60 899
181 77 418
77 181 418
165 136 213
136 165 213
211 84 700
84 211 700
245 67 21
67 245 21
128 167 941
167 128 941
0 158 906
158 0 906
211 170 54
170 211 54
106 254 951
254 106 951
74 244 659
244 74 659
128 245 342
245 128 342
187 225 894
225 187 894
194 25 491
25 194 491
56 20 275
20 56 275
252 225 502
225 252 502
109 210 403
210 109 403
96 67 185
67 96 185
72 107 373
107 72 373
43 129 872
129 43 872
165 152 938
152 165 938
52 194 70
194 52 70
149 220 489
220 149 489
138 170 975
170 138 975
173 229 94
229 173 94
67 53 235
53 67 235
204 82 303
82 204 303
52 57 831
57 52 831
224 51 674
51 224 674
223 164 842
164 223 842
10 51 600
51 10 600
80 151 7
151 80 7
209 205 414
205 209 414
229 183 773
183 229 773
157 11 731
11 157 731
236 142 953
142 236 953
96 80 355
80 96 355
83 176 351
176 83 351
83 224 702
224 83 702
98 72 509
72 98 509
112 237 318
237 112 318
148 47 9
47 148 9
230 33 969
33 230 969
39 221 948
221 39 948
147 156 79
156 147 79
208 85 432
85 208 432
47 42 376
42 47 376
149 126 881
126 149 881
48 191 237
191 48 237
159 207 204
207 159 204
28 190 492
190 28 492
68 184 800
184 68 800
14 27 393
27 14 393
89 24 851
24 89 851
176 91 410
91 176 410
33 41 889
41 33 889
88 72 671
72 88 671
84 243 647
243 84 647
106 14 442
14 106 442
90 14 996
14 90 996
162 248 784
248 162 784
104 181 289
181 104 289
223 20 491
20 223 491
168 180 123
180 168 123
44 227 352
227 44 352
87 213 761
213 87 761
198 49 978
49 198 978
114 63 234
63 114 234
82 62 393
62 82 393
186 0 475
0 186 475
12 2 958
2 12 958
71 170 848
170 71 848
56 16 691
16 56 691
162 41 318
41 162 318
201 187 322
187 201 322
77 189 1
189 77 1
156 61 403
61 156 403
241 8 232
8 241 232
101 196 441
196 101 441
237 125 589
125 237 589
13 25 416
25 13 416
156 67 205
67 156 205
117 169 182
169 117 182
82 137 816
137 82 816
242 193 28
193 242 28
187 8 44
8 187 44
66 126 547
126 66 547
98 24 119
24 98 119
101 157 620
157 101 620
207 247 204
247 207 204
135 42 477
42 135 477
151 60 1
60 151 1
103 155 636
155 103 636
21 19 68
19 21 68
146 49 239
49 146 239
72 49 425
49 72 425
126 96 826
96 126 826
216 145 215
145 216 215
126 186 783
186 126 783
25 235 977
235 25 977
75 161 355
161 75 355
139 113 846
113 139 846
114 26 464
26 114 464
163 167 610
167 163 610
77 156 257
156 77 257
81 20 731
20 81 731
20 240 24
240 20 24
249 52 635
52 249 635
13 68 139
68 13 139
126 36 586
36 126 586
186 68 327
68 186 327
102 32 520
32 102 520
41 91 573
91 41 573
142 249 932
249 142 932
96 154 521
154 96 521
241 44 481
44 241 481
127 194 560
194 127 560
114 234 426
234 114 426
40 254 80
254 40 80
170 225 343
225 170 343
34 101 883
101 34 883
187 194 254
194 187 254
3 53 793
53 3 793
207 182 24
182 207 24
44 117 909
117 44 909
98 109 414
109 98 414
239 110 793
110 239 793
44 47 439
47 44 439
23 31 488
31 23 488
96 52 233
52 96 233
211 27 368
27 211 368
97 201 613
201 97 613
87 49 152
49 87 152
55 152 534
152 55 534
189 244 192
244 189 192
141 87 530
87 141 530
76 160 125
160 76 125
29 54 158
54 29 158
147 140 342
140 147 342
38 214 824
214 38 824
22 248 921
248 22 921
253 0 694
0 253 694
251 182 508
182 251 508
99 115 400
115 99 400
125 86 970
86 125 970
74 13 984
13 74 984
114 111 778
111 114 778
62 152 533
152 62 533
251 117 335
117 251 335
137 77 945
77 137 945
107 104 871
104 107 871
179 161 444
161 179 444
17 7 705
7 17 705
56 230 920
230 56 920
136 85 951
85 136 951
116 108 451
108 116 451
209 213 499
213 209 499
168 157 863
157 168 863
61 229 748
229 61 748
151 216 44
216 151 44
54 213 453
213 54 453
83 160 624
160 83 624
47 136 700
136 47 700
142 205 988
205 142 988
231 77 435
77 231 435
131 210 649
210 131 649
123 159 906
159 123 906
62 114 505
114 62 505
189 99 167
99 189 167
243 229 863
229 243 863
14 144 448
144 14 448
138 211 679
211 138 679
61 21 479
21 61 479
220 191 225
191 220 225
231 199 769
199 231 769
227 39 958
39 227 958
138 8 475
8 138 475
84 36 913
36 84 913
113 226 21
226 113 21
245 244 874
244 245 874
182 161 583
161 182 583
83 185 421
185 83 421
107 36 648
36 107 648
98 239 684
239 98 684
167 171 658
171 167 658
121 11 316
11 121 316
126 45 550
45 126 550
119 135 619
135 119 619
55 143 504
143 55 504
5 238 208
238 5 208
32 235 775
235 32 775
57 250 85
250 57 85
28 232 785
232 28 785
219 23 628
23 219 628
196 223 28
223 196 28
128 223 981
223 128 981
12 113 157
113 12 157
253 6 112
6 253 112
132 44 285
44 132 285
175 112 224
112 175 224
126 172 763
172 126 763
225 49 347
49 225 347
72 101 604
101 72 604
67 244 45
244 67 45
227 18 641
18 227 641
161 170 496
170 161 496
119 39 539
39 119 539
133 145 327
145 133 327
172 70 893
70 172 893
35 199 444
199 35 444
165 10 958
10 165 958
149 167 779
167 149 779
52 206 31
206 52 31
91 139 440
139 91 440
192 209 644
209 192 644
240 67 393
67 240 393
199 59 298
59 199 298
243 235 822
235 243 822
203 251 762
251 203 762
166 107 554
107 166 554
54 114 527
114 54 527
109 238 165
238 109 165
121 230 839
230 121 839
232 203 883
203 232 883
6 178 140
178 6 140
59 181 101
181 59 101
235 80 427
80 235 427
39 185 776
185 39 776
220 31 584
31 220 584
20 103 76
103 20 76
205 128 131
128 205 131
201 209 532
209 201 532
134 130 228
130 134 228
59 224 571
224 59 571
112 84 222
84 112 222
181 127 710
127 181 710
136 149 235
149 136 235
162 102 623
102 162 623
242 28 449
28 242 449
3 43 275
43 3 275
246 186 916
186 246 916
3 186 560
186 3 560
46 102 221
102 46 221
253 152 321
152 253 321
237 234 283
234 237 283
80 10 794
10 80 794
13 216 85
216 13 85
136 169 315
169 136 315
83 139 800
139 83 800
8 94 35
94 8 35
200 89 14
89 200 14
180 74 117
74 180 117
115 104 281
104 115 281
71 102 525
102 71 525
109 59 885
59 109 885
44 244 424
244 44 424
41 118 851
118 41 851
173 154 82
154 173 82
132 71 474
71 132 474
94 65 303
65 94 303
23 30 447
30 23 447
160 242 293
242 160 293
209 232 855
232 209 855
66 203 865
203 66 865
75 228 891
228 75 891
186 136 320
136 186 320
61 71 560
71 61 560
97 71 294
71 97 294
125 130 725
130 125 725
192 60 909
60 192 909
249 77 143
77 249 143
6 179 57
179 6 57
86 0 428
0 86 428
90 161 230
161 90 230
31 8 320
8 31 320
247 219 545
219 247 545
11 111 459
111 11 459
84 154 433
154 84 433
243 158 533
158 243 533
93 187 723
187 93 723
219 133 392
133 219 392
197 23 83
23 197 83
208 150 844
150 208 844
137 168 131
168 137 131
239 211 15
211 239 15
241 5 370
5 241 370
202 182 127
182 202 127
202 192 511
192 202 511
27 75 413
75 27 413
1 88 714
88 1 714
207 49 59
49 207 59
115 84 908
84 115 908
46 202 365
202 46 365
102 192 154
192 102 154
16 122 308
122 16 308
86 191 190
191 86 190
109 237 256
237 109 256
45 35 185
35 45 185
187 223 840
223 187 840
246 19 947
19 246 947
206 139 966
139 206 966
43 213 776
213 43 776
80 234 902
234 80 902
252 15 697
15 252 697
158 28 253
28 158 253
202 174 792
174 202 792
141 122 888
122 141 888
78 153 725
153 78 725
42 232 739
232 42 739
100 185 926
185 100 926
21 102 63
102 21 63
182 115 390
115 182 390
225 0 217
0 225 217
172 118 538
118 172 538
230 20 129
20 230 129
78 244 545
244 78 545
66 9 844
9 66 844
241 135 10
135 241 10
149 237 248
237 149 248
28 92 461
92 28 461
160 148 422
148 160 422
186 59 677
59 186 677
92 6 743
6 92 743
228 241 780
241 228 780
43 128 248
128 43 248
42 36 878
36 42 878
226 48 874
48 226 874
93 221 828
221 93 828
220 249 456
249 220 456
192 64 727
64 192 727
176 155 779
155 176 779
136 167 614
167 136 614
30 184 521
184 30 521
180 238 612
238 180 612
191 3 682
3 191 682
14 193 849
193 14 849
149 141 513
141 149 513
163 236 259
236 163 259
167 232 490
232 167 490
219 143 957
143 219 957
252 46 204
46 252 204
165 114 484
114 165 484
129 211 142
211 129 142
96 34 303
34 96 303
212 58 717
58 212 717
247 178 357
178 247 357
46 203 617
203 46 617
126 92 592
92 126 592
162 242 916
242 162 916
41 141 690
141 41 690
204 231 578
231 204 578
134 177 193
177 134 193
1 105 271
105 1 271
12 115 521
115 12 521
51 219 611
219 51 611
77 9 544
9 77 544
176 247 518
247 176 518
112 166 663
166 112 663
96 106 349
106 96 349
6 1 308
1 6 308
194 121 666
121 194 666
202 93 808
93 202 808
70 99 991
99 70 991
40 100 707
100 40 707
220 124 206
124 220 206
179 20 876
20 179 876
40 71 812
71 40 812
81 216 845
216 81 845
83 105 962
105 83 962
155 198 632
198 155 632
65 121 988
121 65 988
136 57 624
57 136 624
58 75 9
75 58 9
160 123 672
123 160 672
124 232 622
232 124 622
106 49 171
49 106 171
152 38 317
38 152 317
149 101 241
101 149 241
138 101 511
101 138 511
42 57 878
57 42 878
33 244 596
244 33 596
1 130 118
130 1 118
183 35 786
35 183 786
65 238 608
238 65 608
118 240 361
240 118 361
42 38 942
38 42 942
172 151 326
151 172 326
198 127 508
127 198 508
68 17 626
17 68 626
132 225 417
225 132 417
128 30 963
30 128 963
247 205 232
205 247 232
168 216 55
216 168 55
145 155 618
155 145 618
209 210 663
210 209 663
210 87 138
87 210 138
41 200 429
200 41 429
250 178 648
178 250 648
106 30 948
30 106 948
166 56 193
56 166 193
104 54 347
54 104 347
55 51 323
51 55 323
71 68 764
68 71 764
148 201 1000
201 148 1000
53 165 934
165 53 934
178 240 917
240 178 917
210 228 469
228 210 469
74 231 163
231 74 163
155 142 524
142 155 524
6 80 731
80 6 731
245 165 458
165 245 458
32 79 162
79 32 162
165 131 429
131 165 429
248 234 702
234 248 702
68 204 960
204 68 960
190 86 115
86 190 115
161 13 114
13 161 114
112 198 764
198 112 764
149 53 301
53 149 301
189 70 102
70 189 102
189 110 435
110 189 435
67 148 803
148 67 803
82 7 364
7 82 364
221 166 548
166 221 548
74 228 8
228 74 8
25 165 15
165 25 15
186 190 976
190 186 976
51 111 125
111 51 125
173 172 802
172 173 802
71 53 907
53 71 907
35 18 647
18 35 647
34 51 87
51 34 87
183 138 659
138 183 659
15 69 230
69 15 230
125 36 422
36 125 422
106 50 924
50 106 924
197 125 613
125 197 613
130 162 135
162 130 135
80 143 720
143 80 720
141 173 414
173 141 414
241 71 978
71 241 978
252 174 559
174 252 559
164 28 856
28 164 856
44 175 555
175 44 555
191 80 964
80 191 964
9 234 659
234 9 659
36 128 978
128 36 978
158 152 91
152 158 91
222 88 294
88 222 294
75 31 216
31 75 216
245 189 9
189 245 9
223 7 882
7 223 882
93 190 796
190 93 796
220 175 10
175 220 10
203 27 158
27 203 158
13 52 852
52 13 852
48 225 137
225 48 137
212 181 117
181 212 117
39 218 6
218 39 6
42 101 331
101 42 331
112 191 338
191 112 338
15 5 64
5 15 64
244 243 212
243 244 212
31 64 339
64 31 339
62 201 481
201 62 481
146 202 86
202 146 86
135 211 392
211 135 392
190 245 555
245 190 555
133 109 436
109 133 436
77 195 928
195 77 928
16 52 659
52 16 659
162 152 895
152 162 895
221 191 900
191 221 900
195 52 159
52 195 159
209 172 660
172 209 660
170 10 69
10 170 69
202 75 578
75 202 578
129 33 960
33 129 960
10 38 744
38 10 744
133 162 605
162 133 605
204 61 761
61 204 761
79 168 637
168 79 637
253 12 353
12 253 353
187 190 514
190 187 514
140 117 393
117 140 393
130 71 374
71 130 374
147 185 524
185 147 524
98 192 588
192 98 588
228 96 113
96 228 113
113 145 784
145 113 784
56 213 558
213 56 558
35 77 519
77 35 519
82 186 41
186 82 41
120 14 40
14 120 40
81 193 184
193 81 184
147 75 497
75 147 497
53 231 936
231 53 936
184 29 429
29 184 429
216 58 663
58 216 663
13 177 670
177 13 670
97 133 760
133 97 760
117 111 352
111 117 352
62 74 867
74 62 867
166 130 743
130 166 743
22 131 44
131 22 44
48 42 491
42 48 491
202 68 950
68 202 950
115 252 394
252 115 394
242 159 701
159 242 701
175 15 495
15 175 495
116 247 27
247 116 27
84 194 638
194 84 638
108 166 999
166 108 999
79 65 626
65 79 626
188 18 592
18 188 592
169 71 440
71 169 440
120 248 886
248 120 886
223 30 147
30 223 147
12 217 400
217 12 400
177 113 390
113 177 390
215 23 216
23 215 216
40 149 247
149 40 247
146 128 886
128 146 886
49 206 380
206 49 380
81 194 243
194 81 243
108 114 638
114 108 638
7 191 329
191 7 329
213 52 864
52 213 864
48 40 563
40 48 563
65 146 721
146 65 721
84 179 117
179 84 117
241 131 457
131 241 457
133 4 708
4 133 708
137 108 366
108 137 366
157 192 726
192 157 726
74 107 508
107 74 508
168 36 300
36 168 300
0 240 524
240 0 524
102 33 864
33 102 864
173 18 748
18 173 748
232 226 196
226 232 196
39 151 618
151 39 618
152 22 867
22 152 867
229 100 82
100 229 82
31 41 294
41 31 294
236 201 429
201 236 429
204 18 868
18 204 868
160 28 957
28 160 957
183 83 713
83 183 713
172 93 884
93 172 884
106 199 913
199 106 913
54 218 163
218 54 163
110 75 629
75 110 629
246 80 448
80 246 448
250 95 920
95 250 920
19 46 938
46 19 938
53 243 225
243 53 225
29 26 91
26 29 91
117 135 997
135 117 997
185 30 93
30 185 93
225 123 17
123 225 17
46 68 596
68 46 596
12 178 978
178 12 978
143 34 610
34 143 610
181 224 922
224 181 922
170 177 20
177 170 20
25 86 97
86 25 97
101 87 747
87 101 747
250 156 835
156 250 835
128 38 400
38 128 400
84 234 790
234 84 790
241 222 964
222 241 964
49 131 625
131 49 625
171 239 885
239 171 885
184 151 284
151 184 284
215 43 930
43 215 930
198 132 974
132 198 974
47 51 133
51 47 133
175 72 264
72 175 264
230 86 310
86 230 310
191 233 630
233 191 630
240 4 80
4 240 80
167 155 863
155 167 863
136 173 997
173 136 997
8 137 203
137 8 203
38 124 359
124 38 359
146 68 491
68 146 491
26 234 773
234 26 773
204 42 277
42 204 277
135 155 737
155 135 737
183 56 872
56 183 872
236 223 285
223 236 285
185 108 754
108 185 754
16 98 915
98 16 915
52 101 212
101 52 212
42 222 691
222 42 691
216 32 130
32 216 130
191 201 551
201 191 551
25 41 326
41 25 326
8 16 685
16 8 685
65 194 324
194 65 324
10 184 453
184 10 453
187 212 664
212 187 664
203 143 281
143 203 281
160 84 193
84 160 193
150 3 501
3 150 501
240 33 551
33 240 551
128 55 289
55 128 289
105 159 565
159 105 565
138 119 179
119 138 179
254 199 977
199 254 977
132 121 667
121 132 667
224 77 872
77 224 872
51 144 891
144 51 891
106 100 147
100 106 147
73 6 917
6 73 917
143 146 199
146 143 199
48 185 181
185 48 181
42 220 271
220 42 271
211 186 334
186 211 334
254 93 352
93 254 352
252 205 399
205 252 399
233 246 393
246 233 393
95 234 790
234 95 790
84 104 554
104 84 554
120 17 671
17 120 671
209 208 631
208 209 631
188 77 779
77 188 779
222 123 425
123 222 425
36 253 208
253 36 208
138 123 89
123 138 89
224 146 411
146 224 411
154 225 689
225 154 689
253 69 669
69 253 669
115 209 206
209 115 206
187 23 97
23 187 97
108 254 416
254 108 416
220 111 848
111 220 848
95 116 538
116 95 538
151 105 503
105 151 503
156 99 946
99 156 946
78 150 525
150 78 525
24 157 199
157 24 199
95 222 532
222 95 532
203 56 441
56 203 441
108 92 885
92 108 885
163 247 268
247 163 268
160 122 482
122 160 482
203 76 617
76 203 617
86 197 359
197 86 359
59 71 787
71 59 787
86 4 718
4 86 718
163 209 998
209 163 998
151 211 220
211 151 220
77 62 217
62 77 217
166 98 146
98 166 146
177 194 483
194 177 483
156 157 282
157 156 282
252 37 296
37 252 296
138 178 755
178 138 755
246 207 680
207 246 680
155 104 304
104 155 304
175 79 90
79 175 90
235 154 846
154 235 846
63 113 627
113 63 627
214 97 90
97 214 90
72 205 139
205 72 139
173 50 900
50 173 900
23 78 18
78 23 18
201 27 147
27 201 147
77 21 648
21 77 648
113 42 693
42 113 693
191 199 520
199 191 520
94 61 699
61 94 699
117 228 368
228 117 368
168 58 861
58 168 861
99 102 302
102 99 302
103 242 434
242 103 434
37 117 755
117 37 755
254 92 36
92 254 36
52 211 78
211 52 78
159 76 677
76 159 677
227 202 192
202 227 192
152 157 501
157 152 501
3 227 599
227 3 599
17 175 586
175 17 586
217 67 758
67 217 758
116 199 964
199 116 964
43 188 938
188 43 938
60 146 433
146 60 433
207 127 859
127 207 859
140 141 768
141 140 768
88 85 87
85 88 87
62 193 662
193 62 662
49 150 103
150 49 103
230 213 532
213 230 532
25 197 881
197 25 881
84 74 603
74 84 603
244 253 841
253 244 841
6 233 599
233 6 599
40 183 575
183 40 575
153 254 166
254 153 166
177 30 124
30 177 124
26 101 595
101 26 595
29 70 798
70 29 798
77 43 977
43 77 977
63 37 955
37 63 955
30 213 13
213 30 13
47 52 723
52 47 723
108 160 785
160 108 785
83 52 884
52 83 884
203 55 158
55 203 158
60 110 830
110 60 830
101 132 635
132 101 635
127 220 108
220 127 108
90 224 276
224 90 276
214 253 591
253 214 591
176 6 592
6 176 592
32 123 42
123 32 42
84 228 144
228 84 144
166 71 462
71 166 462
54 59 340
59 54 340
40 203 417
203 40 417
0 168 22
168 0 22
237 215 668
215 237 668
23 116 794
116 23 794
244 132 738
132 244 738
52 192 893
192 52 893
103 116 463
116 103 463
61 186 895
186 61 895
66 110 256
110 66 256
32 15 531
15 32 531
95 71 132
71 95 132
84 178 732
178 84 732
120 97 546
97 120 546
174 0 946
0 174 946
102 141 97
141 102 97
188 37 650
37 188 650
240 177 820
177 240 820
210 67 924
67 210 924
190 208 86
208 190 86
113 191 460
191 113 460
35 172 989
172 35 989
163 44 53
44 163 53
76 190 789
190 76 789
159 221 636
221 159 636
13 73 479
73 13 479
89 134 582
134 89 582
28 77 199
77 28 199
22 112 7
112 22 7
75 142 859
142 75 859
172 84 263
84 172 263
151 201 901
201 151 901
88 67 527
67 88 527
245 24 623
24 245 623
63 75 973
75 63 973
83 65 710
65 83 710
238 36 347
36 238 347
6 84 723
84 6 723
205 204 111
204 205 111
68 197 446
197 68 446
250 94 636
94 250 636
246 50 197
50 246 197
178 182 798
182 178 798
87 234 985
234 87 985
163 154 255
154 163 255
14 48 738
48 14 738
247 88 452
88 247 452
65 189 857
189 65 857
33 60 446
60 33 446
173 193 598
193 173 598
142 174 89
174 142 89
229 74 463
74 229 463
24 238 972
238 24 972
74 202 879
202 74 879
183 172 670
172 183 670
133 177 402
177 133 402
203 246 98
246 203 98
32 164 691
164 32 691
134 215 615
215 134 615
158 129 285
129 158 285
202 154 571
154 202 571
79 26 345
26 79 345
216 55 147
55 216 147
216 156 347
156 216 347
5 114 463
114 5 463
21 151 248
151 21 248
243 184 685
184 243 685
85 2 267
2 85 267
45 158 960
158 45 960
64 162 15
162 64 15
20 98 109
98 20 109
178 117 212
117 178 212
250 45 117
45 250 117
41 176 308
176 41 308
111 156 104
156 111 104
45 235 295
235 45 295
42 54 251
54 42 251
50 112 113
112 50 113
189 115 455
115 189 455
115 253 264
253 115 264
168 152 710
152 168 710
115 211 721
211 115 721
152 85 27
85 152 27
80 254 16
254 80 16
239 154 102
154 239 102
250 200 645
200 250 645
248 126 213
126 248 213
40 117 393
117 40 393
72 2 660
2 72 660
179 225 573
225 179 573
112 113 191
113 112 191
73 203 825
203 73 825
66 128 431
128 66 431
55 29 616
29 55 616
187 27 355
27 187 355
12 18 484
18 12 484
30 46 781
46 30 781
233 253 901
253 233 901
28 144 925
144 28 925
31 59 279
59 31 279
190 22 190
22 190 190
184 16 921
16 184 921
2 94 658
94 2 658
232 243 485
243 232 485
214 86 964
86 214 964
183 159 691
159 183 691
192 232 104
232 192 104
100 70 529
70 100 529
34 9 186
9 34 186
151 204 398
204 151 398
8 183 616
183 8 616
178 109 136
109 178 136
209 11 423
11 209 423
241 253 811
253 241 811
39 175 451
175 39 451
113 238 202
238 113 202
120 4 69
4 120 69
11 123 134
123 11 134
68 244 736
244 68 736
77 79 963
79 77 963
109 245 628
245 109 628
90 36 80
36 90 80
217 232 557
232 217 557
133 144 761
144 133 761
147 42 936
42 147 936
216 235 302
235 216 302
152 110 887
110 152 887
111 13 821
13 111 821
32 139 526
139 32 526
183 27 65
27 183 65
237 140 88
140 237 88
59 126 658
126 59 658
182 126 800
126 182 800
210 242 779
242 210 779
203 13 237
13 203 237
27 55 410
55 27 410
109 216 642
216 109 642
145 7 295
7 145 295
160 201 157
201 160 157
162 160 844
160 162 844
1 106 991
106 1 991
92 104 941
104 92 941
186 241 785
241 186 785
252 55 600
55 252 600
246 108 309
108 246 309
88 95 378
95 88 378
129 32 837
32 129 837
247 161 661
161 247 661
13 158 354
158 13 354
140 73 449
73 140 449
239 250 67
250 239 67
62 72 339
72 62 339
187 254 24
254 187 24
214 114 159
114 214 159
137 101 912
101 137 912
63 175 70
175 63 70
190 150 181
150 190 181
81 157 32
157 81 32
72 37 183
37 72 183
66 97 532
97 66 532
174 247 940
247 174 940
26 145 691
145 26 691
1 127 296
127 1 296
92 211 318
211 92 318
239 118 38
118 239 38
43 133 161
133 43 161
155 136 119
136 155 119
96 204 750
204 96 750
27 143 817
143 27 817
208 129 400
129 208 400
209 128 839
128 209 839
75 178 778
178 75 778
2 220 61
220 2 61
110 37 728
37 110 728
152 215 225
215 152 225
87 194 648
194 87 648
250 49 210
49 250 210
254 175 69
175 254 69
73 25 43
25 73 43
153 131 93
131 153 93
113 98 301
98 113 301
250 164 1
164 250 1
209 214 44
214 209 44
227 83 608
83 227 608
38 158 481
158 38 481
37 135 599
135 37 599
51 232 970
232 51 970
28 80 138
80 28 138
153 20 78
20 153 78
84 119 622
119 84 622
190 136 118
136 190 118
102 101 102
101 102 102
207 201 443
201 207 443
135 199 484
199 135 484
144 205 456
205 144 456
174 41 744
41 174 744
111 158 552
158 111 552
20 51 875
51 20 875
243 70 870
70 243 870
73 221 133
221 73 133
135 30 518
30 135 518
239 209 747
209 239 747
184 109 254
109 184 254
224 70 810
70 224 810
181 254 917
254 181 917
243 171 936
171 243 936
94 80 715
80 94 715
85 45 401
45 85 401
121 208 247
208 121 247
170 249 93
249 170 93
227 157 414
157 227 414
60 176 989
176 60 989
193 233 290
233 193 290
81 33 517
33 81 517
243 66 1
66 243 1
52 40 758
40 52 758
62 249 214
249 62 214
97 168 140
168 97 140
198 199 848
199 198 848
11 233 495
233 11 495
10 234 282
234 10 282
196 6 836
6 196 836
51 83 41
83 51 41
65 106 672
106 65 672
3 204 764
204 3 764
94 102 647
102 94 647
224 41 812
41 224 812
230 191 647
191 230 647
31 94 194
94 31 194
7 199 632
199 7 632
79 236 248
236 79 248
33 122 408
122 33 408
248 20 980
20 248 980
148 190 950
190 148 950
123 0 570
0 123 570
14 209 653
209 14 653
178 187 403
187 178 403
209 231 431
231 209 431
146 240 797
240 146 797
122 43 941
43 122 941
67 226 762
