394 864 41
864 394 41
265 394 414
394 265 414
804 394 991
394 804 991
490 265 597
265 490 597
918 394 516
394 918 516
142 265 143
265 142 143
777 864 633
864 777 633
824 490 931
490 824 931
549 265 317
265 549 317
101 394 920
394 101 920
880 101 338
101 880 338
487 824 103
824 487 103
365 142 323
142 365 323
633 101 934
101 633 934
211 824 488
824 211 488
459 824 63
824 459 63
838 864 95
864 838 95
747 487 727
487 747 727
860 864 626
864 860 626
514 101 249
101 514 249
760 101 720
101 760 720
912 265 195
265 912 195
592 777 244
777 592 244
841 490 822
490 841 822
567 633 93
633 567 93
82 101 896
101 82 896
531 211 111
211 531 111
313 838 298
838 313 298
740 804 560
804 740 560
346 82 944
82 346 944
569 142 986
142 569 986
845 747 455
747 845 455
94 841 324
841 94 324
608 211 297
211 608 297
192 487 841
487 192 841
196 265 627
265 196 627
695 459 487
459 695 487
70 918 695
918 70 695
805 824 897
824 805 897
158 265 862
265 158 862
84 608 699
608 84 699
415 94 282
94 415 282
556 211 869
211 556 869
230 556 603
556 230 603
888 82 593
82 888 593
293 313 504
313 293 504
707 84 717
84 707 717
854 912 84
912 854 84
347 805 118
805 347 118
521 695 645
695 521 645
359 487 248
487 359 248
16 293 277
293 16 277
125 888 225
888 125 225
401 521 174
521 401 174
358 531 835
531 358 835
64 142 801
142 64 801
159 401 714
401 159 714
239 265 836
265 239 836
626 158 931
158 626 931
584 70 696
70 584 696
78 394 127
394 78 127
693 487 620
487 693 620
911 196 122
196 911 122
428 880 379
880 428 379
917 633 37
633 917 37
664 265 199
265 664 199
203 211 490
211 203 490
232 777 959
777 232 959
746 265 557
265 746 557
467 487 855
487 467 855
286 824 226
824 286 226
76 70 358
70 76 358
481 592 62
592 481 62
558 626 40
626 558 40
661 487 716
487 661 716
433 567 266
567 433 266
397 584 858
584 397 858
636 760 714
760 636 714
750 82 989
82 750 989
857 777 807
777 857 807
755 514 865
514 755 865
178 556 542
556 178 542
278 211 611
211 278 611
494 912 13
912 494 13
527 16 921
16 527 921
640 917 939
917 640 939
344 278 365
278 344 365
435 494 256
494 435 256
170 286 707
286 170 707
12 239 759
239 12 759
88 415 756
415 88 756
48 746 287
746 48 287
152 346 780
346 152 780
547 888 624
888 547 624
325 640 367
640 325 367
674 755 874
755 674 874
709 459 732
459 709 732
352 347 766
347 352 766
472 278 82
278 472 82
1 433 196
433 1 196
800 415 163
415 800 163
273 313 652
313 273 652
513 854 727
854 513 727
775 76 895
76 775 895
475 490 411
490 475 411
810 76 428
76 810 428
893 494 726
494 893 726
51 760 456
760 51 456
72 94 718
94 72 718
183 159 540
159 183 540
566 286 618
286 566 618
878 864 905
864 878 905
42 911 333
911 42 333
363 893 478
893 363 478
57 513 842
513 57 842
484 841 561
841 484 561
737 101 857
101 737 857
848 459 15
459 848 15
466 640 427
640 466 427
370 864 218
864 370 218
17 88 772
88 17 772
3 475 691
475 3 691
623 636 100
636 623 100
226 211 622
211 226 622
766 567 894
567 766 894
355 192 705
192 355 705
217 487 487
487 217 487
469 514 22
514 469 22
323 57 819
57 323 819
138 917 136
917 138 136
779 435 117
435 779 117
186 286 871
286 186 871
24 101 41
101 24 41
249 664 571
664 249 571
380 152 960
152 380 960
681 101 866
101 681 866
900 355 729
355 900 729
772 737 655
737 772 655
525 325 892
325 525 892
648 888 212
888 648 212
450 558 9
558 450 9
167 70 277
70 167 277
404 640 808
640 404 808
444 592 346
592 444 346
751 549 42
549 751 42
324 84 153
84 324 153
708 558 369
558 708 369
482 648 132
648 482 132
354 740 489
740 354 489
892 78 956
78 892 956
59 636 183
636 59 183
641 747 309
747 641 309
497 494 306
494 497 306
510 531 101
531 510 101
688 623 485
623 688 485
412 344 127
344 412 127
593 740 716
740 593 716
614 72 38
72 614 38
371 527 752
527 371 752
849 805 941
805 849 941
205 849 578
849 205 578
461 912 67
912 461 67
107 521 767
521 107 767
271 211 394
211 271 394
10 567 403
567 10 403
694 186 296
186 694 296
563 766 807
766 563 807
729 358 433
358 729 433
108 547 225
547 108 225
320 354 795
354 320 795
209 183 196
183 209 196
448 740 65
740 448 65
883 777 924
777 883 924
663 57 770
57 663 770
853 359 121
359 853 121
628 800 262
800 628 262
259 271 43
271 259 43
270 371 149
371 270 149
132 521 469
521 132 469
480 48 559
48 480 559
190 82 610
82 190 610
621 695 577
695 621 577
520 107 696
107 520 696
543 24 507
24 543 507
869 178 853
178 869 853
642 217 650
217 642 650
859 359 555
359 859 555
784 64 9
64 784 9
430 480 985
480 430 985
403 178 36
178 403 36
677 695 895
695 677 895
322 510 802
510 322 802
198 709 596
709 198 596
377 520 723
520 377 723
609 459 819
459 609 819
110 186 889
186 110 889
49 459 230
459 49 230
166 101 307
101 166 307
21 377 864
377 21 864
588 494 882
494 588 882
212 70 889
70 212 889
858 737 991
737 858 991
489 323 391
323 489 391
699 469 34
469 699 34
756 592 694
592 756 694
683 377 614
377 683 614
102 677 436
677 102 436
269 558 548
558 269 548
792 810 845
810 792 845
638 858 995
858 638 995
515 688 600
688 515 600
304 699 20
699 304 20
874 864 758
864 874 758
241 397 519
397 241 519
761 917 340
917 761 340
89 355 880
355 89 880
342 515 310
515 342 310
546 352 829
352 546 829
512 211 167
211 512 167
862 845 244
845 862 244
382 642 849
642 382 849
443 633 964
633 443 964
45 623 427
623 45 427
187 766 911
766 187 911
814 520 83
520 814 83
913 270 155
270 913 155
474 475 36
475 474 36
827 466 395
466 827 395
620 487 103
487 620 103
644 21 155
21 644 155
28 824 612
824 28 612
837 94 645
94 837 645
434 82 716
82 434 716
748 694 354
694 748 354
261 352 802
352 261 802
672 313 902
313 672 902
83 412 717
412 83 717
645 593 647
593 645 647
456 694 127
694 456 127
856 661 807
661 856 807
172 434 396
434 172 396
398 748 763
748 398 763
163 186 881
186 163 881
257 549 800
549 257 800
545 42 380
42 545 380
262 484 365
484 262 365
885 860 979
860 885 979
61 644 956
644 61 956
54 226 261
226 54 261
36 172 532
172 36 532
796 324 896
324 796 896
300 239 95
239 300 95
886 21 514
21 886 514
733 893 519
893 733 519
423 398 116
398 423 116
206 546 913
546 206 913
798 89 945
89 798 945
121 125 425
125 121 425
93 521 425
521 93 425
223 211 810
211 223 810
634 862 702
862 634 702
595 211 508
211 595 508
458 323 80
323 458 80
504 196 124
196 504 124
517 211 353
211 517 353
500 88 10
88 500 10
327 859 72
859 327 72
855 481 212
481 855 212
5 775 674
775 5 674
176 804 300
804 176 300
537 487 955
487 537 955
877 466 879
466 877 879
207 325 464
325 207 464
160 257 352
257 160 352
373 664 28
664 373 28
301 869 343
869 301 343
692 354 303
354 692 303
807 563 188
563 807 188
870 84 105
84 870 105
780 593 160
593 780 160
555 661 968
661 555 968
181 363 323
363 181 323
742 226 242
226 742 242
272 354 381
354 272 381
616 592 881
592 616 881
194 101 403
101 194 403
116 695 135
695 116 135
622 497 563
497 622 563
615 76 605
76 615 605
629 641 652
641 629 652
530 556 254
556 530 254
667 430 652
430 667 652
789 740 385
740 789 385
605 490 427
490 605 427
471 814 208
814 471 208
559 892 975
892 559 975
712 293 973
293 712 973
277 358 283
358 277 283
161 616 620
616 161 620
233 827 950
827 233 950
600 547 786
547 600 786
646 382 178
382 646 178
368 837 348
837 368 348
795 76 363
76 795 363
706 230 494
230 706 494
305 892 1
892 305 1
687 672 7
672 687 7
328 641 117
641 328 117
449 870 623
870 449 623
236 342 723
342 236 723
725 707 694
707 725 694
768 848 556
848 768 556
619 404 647
404 619 647
32 78 276
78 32 276
62 864 262
864 62 262
610 5 911
5 610 911
907 858 455
858 907 455
149 323 362
323 149 362
427 1 609
1 427 609
129 747 72
747 129 72
400 412 546
412 400 546
532 584 542
584 532 542
384 278 69
278 384 69
656 482 289
482 656 289
820 232 587
232 820 587
825 400 215
400 825 215
836 125 420
125 836 420
865 683 759
683 865 759
425 354 452
354 425 452
581 629 643
629 581 643
216 857 126
857 216 126
184 609 410
609 184 410
743 286 573
286 743 573
464 190 647
190 464 647
757 304 223
304 757 223
764 36 711
36 764 711
806 461 504
461 806 504
95 474 307
474 95 307
227 886 53
886 227 53
335 365 363
365 335 363
759 588 909
588 759 909
15 5 68
5 15 68
127 15 404
15 127 404
9 543 42
543 9 42
182 907 3
907 182 3
426 836 716
836 426 716
468 484 144
484 468 144
457 709 107
709 457 107
713 261 733
261 713 733
539 110 172
110 539 172
540 761 663
761 540 663
717 661 458
661 717 458
243 855 323
855 243 323
213 810 932
810 213 932
302 474 357
474 302 357
650 546 826
546 650 826
819 21 747
21 819 747
353 1 449
1 353 449
331 233 727
233 331 727
79 166 34
166 79 34
383 656 86
656 383 86
306 642 58
642 306 58
285 466 625
466 285 625
498 619 88
619 498 88
872 751 789
751 872 789
590 638 469
638 590 469
90 384 713
384 90 713
884 335 979
335 884 979
929 862 594
862 929 594
773 36 260
36 773 260
812 183 345
183 812 345
439 760 44
760 439 44
86 278 358
278 86 358
6 482 670
482 6 670
14 286 65
286 14 65
730 457 227
457 730 227
680 616 943
616 680 943
372 837 197
837 372 197
579 725 104
725 579 104
141 107 330
107 141 330
928 434 914
434 928 914
561 138 29
138 561 29
910 912 194
912 910 194
639 84 214
84 639 214
920 259 192
259 920 192
338 469 688
469 338 688
519 371 529
371 519 529
671 138 493
138 671 493
596 498 245
498 596 245
74 412 956
412 74 956
124 490 471
490 124 471
881 773 448
773 881 448
81 515 505
515 81 505
816 814 120
814 816 120
146 84 246
84 146 246
171 124 157
124 171 157
731 72 451
72 731 451
134 546 572
546 134 572
702 514 981
514 702 981
312 217 501
217 312 501
387 917 860
917 387 860
493 480 327
480 493 327
785 401 570
401 785 570
506 768 554
768 506 554
350 498 303
498 350 303
801 458 619
458 801 619
839 160 649
160 839 649
455 525 237
525 455 237
30 584 629
584 30 629
175 435 750
435 175 750
753 217 223
217 753 223
511 730 675
730 511 675
13 579 548
579 13 548
787 567 124
567 787 124
703 581 279
581 703 279
220 680 578
680 220 578
659 737 691
737 659 691
509 42 757
42 509 757
770 3 66
3 770 66
463 593 690
593 463 690
292 466 382
466 292 382
577 545 293
545 577 293
538 344 140
344 538 140
754 777 566
777 754 566
451 563 375
563 451 375
544 820 25
820 544 25
765 664 897
664 765 897
356 750 999
750 356 999
155 634 78
634 155 78
122 124 211
124 122 211
735 171 508
171 735 508
534 881 712
881 534 712
927 72 240
72 927 240
696 203 835
203 696 835
221 596 393
596 221 393
318 725 605
725 318 605
119 532 510
532 119 510
876 358 630
358 876 630
809 365 539
365 809 539
571 520 500
520 571 500
417 614 12
614 417 12
208 272 668
272 208 668
148 95 900
95 148 900
462 787 976
787 462 976
716 262 559
262 716 559
291 79 868
79 291 868
69 186 140
186 69 140
586 756 720
756 586 720
180 463 324
463 180 324
781 354 393
354 781 393
53 810 39
810 53 39
298 812 765
812 298 765
246 853 883
853 246 883
418 15 743
15 418 743
655 764 231
764 655 231
254 628 687
628 254 687
153 412 17
412 153 17
343 789 552
789 343 552
52 6 645
6 52 645
144 480 22
480 144 22
488 400 62
400 488 62
26 623 46
623 26 46
18 57 968
57 18 968
666 563 68
563 666 68
843 569 353
569 843 353
676 89 139
89 676 139
919 183 459
183 919 459
424 76 366
76 424 366
310 12 664
12 310 664
330 439 804
439 330 804
776 792 391
792 776 391
8 792 912
792 8 912
268 207 544
207 268 544
840 730 703
730 840 703
726 672 777
672 726 777
43 615 943
615 43 943
126 792 976
792 126 976
396 344 3
344 396 3
524 467 636
467 524 636
921 95 526
95 921 526
897 14 716
14 897 716
151 158 337
158 151 337
251 122 848
122 251 848
882 12 252
12 882 252
29 511 917
511 29 917
185 141 806
141 185 806
903 539 574
539 903 574
188 90 80
90 188 80
442 840 885
840 442 885
637 125 635
125 637 635
673 748 727
748 673 727
157 32 616
32 157 616
44 323 348
323 44 348
887 680 750
680 887 750
399 365 640
365 399 640
40 733 91
733 40 91
386 354 687
354 386 687
168 748 241
748 168 241
560 621 166
621 560 166
815 920 414
920 815 414
366 772 822
772 366 822
550 251 402
251 550 402
22 371 543
371 22 543
315 555 480
555 315 480
41 146 544
146 41 544
632 181 268
181 632 268
769 860 466
860 769 466
432 929 122
929 432 122
441 259 507
259 441 507
66 101 279
101 66 279
834 441 35
441 834 35
287 559 702
559 287 702
871 304 780
304 871 780
598 457 395
457 598 395
283 874 118
874 283 118
649 806 824
806 649 824
279 383 166
383 279 166
179 95 866
95 179 866
866 549 598
549 866 598
67 371 975
371 67 975
392 812 298
812 392 298
721 233 330
233 721 330
575 13 615
13 575 615
499 663 1
663 499 1
925 444 582
444 925 582
58 298 128
298 58 128
391 549 971
549 391 971
847 673 931
673 847 931
786 458 765
458 786 765
718 322 71
322 718 71
651 696 285
696 651 285
218 883 64
883 218 64
788 205 593
205 788 593
131 649 647
649 131 647
647 81 772
81 647 772
516 877 318
877 516 318
334 365 438
365 334 438
873 116 968
116 873 968
307 820 350
820 307 350
237 208 810
208 237 810
173 142 768
142 173 768
611 371 803
371 611 803
811 81 369
81 811 369
565 695 575
695 565 575
495 434 921
434 495 921
25 773 541
773 25 541
202 21 646
21 202 646
421 432 19
432 421 19
914 423 585
423 914 585
295 555 189
555 295 189
523 750 586
750 523 586
562 398 761
398 562 761
902 144 884
144 902 884
630 273 980
273 630 980
242 729 451
729 242 451
92 318 649
318 92 649
491 807 258
807 491 258
553 498 624
498 553 624
406 48 314
48 406 314
39 315 11
315 39 11
316 102 780
102 316 780
503 146 446
146 503 446
822 134 713
134 822 713
56 43 363
43 56 363
728 323 577
323 728 577
926 616 335
616 926 335
35 839 485
839 35 485
682 772 42
772 682 42
112 302 369
302 112 369
4 286 195
286 4 195
145 902 482
902 145 482
73 532 950
532 73 950
38 532 402
532 38 402
189 555 416
555 189 416
899 751 609
751 899 609
219 13 887
13 219 887
407 575 61
575 407 61
238 469 914
469 238 914
199 157 722
157 199 722
867 707 747
707 867 747
701 230 843
230 701 843
744 171 972
171 744 972
258 717 819
717 258 819
797 494 82
494 797 82
758 270 832
270 758 832
362 683 819
683 362 819
360 757 717
757 360 717
348 517 529
517 348 529
624 614 774
614 624 774
612 728 156
728 612 156
68 190 656
190 68 656
711 608 917
608 711 917
436 481 197
481 436 197
915 919 625
919 915 625
336 310 534
310 336 534
240 759 934
759 240 934
204 903 790
903 204 790
791 239 556
239 791 556
120 718 351
718 120 351
2 755 106
755 2 106
603 79 583
79 603 583
654 127 853
127 654 853
548 499 370
499 548 370
924 17 139
17 924 139
452 592 186
592 452 186
197 860 345
860 197 345
895 49 45
49 895 45
597 911 715
911 597 715
446 134 933
134 446 933
97 448 366
448 97 366
118 509 55
509 118 55
658 285 618
285 658 618
378 907 576
907 378 576
679 577 185
577 679 185
60 666 821
666 60 821
393 609 972
609 393 972
582 917 366
917 582 366
150 355 26
355 150 26
533 760 181
760 533 181
606 365 330
365 606 330
698 35 763
35 698 763
752 903 82
903 752 82
99 421 882
421 99 882
607 855 28
855 607 28
803 352 856
352 803 856
135 759 367
759 135 367
164 151 991
151 164 991
65 593 930
593 65 930
818 789 982
789 818 982
77 864 385
864 77 385
528 849 967
849 528 967
868 892 164
892 868 164
288 461 655
461 288 655
385 764 968
764 385 968
47 887 981
887 47 981
635 888 231
888 635 231
388 622 336
622 388 336
284 163 360
163 284 360
367 563 899
563 367 899
689 840 372
840 689 372
248 146 578
146 248 578
27 694 952
694 27 952
11 702 735
702 11 735
297 641 19
641 297 19
63 216 522
216 63 522
7 805 48
805 7 48
225 362 626
362 225 626
274 412 689
412 274 689
653 531 428
531 653 428
736 701 935
701 736 935
572 886 944
886 572 944
260 439 522
439 260 522
379 25 409
25 379 409
140 186 417
186 140 417
601 352 441
352 601 441
762 796 482
796 762 482
670 644 938
644 670 938
697 545 660
545 697 660
842 801 942
801 842 942
137 121 282
121 137 282
662 242 22
242 662 22
833 398 282
398 833 282
103 803 329
803 103 329
704 248 109
248 704 109
111 708 730
708 111 730
710 531 786
531 710 786
763 493 443
493 763 443
228 776 618
776 228 618
835 10 173
10 835 173
599 29 420
29 599 420
309 924 940
924 309 940
507 283 115
283 507 115
678 243 146
243 678 146
660 882 645
882 660 645
473 358 200
358 473 200
826 458 181
458 826 181
675 204 332
204 675 332
290 596 649
596 290 649
55 277 564
277 55 564
410 192 698
192 410 698
395 373 384
373 395 384
700 874 355
874 700 355
147 380 112
380 147 112
574 872 169
872 574 169
37 571 590
571 37 590
389 840 77
840 389 77
604 750 796
750 604 796
414 491 743
491 414 743
535 450 173
450 535 173
177 304 168
304 177 168
253 346 537
346 253 537
156 315 365
315 156 365
905 284 753
284 905 753
308 127 700
127 308 700
136 509 791
509 136 791
889 855 920
855 889 920
200 539 643
539 200 643
502 227 545
227 502 545
722 482 934
482 722 934
402 682 312
682 402 312
267 519 354
519 267 354
413 151 523
151 413 523
333 770 416
770 333 416
852 1 699
1 852 699
195 59 5
59 195 5
602 446 649
446 602 649
749 786 109
786 749 109
741 833 714
833 741 714
250 97 659
97 250 659
643 925 113
925 643 113
311 195 749
195 311 749
669 448 384
448 669 384
109 196 10
196 109 10
139 773 836
773 139 836
808 157 325
157 808 325
130 156 463
156 130 463
420 791 713
791 420 713
303 700 498
700 303 498
909 748 944
748 909 944
222 899 564
899 222 564
105 67 942
67 105 942
235 82 847
82 235 847
738 320 899
320 738 899
580 509 622
509 580 622
782 874 448
874 782 448
830 402 414
402 830 414
332 760 601
760 332 601
193 731 175
731 193 175
508 238 54
238 508 54
453 435 659
435 453 659
714 787 342
787 714 342
299 179 894
179 299 894
542 158 491
158 542 491
767 775 275
775 767 275
589 550 564
550 589 564
802 785 484
785 802 484
340 869 235
869 340 235
665 86 163
86 665 163
376 99 851
99 376 851
214 919 70
919 214 70
100 442 402
442 100 402
720 770 569
770 720 569
123 537 493
537 123 493
319 42 303
42 319 303
229 884 831
884 229 831
133 450 674
450 133 674
91 395 140
395 91 140
790 73 203
73 790 203
19 94 882
94 19 882
529 145 716
145 529 716
823 550 731
550 823 731
922 72 953
72 922 953
617 73 355
73 617 355
465 472 702
472 465 702
20 885 232
885 20 232
685 149 281
149 685 281
339 549 507
549 339 507
483 392 948
392 483 948
477 152 79
152 477 79
437 360 432
360 437 432
341 685 376
685 341 376
541 482 237
482 541 237
419 699 760
699 419 760
705 473 901
473 705 901
505 615 393
615 505 393
896 186 851
186 896 851
215 175 363
175 215 363
739 151 234
151 739 234
552 225 937
225 552 937
522 208 284
208 522 284
526 175 785
175 526 785
422 893 491
893 422 491
438 623 456
623 438 456
263 717 955
717 263 955
374 341 191
341 374 191
518 834 234
834 518 234
201 200 393
200 201 393
594 726 525
726 594 525
745 199 848
199 745 848
351 253 408
253 351 408
829 149 498
149 829 498
369 532 530
532 369 530
0 547 483
547 0 483
501 785 912
785 501 912
375 417 49
417 375 49
87 220 95
220 87 95
445 756 742
756 445 742
568 621 115
621 568 115
314 808 372
808 314 372
75 456 975
456 75 975
104 824 391
824 104 391
916 490 132
490 916 132
245 533 620
533 245 620
361 278 758
278 361 758
846 858 868
858 846 868
23 218 918
218 23 918
778 232 549
232 778 549
329 456 232
456 329 232
793 124 486
124 793 486
31 291 215
291 31 215
723 0 42
0 723 42
492 740 596
740 492 596
337 222 376
222 337 376
817 182 693
182 817 693
447 762 137
762 447 137
583 786 94
786 583 94
266 475 731
475 266 731
117 870 24
870 117 24
691 751 635
751 691 635
799 660 139
660 799 139
405 304 586
304 405 586
684 836 206
836 684 206
431 67 512
67 431 512
154 38 108
38 154 108
732 185 127
185 732 127
557 343 481
343 557 481
231 843 560
843 231 560
364 779 426
779 364 426
281 338 80
338 281 80
625 279 343
279 625 343
901 456 464
456 901 464
280 331 492
331 280 492
890 463 24
463 890 24
496 214 909
214 496 909
33 728 414
728 33 414
891 245 456
245 891 456
275 809 246
809 275 246
296 188 486
188 296 486
191 434 451
434 191 451
357 884 668
884 357 668
591 378 954
378 591 954
224 131 700
131 224 700
115 322 307
322 115 307
668 7 689
7 668 689
169 584 158
584 169 158
470 695 342
695 470 342
832 496 164
496 832 164
618 702 694
702 618 694
276 292 508
292 276 508
282 209 400
209 282 400
96 447 970
447 96 970
485 594 698
594 485 698
771 322 741
322 771 741
478 859 531
859 478 531
821 508 871
508 821 871
875 240 444
240 875 444
252 274 705
274 252 705
906 41 920
41 906 920
861 546 612
546 861 612
657 94 248
94 657 248
734 150 863
150 734 863
479 112 748
112 479 748
321 864 44
864 321 44
106 900 248
900 106 248
719 177 624
177 719 624
390 826 700
826 390 700
174 374 528
374 174 528
724 662 649
662 724 649
486 722 346
722 486 346
863 267 196
267 863 196
289 928 570
928 289 570
613 767 448
767 613 448
715 180 679
180 715 679
573 524 68
524 573 68
256 814 772
814 256 772
234 552 159
552 234 159
908 785 973
785 908 973
440 580 553
580 440 553
210 730 721
730 210 721
50 760 415
760 50 415
247 170 874
170 247 874
454 120 583
120 454 583
904 691 421
691 904 421
578 761 648
761 578 648
34 574 139
574 34 139
585 697 928
697 585 928
570 610 389
610 570 389
631 295 67
295 631 67
113 533 993
533 113 993
879 315 770
315 879 770
46 269 429
269 46 429
813 374 368
374 813 368
409 527 762
527 409 762
80 375 827
375 80 827
349 65 991
65 349 991
85 654 884
654 85 884
774 730 157
730 774 157
686 504 112
504 686 112
851 153 285
153 851 285
381 124 393
124 381 393
828 468 233
468 828 233
923 176 958
176 923 958
162 888 158
888 162 158
551 248 598
248 551 598
844 428 978
428 844 978
898 637 445
637 898 445
554 816 746
816 554 746
98 466 444
466 98 444
564 410 958
410 564 958
165 745 145
745 165 145
894 569 121
569 894 121
690 571 253
571 690 253
114 297 278
297 114 278
326 81 118
81 326 118
416 277 382
277 416 382
727 280 652
280 727 652
294 541 844
541 294 844
652 630 61
630 652 61
429 391 565
391 429 565
71 10 929
10 71 929
783 276 22
276 783 22
411 227 140
227 411 140
576 800 628
800 576 628
794 691 776
691 794 776
143 798 584
798 143 584
244 788 76
788 244 76
587 779 496
779 587 496
128 218 860
218 128 860
345 302 99
302 345 99
831 390 724
390 831 724
408 190 710
190 408 710
460 455 206
455 460 206
536 808 763
808 536 763
476 650 161
650 476 161
317 665 996
665 317 996
627 39 872
39 627 872
255 382 476
382 255 476
850 779 283
779 850 283
264 527 676
527 264 676
618 757 315
757 618 315
162 738 800
738 162 800
216 192 86
192 216 86
135 633 299
633 135 299
280 737 170
737 280 170
193 555 206
555 193 206
925 35 354
35 925 354
349 52 91
52 349 91
754 598 544
598 754 544
734 509 125
509 734 125
178 895 474
895 178 474
216 270 303
270 216 303
262 11 447
11 262 447
535 808 293
808 535 293
845 592 855
592 845 855
824 379 865
379 824 865
373 636 891
636 373 891
675 129 324
129 675 324
39 835 294
835 39 294
347 492 725
492 347 725
733 210 909
210 733 909
741 786 143
786 741 143
517 118 57
118 517 57
817 731 428
731 817 428
116 240 230
240 116 230
93 129 932
129 93 932
275 495 501
495 275 501
71 52 725
52 71 725
766 927 383
927 766 383
883 788 52
788 883 52
672 738 827
738 672 827
188 881 31
881 188 31
257 278 315
278 257 315
1 478 187
478 1 187
317 779 983
779 317 983
586 211 914
211 586 914
526 773 538
773 526 538
538 217 539
217 538 539
300 834 288
834 300 288
160 13 441
13 160 441
151 139 959
139 151 959
626 729 726
729 626 726
652 578 536
578 652 536
872 102 255
102 872 255
510 913 818
913 510 818
328 266 148
266 328 148
403 56 256
56 403 256
491 531 185
531 491 185
645 80 840
80 645 840
376 765 947
765 376 947
326 235 966
235 326 966
849 54 776
54 849 776
38 779 902
779 38 902
321 336 697
336 321 697
448 541 253
541 448 253
516 916 306
916 516 306
231 686 876
686 231 876
154 782 759
782 154 759
760 376 471
376 760 471
117 627 867
627 117 867
699 911 421
911 699 421
209 74 517
74 209 517
731 342 394
342 731 394
25 873 505
873 25 505
475 323 876
323 475 876
435 495 11
495 435 11
831 478 915
478 831 915
278 101 984
101 278 984
705 61 763
61 705 763
350 488 690
488 350 690
181 577 996
577 181 996
243 675 405
675 243 405
504 123 78
123 504 78
576 351 161
351 576 161
2 61 758
61 2 758
241 631 46
631 241 46
745 578 54
578 745 54
575 296 68
296 575 68
250 254 254
254 250 254
488 332 796
332 488 796
128 745 677
745 128 677
900 679 641
679 900 641
894 392 296
392 894 296
365 658 151
658 365 151
331 700 366
700 331 366
14 861 986
861 14 986
795 871 657
871 795 657
852 93 136
93 852 136
592 637 826
637 592 826
823 321 875
321 823 875
699 99 406
99 699 406
468 882 308
882 468 308
781 167 486
167 781 486
618 368 960
368 618 960
296 420 934
420 296 934
227 819 873
819 227 873
379 582 389
582 379 389
350 711 410
711 350 410
669 244 513
244 669 513
706 177 834
177 706 834
374 238 863
238 374 863
856 198 441
198 856 441
382 537 526
537 382 526
209 392 143
392 209 143
275 118 529
118 275 529
263 408 544
408 263 544
23 179 856
179 23 856
875 103 487
103 875 487
713 517 443
517 713 443
328 919 928
919 328 928
710 307 53
307 710 53
117 91 198
91 117 198
458 310 707
310 458 707
467 747 206
747 467 206
118 475 876
475 118 876
595 684 965
684 595 965
394 821 894
821 394 894
382 587 189
587 382 189
868 259 928
259 868 928
675 929 624
929 675 624
591 160 9
160 591 9
177 507 16
507 177 16
760 752 938
752 760 938
209 734 891
734 209 891
907 96 241
96 907 241
493 485 511
485 493 511
685 812 878
812 685 878
285 170 596
170 285 596
208 31 118
31 208 118
130 567 786
567 130 786
628 633 608
633 628 608
565 870 361
870 565 361
685 874 891
874 685 891
81 212 326
212 81 326
784 154 183
154 784 183
432 678 154
678 432 154
135 452 517
452 135 517
659 2 642
2 659 642
46 837 927
837 46 927
265 358 446
358 265 446
128 150 32
150 128 32
662 103 663
103 662 663
772 598 87
598 772 87
155 907 339
907 155 339
274 248 948
248 274 948
875 288 193
288 875 193
714 693 347
693 714 347
450 384 672
384 450 672
705 780 497
780 705 497
157 99 934
99 157 934
95 301 917
301 95 917
662 750 469
750 662 469
890 422 163
422 890 163
345 183 524
183 345 524
517 73 731
73 517 731
787 752 458
752 787 458
735 604 162
604 735 162
752 155 784
155 752 784
323 413 672
413 323 672
224 916 806
916 224 806
57 791 791
791 57 791
363 724 190
724 363 190
705 44 301
44 705 301
413 133 102
133 413 102
267 369 435
369 267 435
855 181 803
181 855 803
42 736 364
736 42 364
392 821 548
821 392 548
901 433 8
433 901 8
84 752 15
752 84 15
361 450 909
450 361 909
766 659 394
659 766 394
492 157 907
157 492 907
531 129 647
129 531 647
276 404 87
404 276 87
909 387 659
387 909 659
436 215 230
215 436 230
347 241 422
241 347 422
476 313 48
313 476 48
378 31 408
31 378 408
380 38 748
38 380 748
222 795 416
795 222 416
787 576 978
576 787 978
321 406 56
406 321 56
437 390 456
390 437 456
564 242 148
242 564 148
189 536 130
536 189 130
842 304 602
304 842 602
448 657 91
657 448 91
612 921 294
921 612 294
160 121 216
121 160 216
511 267 9
267 511 9
349 572 882
572 349 882
16 516 792
516 16 792
23 286 897
286 23 897
101 140 291
140 101 291
614 104 144
104 614 144
479 745 519
745 479 519
900 737 976
737 900 976
335 142 758
142 335 758
282 216 857
216 282 857
482 95 592
95 482 592
552 428 88
428 552 88
928 304 259
304 928 259
488 227 698
227 488 698
40 897 548
897 40 548
307 640 82
640 307 82
384 180 392
180 384 392
846 511 555
511 846 555
673 56 436
56 673 436
651 661 928
661 651 928
187 708 659
708 187 659
30 906 895
906 30 895
575 129 151
129 575 151
165 76 146
76 165 146
371 192 393
192 371 393
137 238 118
238 137 118
410 746 536
746 410 536
160 238 309
238 160 309
79 395 890
395 79 890
319 188 411
188 319 411
452 668 326
668 452 326
341 37 926
37 341 926
388 126 524
126 388 524
243 83 795
83 243 795
598 70 742
70 598 742
81 31 1000
31 81 1000
6 539 811
539 6 811
499 777 255
777 499 255
348 636 486
636 348 486
42 730 445
730 42 445
501 288 249
288 501 249
553 841 531
841 553 531
866 363 997
363 866 997
84 258 367
258 84 367
158 6 184
6 158 184
713 373 497
373 713 497
887 263 936
263 887 936
114 155 1
155 114 1
357 103 788
103 357 788
172 599 670
599 172 670
188 437 742
437 188 742
652 717 699
717 652 699
280 908 845
908 280 845
337 123 164
123 337 164
230 745 756
745 230 756
673 873 674
873 673 674
729 321 394
321 729 394
669 605 701
605 669 701
564 915 495
915 564 495
546 531 724
531 546 724
843 284 614
284 843 614
821 389 177
389 821 177
135 298 322
298 135 322
711 757 440
757 711 440
701 445 886
445 701 886
349 11 147
11 349 147
499 809 400
809 499 400
398 680 390
680 398 390
646 262 216
262 646 216
634 885 549
885 634 549
603 85 950
85 603 950
727 141 964
141 727 964
676 163 613
163 676 613
182 284 648
284 182 648
354 54 147
54 354 147
573 594 262
594 573 262
822 259 549
259 822 549
105 332 610
332 105 610
737 143 944
143 737 944
153 673 209
673 153 209
741 869 614
869 741 614
590 533 255
533 590 255
830 901 90
901 830 90
902 432 926
432 902 926
761 233 399
233 761 399
870 499 206
499 870 206
306 573 416
573 306 416
532 790 21
790 532 21
230 110 979
110 230 979
212 150 851
150 212 851
563 908 570
908 563 570
310 178 256
178 310 256
871 605 705
605 871 705
168 155 833
155 168 833
400 440 689
440 400 689
437 130 894
130 437 894
109 816 55
816 109 55
80 737 913
737 80 913
584 15 163
15 584 163
829 877 629
877 829 629
340 73 448
73 340 448
610 316 920
316 610 920
754 904 938
904 754 938
44 910 225
910 44 225
156 88 743
88 156 743
178 691 643
691 178 643
152 179 17
179 152 17
34 473 596
473 34 596
925 95 978
95 925 978
529 470 610
470 529 610
352 460 577
460 352 577
856 514 42
514 856 42
266 709 843
709 266 843
91 427 93
427 91 93
169 654 891
654 169 891
312 830 131
830 312 131
75 576 589
576 75 589
803 811 981
811 803 981
349 690 202
690 349 202
272 646 162
646 272 162
784 924 974
924 784 974
28 648 133
648 28 133
898 434 264
434 898 264
769 266 310
266 769 310
482 922 630
922 482 630
692 792 80
792 692 80
525 345 863
345 525 863
55 220 997
220 55 997
642 489 891
489 642 891
654 838 359
838 654 359
295 660 491
660 295 491
308 323 773
323 308 773
668 477 277
477 668 277
278 345 737
345 278 737
130 868 872
868 130 872
749 774 285
774 749 285
799 378 754
378 799 754
814 490 915
490 814 915
324 771 212
771 324 212
483 68 691
68 483 691
804 356 130
356 804 130
482 40 551
40 482 551
415 283 326
283 415 326
814 37 178
37 814 178
919 656 680
656 919 680
690 246 236
246 690 236
704 260 751
260 704 751
555 253 724
253 555 724
198 273 358
273 198 358
366 807 361
807 366 361
523 654 992
654 523 992
615 45 292
45 615 292
728 387 67
387 728 67
132 639 116
639 132 116
924 763 97
763 924 97
786 454 141
454 786 141
299 828 939
828 299 939
776 708 432
708 776 432
327 587 751
587 327 751
914 21 779
21 914 779
799 190 756
190 799 756
467 537 451
537 467 451
464 920 524
920 464 524
16 717 853
717 16 853
409 702 753
702 409 753
376 81 562
81 376 562
469 75 726
75 469 726
508 630 582
630 508 582
688 309 35
309 688 35
768 528 454
528 768 454
847 745 589
745 847 589
451 761 479
761 451 479
269 312 89
312 269 89
472 421 411
421 472 411
226 179 689
179 226 689
126 215 669
215 126 669
209 94 206
94 209 206
645 262 97
262 645 97
658 519 416
519 658 416
286 652 848
652 286 848
316 342 538
342 316 538
489 45 503
45 489 503
152 110 946
110 152 946
113 273 525
273 113 525
24 150 199
150 24 199
822 612 532
612 822 532
140 47 441
47 140 441
60 506 885
506 60 885
762 855 688
855 762 688
281 151 655
151 281 655
63 582 807
582 63 807
740 331 353
331 740 353
445 266 210
266 445 210
303 842 35
842 303 35
858 53 220
53 858 220
718 502 217
502 718 217
821 777 146
777 821 146
398 666 483
666 398 483
152 150 282
150 152 282
719 704 296
704 719 296
387 764 755
764 387 755
340 410 918
410 340 918
714 795 898
795 714 898
389 12 629
12 389 629
217 875 508
875 217 508
579 164 636
164 579 636
835 12 235
12 835 235
46 525 419
525 46 419
165 545 877
545 165 877
747 40 289
40 747 289
708 786 864
786 708 864
274 579 756
579 274 756
905 354 118
354 905 118
67 425 327
425 67 327
722 720 77
720 722 77
884 317 830
317 884 830
289 110 205
110 289 205
646 788 714
788 646 714
696 710 743
710 696 743
20 519 404
519 20 404
196 324 451
324 196 451
636 605 644
605 636 644
675 614 539
614 675 539
322 657 616
657 322 616
366 353 159
353 366 159
120 641 897
641 120 897
362 809 271
809 362 271
483 89 119
89 483 119
205 167 452
167 205 452
210 914 433
914 210 433
520 486 39
486 520 39
305 739 481
739 305 481
362 344 698
344 362 698
14 833 948
833 14 948
1 513 506
513 1 506
796 218 43
218 796 43
346 46 727
46 346 727
722 890 603
890 722 603
435 43 841
43 435 841
500 465 599
465 500 599
458 909 575
909 458 575
684 920 166
920 684 166
163 689 124
689 163 124
136 485 595
485 136 595
229 329 530
329 229 530
107 432 665
432 107 665
11 54 13
54 11 13
28 324 723
324 28 723
60 253 785
253 60 785
923 708 884
708 923 884
260 614 868
614 260 868
829 357 840
357 829 840
197 47 181
47 197 181
746 51 286
51 746 286
709 301 637
301 709 637
524 68 798
68 524 798
504 711 429
711 504 429
415 782 76
782 415 76
444 252 462
252 444 462
584 302 340
302 584 340
223 260 417
260 223 417
702 255 22
255 702 22
368 228 247
228 368 247
342 361 91
361 342 91
197 665 147
665 197 147
886 162 535
162 886 535
546 18 327
18 546 327
844 101 783
101 844 783
206 122 592
122 206 592
651 39 132
39 651 132
332 227 732
227 332 732
258 309 546
309 258 546
731 756 305
756 731 305
709 655 664
655 709 664
736 301 242
301 736 242
625 833 268
833 625 268
476 245 313
245 476 313
640 730 148
730 640 148
144 82 395
82 144 395
697 343 53
343 697 53
7 846 789
846 7 789
667 721 636
721 667 636
75 696 479
696 75 479
803 715 582
715 803 582
341 786 199
786 341 199
271 174 7
174 271 7
207 72 859
72 207 859
816 580 263
580 816 263
858 40 901
40 858 901
151 537 527
537 151 527
13 380 623
380 13 623
441 160 973
160 441 973
551 628 710
628 551 710
211 304 347
304 211 347
327 782 723
782 327 723
46 115 111
115 46 111
678 569 446
569 678 446
907 581 636
581 907 636
340 49 338
49 340 338
463 329 953
329 463 953
138 762 126
762 138 126
423 590 779
590 423 779
665 251 452
251 665 452
259 333 857
333 259 857
306 119 869
119 306 869
291 770 373
770 291 373
791 51 89
51 791 89
145 625 463
625 145 463
249 352 15
352 249 15
280 334 879
334 280 879
420 146 670
146 420 670
673 163 402
163 673 402
260 665 98
665 260 98
735 239 691
239 735 691
289 368 615
368 289 615
663 328 285
328 663 285
307 217 571
217 307 571
574 308 345
308 574 345
864 708 1
708 864 1
325 468 771
468 325 771
182 18 867
18 182 867
489 61 383
61 489 383
690 37 585
37 690 585
8 327 558
327 8 558
853 144 409
144 853 409
211 475 4
475 211 4
72 806 742
806 72 742
304 427 557
427 304 557
737 871 796
871 737 796
328 71 94
71 328 94
775 491 631
491 775 631
471 483 62
483 471 62
796 390 113
390 796 113
402 729 455
729 402 455
108 43 264
43 108 264
317 861 710
861 317 710
209 781 721
781 209 721
734 797 27
797 734 27
189 519 16
519 189 16
766 273 317
273 766 317
494 63 786
63 494 786
74 874 262
874 74 262
214 81 235
81 214 235
840 137 608
137 840 608
649 38 857
38 649 857
730 677 435
677 730 435
601 33 8
33 601 8
548 735 993
735 548 993
393 456 290
456 393 290
302 925 321
925 302 321
882 11 873
11 882 873
829 20 478
20 829 478
894 541 735
541 894 735
317 93 352
93 317 352
870 361 167
361 870 167
403 165 227
165 403 227
408 268 331
268 408 331
697 592 381
592 697 381
29 635 807
635 29 807
909 789 691
789 909 691
886 760 104
760 886 104
330 133 529
133 330 529
618 460 186
460 618 186
858 169 398
169 858 398
130 393 339
393 130 339
56 681 33
681 56 33
22 538 913
538 22 913
396 405 976
405 396 976
98 53 376
53 98 376
487 858 580
858 487 580
269 746 502
746 269 502
249 473 89
473 249 89
802 651 710
651 802 710
604 35 414
35 604 414
65 616 212
616 65 212
857 876 23
876 857 23
491 188 734
188 491 734
341 539 756
539 341 756
265 858 631
858 265 631
646 734 782
734 646 782
774 652 788
652 774 788
901 356 459
356 901 459
222 58 718
58 222 718
629 917 39
917 629 39
435 213 388
213 435 388
697 577 390
577 697 390
31 137 712
137 31 712
745 601 789
601 745 789
83 615 496
615 83 496
175 35 0
35 175 0
27 716 650
716 27 650
471 535 496
535 471 496
593 455 690
455 593 690
478 417 939
417 478 939
506 714 941
714 506 941
143 375 854
375 143 854
2 376 615
376 2 615
449 921 560
921 449 560
372 725 428
725 372 428
832 120 661
120 832 661
75 663 354
663 75 354
70 696 449
696 70 449
53 907 67
907 53 67
502 837 339
837 502 339
672 920 24
920 672 24
367 426 159
426 367 159
859 96 912
96 859 912
441 98 70
98 441 70
361 800 181
800 361 181
150 845 234
845 150 234
704 520 10
520 704 10
835 218 933
218 835 933
136 69 691
69 136 691
417 520 296
520 417 296
801 781 318
781 801 318
565 70 163
70 565 163
637 205 917
205 637 917
587 72 676
72 587 676
466 882 834
882 466 834
529 615 751
615 529 751
231 768 309
768 231 309
312 94 600
94 312 600
276 207 339
207 276 339
594 8 69
8 594 69
78 0 666
0 78 666
193 906 300
906 193 300
814 843 648
843 814 648
610 638 386
638 610 386
554 746 434
746 554 434
84 556 813
556 84 813
152 680 7
680 152 7
600 610 59
610 600 59
394 94 639
94 394 639
230 371 895
371 230 895
597 686 173
686 597 173
897 704 83
704 897 83
120 167 20
167 120 20
437 189 138
189 437 138
154 775 78
775 154 78
830 664 622
664 830 622
846 826 118
826 846 118
683 282 102
282 683 102
168 148 82
148 168 82
737 882 734
882 737 734
879 254 513
254 879 513
319 429 172
429 319 172
562 775 141
775 562 141
34 928 747
928 34 747
50 534 523
534 50 523
24 178 641
178 24 641
179 192 747
192 179 747
165 926 254
926 165 254
674 133 810
133 674 810
519 587 380
587 519 380
173 216 575
216 173 575
808 758 559
758 808 559
387 32 247
32 387 247
199 643 93
643 199 93
412 533 414
533 412 414
50 23 989
23 50 989
86 922 290
922 86 290
383 561 21
561 383 21
824 394 146
394 824 146
458 483 697
483 458 697
250 241 668
241 250 668
476 648 190
648 476 190
848 906 501
906 848 501
922 399 682
399 922 682
469 181 989
181 469 989
327 470 142
470 327 142
162 84 176
84 162 176
507 331 832
331 507 832
705 216 204
216 705 204
225 709 513
709 225 513
684 632 148
632 684 148
225 798 328
798 225 328
377 736 118
736 377 118
868 389 706
389 868 706
61 383 818
383 61 818
455 445 105
445 455 105
555 245 950
245 555 950
731 4 365
4 731 365
845 379 339
379 845 339
83 785 34
785 83 34
374 735 549
735 374 549
301 778 818
778 301 818
107 855 47
855 107 47
541 160 740
160 541 740
755 15 664
15 755 664
544 777 792
777 544 792
308 207 232
207 308 232
309 618 881
618 309 881
778 782 183
782 778 183
93 372 948
372 93 948
485 516 649
516 485 649
484 853 509
853 484 509
699 923 580
923 699 580
607 895 75
895 607 75
659 667 833
667 659 833
643 308 43
308 643 43
504 918 30
918 504 30
364 698 162
698 364 162
806 628 911
628 806 911
787 456 597
456 787 597
316 618 202
618 316 202
845 697 556
697 845 556
526 631 912
631 526 912
377 666 896
666 377 896
406 660 460
660 406 460
895 288 984
288 895 984
15 96 354
96 15 354
86 466 789
466 86 789
799 838 428
838 799 428
439 403 491
403 439 491
381 460 233
460 381 233
376 200 751
200 376 751
813 572 824
572 813 824
460 896 742
896 460 742
71 7 923
7 71 923
816 369 614
369 816 614
211 700 889
700 211 889
322 818 766
818 322 766
632 538 775
538 632 775
387 10 157
10 387 157
136 809 390
809 136 390
655 252 983
252 655 983
465 340 658
340 465 658
896 512 258
512 896 258
428 420 955
420 428 955
461 744 2
744 461 2
328 896 189
896 328 189
800 593 256
593 800 256
480 839 262
839 480 262
131 476 660
476 131 660
735 865 551
865 735 551
229 696 502
696 229 502
726 3 256
3 726 256
533 532 263
532 533 263
121 376 291
376 121 291
639 752 526
752 639 526
592 834 959
834 592 959
662 58 970
58 662 970
598 102 432
102 598 432
807 790 671
790 807 671
745 220 739
220 745 739
695 912 424
912 695 424
682 344 974
344 682 974
231 272 729
272 231 729
357 82 30
82 357 30
315 136 829
136 315 829
702 25 358
25 702 358
503 251 536
251 503 536
655 112 761
112 655 761
529 222 921
222 529 921
185 711 189
711 185 189
33 603 772
603 33 772
567 698 364
698 567 364
761 62 440
62 761 440
232 187 99
187 232 99
108 266 620
266 108 620
666 11 131
11 666 131
441 384 866
384 441 866
781 879 711
879 781 711
614 815 801
815 614 801
256 121 503
121 256 503
713 830 537
830 713 537
214 281 229
281 214 229
245 888 369
888 245 369
721 176 403
176 721 403
224 202 665
202 224 665
587 446 98
446 587 98
32 143 132
143 32 132
649 404 148
404 649 148
917 457 199
457 917 199
888 531 501
531 888 501
151 750 587
750 151 587
516 359 142
359 516 142
11 126 576
126 11 576
772 219 264
219 772 264
178 449 365
449 178 365
24 690 479
690 24 479
579 556 337
556 579 337
475 690 103
690 475 103
367 905 112
905 367 112
619 678 315
678 619 315
915 6 184
6 915 184
314 777 672
777 314 672
422 185 414
185 422 414
787 274 219
274 787 219
152 765 875
765 152 875
207 386 442
386 207 442
37 315 908
315 37 908
920 482 439
482 920 439
191 638 780
638 191 780
696 11 789
11 696 789
110 160 73
160 110 73
296 648 476
648 296 476
425 812 298
812 425 298
