431 394 265
394 431 265
525 431 414
431 525 414
310 431 366
431 310 366
223 431 288
431 223 288
143 394 633
394 143 633
258 223 722
223 258 722
151 525 101
525 151 101
75 143 483
143 75 483
104 143 444
143 104 444
330 104 655
104 330 655
213 75 488
75 213 488
464 75 266
75 464 266
63 464 940
464 63 940
14 431 736
431 14 736
420 213 844
213 420 844
1 420 847
420 1 847
353 151 747
151 353 747
345 525 195
525 345 195
487 345 227
345 487 227
127 223 822
223 127 822
289 14 93
14 289 93
43 330 896
330 43 896
272 420 111
420 272 111
163 353 298
353 163 298
380 310 560
310 380 560
180 353 208
353 180 208
519 380 617
380 519 617
296 345 294
345 296 294
240 525 610
525 240 610
434 464 324
464 434 324
313 151 297
151 313 297
99 464 841
464 99 841
101 525 627
525 101 627
361 1 487
1 361 487
37 143 695
143 37 695
416 75 897
75 416 897
82 525 862
525 82 862
45 361 699
361 45 699
217 101 282
101 217 282
290 420 869
420 290 869
121 82 845
82 121 845
528 180 593
180 528 593
155 296 504
296 155 504
371 121 717
121 371 717
511 43 84
43 511 84
184 217 118
217 184 118
274 82 645
82 274 645
190 464 248
464 190 248
9 184 277
184 9 277
66 511 225
511 66 225
212 66 174
66 212 174
192 519 835
519 192 835
34 258 801
258 34 801
85 371 224
371 85 224
26 192 587
192 26 587
367 361 616
361 367 616
395 223 27
223 395 27
73 290 193
290 73 193
352 34 589
34 352 589
71 380 93
380 71 93
220 34 118
34 220 118
21 45 22
45 21 22
118 220 993
220 118 993
113 420 490
420 113 490
130 151 959
151 130 959
403 525 557
525 403 557
255 464 855
464 255 855
160 75 226
75 160 226
44 45 358
45 44 358
265 272 62
272 265 62
305 352 40
352 305 40
360 464 716
464 360 716
239 380 266
380 239 266
221 71 858
71 221 858
346 289 714
289 346 714
410 180 989
180 410 989
463 151 807
151 463 807
413 127 865
127 413 865
100 155 542
155 100 542
157 420 611
420 157 611
275 43 13
43 275 13
293 192 921
192 293 921
351 130 939
130 351 939
195 351 365
351 195 365
243 195 256
195 243 256
95 305 707
305 95 707
7 73 759
73 7 759
51 528 756
528 51 756
29 44 287
44 29 287
89 434 780
434 89 780
308 511 624
511 308 624
186 95 367
95 186 367
378 275 874
275 378 874
397 1 732
1 397 732
201 9 766
9 201 766
268 351 82
351 268 82
0 410 196
410 0 196
448 528 163
528 448 163
158 296 652
296 158 652
294 190 727
190 294 727
437 360 895
360 437 895
271 223 411
223 271 411
455 360 428
360 455 428
495 195 726
195 495 726
31 289 456
289 31 456
46 101 718
101 46 718
109 395 540
395 109 540
324 305 618
305 324 618
490 394 905
394 490 905
25 118 333
118 25 333
209 109 478
109 209 478
36 455 842
455 36 842
527 34 192
34 527 192
368 275 85
275 368 85
478 1 15
1 478 15
270 95 427
95 270 427
215 394 218
394 215 218
11 308 772
308 11 772
3 31 691
31 3 691
359 413 100
413 359 100
136 420 622
420 136 622
441 380 894
380 441 894
208 37 705
37 208 705
132 464 487
464 132 487
279 157 83
157 279 83
18 37 935
37 18 935
318 271 811
271 318 811
87 130 136
130 87 136
451 51 117
51 451 117
116 305 871
305 116 871
16 330 41
330 16 41
152 403 571
403 152 571
230 378 960
378 230 960
401 330 866
330 401 866
514 18 729
18 514 729
452 215 655
215 452 655
314 201 892
201 314 892
384 511 212
511 384 212
269 221 9
221 269 9
106 45 277
45 106 277
244 95 808
95 244 808
266 272 346
272 266 346
444 104 42
104 444 42
198 121 153
121 198 153
422 221 369
221 422 369
292 106 132
106 292 132
218 240 489
240 218 489
518 220 956
220 518 956
41 413 183
413 41 183
385 345 309
345 385 309
302 195 306
195 302 306
312 519 101
519 312 101
415 208 485
208 415 485
250 7 127
7 250 127
357 240 716
240 357 716
373 490 38
490 373 38
227 243 752
243 227 752
502 217 941
217 502 941
129 198 384
198 129 384
475 43 67
43 475 67
68 66 767
66 68 767
170 420 394
420 170 394
8 380 403
380 8 403
424 152 296
152 424 296
341 279 807
279 341 807
446 26 433
26 446 433
69 397 225
397 69 225
200 41 795
41 200 795
135 25 196
25 135 196
282 240 65
240 282 65
27 401 462
401 27 462
512 212 121
212 512 121
389 437 262
437 389 262
167 424 43
424 167 43
173 129 149
129 173 149
88 66 469
66 88 469
304 186 559
186 304 559
125 180 610
180 125 610
390 82 577
82 390 577
328 8 696
8 328 696
339 230 507
230 339 507
529 293 853
293 529 853
404 318 650
318 404 650
523 212 555
212 523 555
483 367 9
367 483 9
277 328 985
328 277 985
254 293 36
293 254 36
427 82 895
82 427 895
206 250 802
250 206 802
131 0 596
0 131 596
241 404 723
404 241 723
387 1 819
1 387 819
74 152 889
152 74 889
39 1 230
1 39 230
112 330 307
330 112 307
15 39 864
39 15 864
376 195 882
195 376 882
142 45 889
45 142 889
391 201 517
201 391 517
326 514 514
514 326 514
35 292 92
292 35 92
442 39 614
39 442 614
72 241 436
241 72 436
179 221 548
221 179 548
500 46 845
46 500 845
417 442 995
442 417 995
335 357 600
357 335 600
203 179 20
179 203 20
2 206 186
206 2 186
262 451 583
451 262 583
228 243 67
243 228 67
435 255 965
255 435 965
267 376 417
376 267 417
340 335 392
335 340 392
60 121 656
121 60 656
120 220 293
220 120 293
303 14 964
14 303 964
42 208 427
208 42 427
138 279 911
279 138 911
524 404 83
404 524 83
146 335 361
335 146 361
375 104 626
104 375 626
428 448 469
448 428 469
54 380 482
380 54 482
148 143 33
143 148 33
128 68 331
68 128 331
103 390 562
390 103 562
327 9 392
9 327 392
459 296 902
296 459 902
62 373 717
373 62 717
440 227 647
227 440 647
321 446 127
446 321 127
284 35 869
35 284 869
133 284 396
284 133 396
285 133 763
133 285 763
123 152 881
152 123 881
187 104 800
104 187 800
381 527 380
527 381 380
189 270 365
270 189 365
80 213 923
213 80 923
49 132 261
132 49 261
30 49 532
49 30 532
224 73 95
73 224 95
485 125 536
125 485 536
419 451 312
451 419 312
122 82 436
82 122 436
425 123 86
123 425 86
111 46 64
46 111 64
107 46 792
46 107 792
171 254 977
254 171 977
38 442 457
442 38 457
443 173 427
173 443 427
40 318 941
318 40 941
338 523 258
523 338 258
92 89 72
89 92 72
147 404 708
404 147 708
47 88 356
88 47 356
202 143 850
143 202 850
252 254 72
254 252 72
169 46 3
46 169 3
233 118 765
118 233 765
10 385 377
385 10 377
32 3 879
3 32 879
174 201 464
201 174 464
144 485 352
485 144 352
298 403 28
403 298 28
245 483 343
483 245 343
497 41 303
41 497 303
365 397 607
397 365 607
98 192 546
192 98 546
349 157 385
157 349 385
182 113 823
113 182 823
261 68 520
68 261 520
288 136 772
136 288 772
117 41 381
41 117 381
251 272 881
272 251 881
84 330 403
330 84 403
57 82 135
82 57 135
257 415 563
415 257 563
256 360 605
360 256 605
263 312 652
312 263 652
225 155 254
155 225 254
283 206 652
206 283 652
520 98 59
98 520 59
236 2 8
2 236 8
264 424 451
424 264 451
141 131 300
131 141 300
309 184 973
184 309 973
126 26 283
26 126 283
78 236 620
236 78 620
426 413 814
413 426 814
433 327 950
327 433 950
260 397 786
397 260 786
286 146 178
146 286 178
172 321 348
321 172 348
344 360 363
360 344 363
317 371 494
371 317 494
469 495 301
495 469 301
4 459 633
459 4 633
320 310 223
310 320 223
204 73 787
73 204 787
409 250 558
250 409 558
400 100 434
100 400 434
458 49 94
49 458 94
447 338 778
338 447 778
165 57 780
57 165 780
287 444 647
444 287 647
19 220 276
220 19 276
450 127 0
127 450 0
183 72 538
72 183 538
396 442 455
442 396 455
79 451 362
451 79 362
205 294 609
294 205 609
65 345 72
345 65 72
505 401 312
401 505 312
374 167 121
167 374 121
372 318 912
318 372 912
498 351 69
351 498 69
311 518 289
518 311 289
370 160 587
160 370 587
377 109 544
109 377 544
83 262 978
262 83 978
456 57 413
57 456 413
496 266 299
266 496 299
332 131 581
131 332 581
454 265 160
265 454 160
96 220 390
220 96 390
306 409 479
409 306 479
110 264 684
264 110 684
229 339 647
339 229 647
358 435 223
435 358 223
363 171 711
171 363 711
386 170 504
170 386 504
476 434 454
434 476 454
231 239 763
239 231 763
383 180 908
180 383 908
470 25 26
25 470 26
278 49 400
49 278 400
12 365 68
365 12 68
501 121 702
121 501 702
492 442 6
442 492 6
295 289 118
289 295 118
473 431 276
431 473 276
482 41 744
41 482 744
181 360 769
360 181 769
453 218 195
218 453 195
90 375 471
375 90 471
259 15 172
15 259 172
273 60 663
60 273 663
516 375 151
375 516 151
364 346 536
346 364 536
247 403 213
403 247 213
159 103 357
103 159 357
333 42 826
42 333 826
411 391 747
391 411 747
185 294 449
294 185 449
175 320 727
320 175 727
52 142 34
142 52 34
197 496 86
496 197 86
162 277 58
277 162 58
513 453 177
453 513 177
207 79 304
79 207 304
504 371 721
371 504 721
449 422 789
422 449 789
325 262 469
262 325 469
55 456 713
456 55 713
462 501 979
501 462 979
479 524 594
524 479 594
408 171 260
171 408 260
429 25 345
25 429 345
237 289 44
289 237 44
56 351 358
351 56 358
5 518 670
518 5 670
13 305 65
305 13 65
405 259 227
259 405 227
379 236 943
236 379 943
211 321 197
321 211 197
334 396 104
396 334 104
91 8 330
8 91 330
494 284 914
284 494 914
329 116 29
116 329 29
489 43 194
43 489 194
362 121 214
121 362 214
499 304 192
304 499 192
194 87 688
87 194 688
315 129 529
129 315 529
398 116 493
116 398 493
350 449 245
449 350 245
58 373 956
373 58 956
81 223 471
223 81 471
491 429 448
429 491 448
61 228 505
228 61 505
472 148 120
148 472 120
102 121 246
121 102 246
119 491 157
491 119 157
439 490 451
490 439 451
94 42 572
42 94 572
430 127 981
127 430 981
199 318 501
318 199 501
242 130 860
130 242 860
322 328 327
328 322 327
480 85 570
85 480 570
493 292 624
292 493 624
316 493 206
493 316 206
412 302 796
302 412 796
246 32 619
32 246 619
276 288 649
288 276 649
154 269 237
269 154 237
20 71 629
71 20 629
467 449 101
449 467 101
115 405 424
405 115 424
156 209 291
209 156 291
515 379 675
379 515 675
6 91 548
91 6 548
336 138 879
138 336 879
48 21 393
21 48 393
414 269 121
269 414 121
468 126 367
126 468 367
161 181 733
181 161 733
461 257 676
257 461 676
191 527 757
527 191 757
522 441 66
441 522 66
348 227 690
227 348 690
219 3 382
3 219 382
423 419 293
419 423 293
399 7 140
7 399 140
22 283 516
283 22 516
226 254 599
254 226 599
457 464 831
464 457 831
105 442 158
442 105 158
140 233 78
233 140 78
114 491 211
491 114 211
366 426 785
426 366 785
507 490 240
490 507 240
521 255 835
255 521 835
177 58 393
58 177 393
281 396 605
396 281 605
108 83 510
83 108 510
86 505 853
505 86 853
28 365 610
365 28 610
300 171 466
171 300 466
249 258 981
258 249 981
193 520 668
520 193 668
150 278 900
278 150 900
421 6 976
6 421 976
407 257 321
257 407 321
76 152 140
152 76 140
508 500 720
500 508 720
178 461 324
461 178 324
291 15 966
15 291 966
64 46 39
46 64 39
319 237 765
237 319 765
235 173 883
173 235 883
432 295 743
295 432 743
222 230 352
230 222 352
166 373 17
373 166 17
356 260 552
260 356 552
67 13 645
13 67 645
168 328 22
328 168 22
486 377 62
377 486 62
33 208 46
208 33 46
23 478 968
478 23 968
369 361 840
361 369 840
93 88 995
88 93 995
474 44 913
44 474 913
280 459 445
459 280 445
134 404 319
404 134 319
145 363 336
363 145 336
445 480 765
480 445 765
299 112 9
112 299 9
301 166 270
166 301 270
355 182 823
182 355 823
477 364 721
364 477 721
337 350 42
350 337 42
393 301 125
301 393 125
307 391 175
391 307 175
17 147 141
147 17 141
460 150 677
150 460 677
388 105 750
105 388 750
503 346 81
346 503 81
238 136 860
136 238 860
153 18 968
18 153 968
50 156 917
156 50 917
164 494 806
494 164 806
517 141 172
141 517 172
97 42 949
42 97 949
488 34 635
34 488 635
510 133 727
133 510 727
176 65 616
65 176 616
59 451 348
451 59 348
382 63 640
63 382 640
70 338 91
338 70 91
354 41 687
41 354 687
210 133 241
133 210 241
506 529 166
529 506 166
436 512 276
512 436 276
509 50 402
50 509 402
24 129 543
129 24 543
481 218 563
218 481 563
323 353 791
353 323 791
343 433 565
433 343 565
214 460 703
460 214 703
77 284 404
284 77 404
471 220 413
220 471 413
253 40 52
40 253 52
53 269 757
269 53 757
137 116 697
116 137 697
526 317 719
317 526 719
297 364 780
364 297 780
232 81 541
81 232 541
465 167 395
167 465 395
331 267 118
267 331 118
392 111 600
111 392 600
406 446 938
446 406 938
466 373 338
373 466 338
484 104 598
104 484 598
124 129 975
129 124 975
234 237 298
237 234 298
438 320 330
320 438 330
347 515 615
515 347 615
342 167 1
167 342 1
188 371 452
371 188 452
149 273 951
273 149 951
139 382 931
382 139 931
248 387 71
387 248 71
418 236 972
236 418 972
196 389 64
389 196 64
216 36 964
36 216 964
402 421 272
421 402 272
498 426 13
426 498 13
108 141 968
141 108 968
174 332 350
332 174 350
39 249 810
249 39 810
422 258 768
258 422 768
149 129 803
129 149 803
472 408 475
408 472 475
82 191 651
191 82 651
284 1 370
1 284 370
170 391 646
391 170 646
207 526 19
526 207 19
92 425 281
425 92 281
206 105 79
105 206 79
67 30 761
30 67 761
486 342 916
342 486 916
271 387 168
387 271 168
64 403 950
403 64 950
177 316 962
316 177 962
57 202 447
202 57 447
449 231 92
231 449 92
65 434 504
434 65 504
213 147 207
147 213 207
276 119 446
119 276 446
430 217 596
217 430 596
307 504 849
504 307 849
451 236 335
236 451 335
163 276 485
276 163 485
384 528 83
528 384 83
411 408 4
408 411 4
305 112 734
112 305 734
527 153 44
153 527 44
83 380 322
380 83 322
480 87 783
87 480 783
263 48 686
48 263 686
422 302 413
302 422 413
205 149 61
149 205 61
446 87 914
87 446 914
314 70 722
70 314 722
274 371 843
371 274 843
439 523 352
523 439 352
195 293 573
293 195 573
125 349 206
349 125 206
245 231 717
231 245 717
252 144 529
144 252 529
134 502 774
502 134 774
168 373 39
373 168 39
339 139 34
139 339 34
456 239 197
239 456 197
134 485 831
485 134 831
445 8 726
8 445 726
492 384 487
384 492 487
73 195 840
195 73 840
364 525 832
525 364 832
275 46 437
46 275 437
162 23 343
23 162 343
398 139 370
139 398 370
136 269 324
269 136 324
272 277 751
277 272 751
87 487 345
487 87 345
376 511 423
511 376 423
118 498 815
498 118 815
430 34 614
34 430 614
512 55 940
55 512 940
100 468 55
468 100 55
64 504 618
504 64 618
233 372 576
372 233 576
93 522 185
522 93 185
313 93 821
93 313 821
98 112 972
112 98 972
439 130 366
130 439 366
448 18 26
18 448 26
197 289 181
289 197 181
515 63 330
63 515 330
134 137 487
137 134 487
293 115 809
115 293 809
497 296 663
296 497 663
216 448 856
448 216 856
293 492 367
492 293 367
294 153 991
153 294 991
101 227 930
227 101 930
216 260 982
260 216 982
82 394 385
394 82 385
181 475 967
475 181 967
385 424 178
424 385 178
170 111 965
111 170 965
383 163 494
163 383 494
276 511 231
511 276 231
122 309 336
309 122 336
167 224 360
224 167 360
440 69 899
69 440 899
105 337 372
337 105 372
244 119 578
119 244 578
63 446 952
446 63 952
143 199 735
199 143 735
88 312 19
312 88 19
380 358 522
358 380 522
310 217 48
217 310 48
368 302 797
302 368 797
373 350 806
350 373 806
519 226 446
226 519 446
501 40 944
40 501 944
244 56 522
56 244 522
146 20 74
20 146 74
152 414 579
414 152 579
197 448 441
448 197 441
407 38 482
38 407 482
81 62 938
62 81 938
316 419 660
419 316 660
70 246 942
246 70 942
265 202 282
202 265 282
494 43 618
43 494 618
517 30 282
30 517 282
121 110 888
110 121 888
242 490 547
490 242 547
9 218 730
218 9 730
322 519 786
519 322 786
140 480 443
480 140 443
109 301 618
301 109 618
477 341 173
341 477 173
259 517 420
517 259 420
170 78 780
78 170 780
466 478 955
478 466 955
211 159 146
159 211 146
55 164 645
164 55 645
26 326 898
326 26 898
32 339 740
339 32 740
363 400 389
400 363 389
528 469 564
469 528 564
300 37 698
37 300 698
461 117 384
117 461 384
267 411 137
411 267 137
514 36 627
36 514 627
325 135 31
135 325 31
28 276 474
276 28 474
463 100 796
100 463 796
521 244 173
244 521 173
373 435 168
435 373 168
284 434 537
434 284 537
384 471 365
471 384 365
286 473 700
473 286 700
136 468 791
468 136 791
497 170 350
170 497 350
392 12 545
12 392 545
518 194 757
194 518 757
79 80 901
80 79 901
398 333 399
333 398 399
153 149 313
149 153 313
161 48 832
48 161 832
294 227 151
227 294 151
143 402 109
402 143 109
2 248 113
248 2 113
261 512 384
512 261 384
7 416 10
416 7 10
11 429 836
429 11 836
70 332 110
332 70 110
369 211 598
211 369 598
252 24 831
24 252 831
133 170 575
170 133 575
100 347 942
347 100 942
512 180 847
180 512 847
282 402 418
402 282 418
267 508 725
508 267 725
6 98 21
98 6 21
314 94 175
94 314 175
64 85 938
85 64 938
499 51 659
51 499 659
6 295 238
295 6 238
234 280 40
280 234 40
382 495 275
495 382 275
438 214 564
214 438 564
493 164 271
164 493 271
483 285 553
285 483 553
5 8 309
8 5 309
218 134 70
134 218 70
265 176 402
176 265 402
161 397 271
397 161 271
354 285 834
285 354 834
527 400 144
400 527 144
479 268 141
268 479 141
73 106 600
106 73 600
72 151 33
151 72 33
6 214 731
214 6 731
490 164 572
164 490 572
411 364 893
364 411 893
158 143 247
143 158 247
321 297 858
297 321 858
498 263 230
263 498 230
104 137 363
137 104 363
342 273 93
273 342 93
100 79 587
79 100 587
114 440 756
440 114 756
379 81 881
81 379 881
518 187 294
187 518 294
179 70 675
70 179 675
462 126 393
126 462 393
152 441 410
441 152 410
504 331 889
331 504 889
153 133 671
133 153 671
489 462 442
462 489 442
520 462 996
462 520 996
467 126 887
126 467 887
109 382 925
382 109 925
469 208 456
208 469 456
227 247 955
247 227 955
107 241 951
241 107 951
453 465 234
465 453 234
36 472 998
472 36 998
430 393 525
393 430 525
355 148 691
148 355 691
154 406 318
406 154 318
24 381 322
381 24 322
431 397 483
397 431 483
496 493 912
493 496 912
321 300 49
300 321 49
121 48 95
48 121 95
365 500 742
500 365 742
476 529 115
529 476 115
483 56 28
56 483 28
189 371 8
371 189 8
491 223 132
223 491 132
3 179 83
179 3 83
17 442 868
442 17 868
431 423 68
423 431 68
339 189 232
189 339 232
423 491 486
491 423 486
394 407 215
407 394 215
81 528 630
528 81 630
117 240 596
240 117 596
411 379 846
379 411 846
181 93 656
93 181 656
314 402 94
402 314 94
47 31 731
31 47 731
31 257 24
257 31 24
422 269 388
269 422 388
435 96 206
96 435 206
140 347 512
347 140 512
208 324 709
324 208 709
97 318 521
318 97 521
67 238 182
238 67 182
474 90 131
90 474 131
399 169 386
169 399 386
157 124 343
124 157 343
189 93 254
93 189 254
197 70 793
70 197 793
461 163 457
163 461 457
258 6 981
6 258 981
166 459 439
459 166 439
122 252 488
252 122 488
97 198 233
198 97 233
64 78 368
78 64 368
509 312 992
312 509 992
29 387 307
387 29 307
279 71 158
71 279 158
364 82 342
82 364 342
424 388 399
388 424 399
387 191 508
191 387 508
15 27 400
27 15 400
190 90 908
90 190 908
387 231 187
231 387 187
150 357 648
357 150 648
253 42 612
42 253 612
64 101 248
101 64 248
481 332 569
332 481 569
35 394 44
394 35 44
118 314 248
314 118 248
235 459 676
459 235 676
209 216 435
216 209 435
260 453 505
453 260 505
15 69 381
69 15 381
325 508 400
508 325 400
178 332 866
332 178 866
388 160 150
160 388 150
148 270 769
270 148 769
129 493 973
493 129 973
393 60 913
60 393 913
379 274 21
274 379 21
336 435 89
435 336 89
522 191 553
191 522 553
60 223 983
223 60 983
269 343 316
343 269 316
58 255 80
255 58 80
471 420 208
420 471 208
457 479 319
479 457 319
243 272 785
272 243 785
485 296 602
296 485 602
139 379 157
379 139 157
307 174 112
174 307 112
356 236 899
236 356 899
54 491 393
491 54 393
234 90 233
90 234 233
98 308 45
308 98 45
502 456 641
456 502 641
436 113 978
113 436 978
59 421 327
421 59 327
102 163 119
163 102 119
150 452 779
452 150 779
422 313 121
313 422 121
28 40 32
40 28 32
57 98 393
98 57 393
11 247 298
247 11 298
489 39 762
39 489 762
220 453 527
453 220 527
14 341 929
341 14 929
137 43 652
43 137 652
174 12 140
12 174 140
247 437 628
437 247 628
22 44 257
44 22 257
46 410 881
410 46 881
16 436 35
436 16 35
327 411 99
411 327 99
375 339 710
339 375 710
285 154 206
154 285 206
178 185 161
185 178 161
117 185 997
185 117 997
500 146 476
146 500 476
377 16 283
16 377 283
394 243 676
243 394 676
231 505 893
505 231 893
358 37 86
37 358 86
14 4 822
4 14 822
215 282 728
282 215 728
263 417 525
417 263 525
333 168 91
168 333 91
219 406 544
406 219 544
468 279 82
279 468 82
337 358 178
358 337 178
400 122 643
122 400 643
76 260 32
260 76 32
272 75 653
75 272 653
117 413 891
413 117 891
370 496 560
496 370 560
286 9 802
9 286 802
338 402 143
402 338 143
144 395 804
395 144 804
94 226 287
226 94 287
62 252 973
252 62 973
370 343 910
343 370 910
168 279 433
279 168 433
362 389 533
389 362 533
192 123 723
123 192 723
510 61 31
61 510 31
485 351 315
351 485 315
294 254 925
254 294 925
16 508 15
508 16 15
429 348 127
348 429 127
443 465 288
465 443 288
288 515 441
515 288 441
153 352 168
352 153 168
325 335 255
335 325 255
250 128 818
128 250 818
19 518 190
518 19 190
147 519 185
519 147 185
381 22 947
22 381 947
475 107 776
107 475 776
16 512 762
512 16 762
40 165 817
165 40 817
289 301 808
301 289 808
179 118 421
118 179 421
27 81 517
81 27 517
94 303 394
303 94 394
253 31 129
31 253 129
51 213 920
213 51 920
351 330 984
330 351 984
111 412 461
412 111 461
225 522 996
522 225 996
159 412 264
412 159 264
413 68 600
68 413 600
111 340 878
340 111 878
184 85 523
85 184 523
160 166 254
166 160 254
33 314 614
314 33 614
342 344 13
344 342 13
302 197 682
197 302 682
55 405 849
405 55 849
458 392 657
392 458 657
252 452 23
452 252 23
59 179 623
179 59 623
246 90 484
90 246 484
19 291 142
291 19 142
97 400 960
400 97 960
12 175 873
175 12 873
58 412 592
412 58 592
467 392 305
392 467 305
80 74 441
74 80 441
146 349 526
349 146 526
27 342 143
342 27 143
402 234 856
234 402 856
488 273 265
273 488 265
193 19 467
19 193 467
34 142 991
142 34 991
32 445 707
445 32 707
265 345 206
345 265 206
31 10 812
10 31 812
431 146 962
146 431 962
206 304 928
304 206 928
408 288 9
288 408 9
1 289 622
289 1 622
27 372 985
372 27 985
49 480 842
480 49 842
465 237 878
237 465 878
504 29 596
29 504 596
249 11 716
11 249 716
380 88 14
88 380 14
257 513 756
513 257 756
267 472 201
472 267 201
454 427 814
427 454 814
404 526 673
526 404 673
250 124 417
124 250 417
321 525 55
525 321 55
407 99 661
99 407 661
384 406 87
406 384 87
457 372 339
372 457 339
74 21 347
21 74 347
244 456 672
456 244 672
256 509 1000
509 256 1000
70 278 276
278 70 276
100 445 823
445 100 823
8 25 524
25 8 524
144 6 622
6 144 622
67 140 687
140 67 687
170 457 784
457 170 784
451 478 598
478 451 598
368 131 764
131 368 764
354 204 702
204 354 702
271 521 268
521 271 268
225 527 650
527 225 650
449 342 845
342 449 845
410 75 41
75 410 41
420 244 909
244 420 909
279 414 394
414 279 394
70 519 320
519 70 320
444 7 719
7 444 719
322 62 49
62 322 49
340 522 936
522 340 936
296 190 613
190 296 613
154 514 573
514 154 573
458 48 414
48 458 414
367 166 899
166 367 899
518 116 659
116 518 659
435 512 850
512 435 850
308 503 294
503 308 294
288 202 216
202 288 216
156 104 885
104 156 885
192 305 897
305 192 897
330 426 158
426 330 158
198 438 137
438 198 137
215 501 6
501 215 6
358 518 338
518 358 338
113 51 381
51 113 381
435 252 461
252 435 461
12 436 481
436 12 481
95 293 323
293 95 323
178 61 795
61 178 795
156 382 564
382 156 564
177 346 928
346 177 928
54 218 659
218 54 659
20 149 320
149 20 320
302 360 146
360 302 146
129 37 393
37 129 393
11 44 536
44 11 536
288 450 360
450 288 360
510 115 605
115 510 605
454 17 524
17 454 524
159 187 795
187 159 795
406 45 742
45 406 742
472 13 350
13 472 350
139 151 255
151 139 255
413 97 113
97 413 113
379 421 784
421 379 784
107 163 531
163 107 531
438 368 997
368 438 997
121 462 40
462 121 40
13 523 349
523 13 349
117 509 494
509 117 494
457 431 830
431 457 830
49 510 760
510 49 760
247 424 944
424 247 944
371 382 538
382 371 538
200 102 712
102 200 712
286 506 218
506 286 218
519 474 638
474 519 638
304 319 322
319 304 322
231 28 581
28 231 581
218 139 439
139 218 439
242 30 377
30 242 377
81 409 246
409 81 246
120 233 985
233 120 985
425 494 964
494 425 964
280 224 613
224 280 613
181 41 329
41 181 329
107 218 864
218 107 864
10 304 549
304 10 549
215 356 491
356 215 491
2 483 614
483 2 614
55 92 726
92 55 726
89 526 926
526 89 926
60 320 399
320 60 399
257 139 206
139 257 206
207 48 322
48 207 322
289 371 196
371 289 196
35 69 867
69 35 867
445 293 256
293 445 256
392 286 705
286 392 705
24 457 833
457 24 833
377 102 55
102 377 55
215 71 342
71 215 342
8 182 629
182 8 629
508 374 561
374 508 561
219 354 383
354 219 383
148 308 743
308 148 743
293 378 518
378 293 518
353 248 338
248 353 338
448 80 20
80 448 20
528 0 843
0 528 843
311 378 835
378 311 835
242 16 790
16 242 790
442 520 302
520 442 302
170 427 604
427 170 604
440 106 133
106 440 133
284 174 507
174 284 507
183 518 752
518 183 752
84 2 80
2 84 80
269 48 997
48 269 997
277 72 891
72 277 891
353 197 550
197 353 550
382 451 773
451 382 773
84 351 919
351 84 919
236 148 4
148 236 4
292 435 758
435 292 758
310 226 130
226 310 130
518 436 551
436 518 551
528 466 326
466 528 326
148 125 467
125 148 467
496 235 236
235 496 236
263 74 102
74 263 102
52 343 278
343 52 278
513 126 223
126 513 223
433 322 67
322 433 67
390 499 116
499 390 116
0 402 872
402 0 872
244 301 147
301 244 147
114 245 917
245 114 917
391 339 756
339 391 756
265 349 451
349 265 451
476 194 524
194 476 524
192 247 853
247 192 853
199 472 562
472 199 562
87 357 671
357 87 671
37 79 631
79 37 631
432 216 779
216 432 779
423 60 479
60 423 479
203 242 89
242 203 89
158 115 124
115 158 124
234 17 767
17 234 767
27 101 206
101 27 206
381 122 97
122 381 97
398 48 71
48 398 71
303 72 223
72 303 223
77 378 196
378 77 196
271 248 133
248 271 133
391 300 615
300 391 615
316 497 688
497 316 688
153 240 359
240 153 359
159 262 718
262 159 718
37 442 451
442 37 451
524 303 845
303 524 845
151 292 242
292 151 242
93 50 93
50 93 93
225 344 401
344 225 401
383 458 898
458 383 898
89 318 846
318 89 846
526 91 627
91 526 627
89 285 881
285 89 881
269 161 943
161 269 943
419 345 496
345 419 496
126 218 529
218 126 529
91 41 118
41 91 118
347 110 327
110 347 327
463 479 925
479 463 925
15 500 302
500 15 302
507 398 404
398 507 404
416 292 451
292 416 451
413 286 644
286 413 644
502 387 850
387 502 850
343 129 599
129 343 599
312 86 271
86 312 271
120 3 964
3 120 964
68 266 452
266 68 452
366 404 859
404 366 859
217 165 768
165 217 768
238 7 698
7 238 698
405 294 103
294 405 103
53 38 532
38 53 532
155 434 881
434 155 881
51 307 841
307 51 841
298 32 719
32 298 719
194 446 243
446 194 243
132 8 977
8 132 977
526 107 13
107 526 13
440 292 723
292 440 723
218 502 868
502 218 868
339 44 108
44 339 108
264 0 276
0 264 276
388 174 592
174 388 592
457 528 725
528 457 725
410 198 847
198 410 847
23 71 355
71 23 355
501 169 652
169 501 652
414 199 927
199 414 927
43 400 668
400 43 668
425 303 794
303 425 794
308 218 253
218 308 253
42 369 327
369 42 327
330 147 430
147 330 430
152 12 732
12 152 732
94 500 305
500 94 305
0 222 664
222 0 664
251 30 820
30 251 820
497 205 86
205 497 86
379 518 460
518 379 460
180 119 989
119 180 989
67 34 646
34 67 646
433 188 636
188 433 636
507 388 625
388 507 625
402 391 164
391 402 164
151 261 109
261 151 109
102 32 202
32 102 202
436 153 271
153 436 271
196 515 135
515 196 135
297 288 973
288 297 973
88 420 212
420 88 212
90 245 725
245 90 725
209 313 446
313 209 446
372 229 636
229 372 636
376 278 420
278 376 420
116 18 255
18 116 255
55 50 452
50 55 452
304 207 437
207 304 437
407 161 373
161 407 373
324 29 571
29 324 571
369 401 98
401 369 98
420 119 670
119 420 670
382 224 402
224 382 402
448 140 58
140 448 58
400 167 308
167 400 308
236 318 571
318 236 571
181 394 992
394 181 992
218 431 95
431 218 95
90 181 463
181 90 463
72 111 383
111 72 383
355 245 558
245 355 558
173 486 409
486 173 409
420 31 4
31 420 4
490 470 742
470 490 742
435 311 557
311 435 557
215 392 796
392 215 796
19 397 104
397 19 104
172 21 251
21 172 251
527 200 455
200 527 455
135 307 264
307 135 264
27 291 721
291 27 721
519 398 16
398 519 16
279 271 317
271 279 317
195 81 213
81 195 213
10 472 235
472 10 235
337 484 573
484 337 573
379 241 435
241 379 435
75 140 993
140 75 993
189 78 355
78 189 355
248 377 484
377 248 484
460 252 352
252 460 352
257 69 190
69 257 190
103 477 331
477 103 331
272 329 485
329 272 485
260 40 21
40 260 21
495 299 746
299 495 746
402 277 202
277 402 202
430 12 564
12 430 564
452 101 503
101 452 503
348 460 811
460 348 811
64 379 12
379 64 12
442 203 69
203 442 69
214 401 675
401 214 675
29 6 628
6 29 628
236 435 80
435 236 80
108 272 557
272 108 557
510 516 756
516 510 756
525 442 631
442 525 631
409 226 459
226 409 459
418 78 65
78 418 65
217 51 354
51 217 354
350 522 390
522 350 390
187 126 496
126 187 496
467 394 642
394 467 642
421 172 689
172 421 689
436 227 408
227 436 408
300 316 731
316 300 731
450 503 560
503 450 560
334 226 837
226 334 837
167 333 38
333 167 38
507 178 981
178 507 981
64 372 67
372 64 67
321 12 236
12 321 236
194 163 639
163 194 639
453 129 187
129 453 187
297 265 794
265 297 794
437 339 965
339 437 965
99 133 664
133 99 664
404 330 669
330 404 669
76 300 183
300 76 183
344 246 450
246 344 450
498 45 163
45 498 163
59 68 917
68 59 917
490 3 484
3 490 484
126 79 309
79 126 309
242 101 600
101 242 600
261 12 778
12 261 778
355 44 61
44 355 61
320 148 952
148 320 952
474 374 561
374 474 561
262 315 897
315 262 897
44 507 41
507 44 41
155 378 377
378 155 377
151 204 316
204 151 316
352 431 33
431 352 33
371 129 895
129 371 895
389 238 664
238 389 664
351 266 20
266 351 20
384 495 78
495 384 78
403 11 206
11 403 206
271 24 443
24 271 443
293 215 484
215 293 484
166 392 744
392 166 744
512 495 141
495 512 141
329 114 523
114 329 523
230 293 641
293 230 641
234 37 747
37 234 747
338 268 746
268 338 746
398 494 541
494 398 541
358 322 930
322 358 930
65 425 579
425 65 579
378 373 619
373 378 619
6 5 752
5 6 752
78 513 517
513 78 517
489 289 8
289 489 8
431 292 263
292 431 263
340 106 190
106 340 190
11 343 752
343 11 752
506 87 282
87 506 282
245 266 893
266 245 893
121 88 939
88 121 939
197 358 204
358 197 204
0 392 812
392 0 812
53 518 647
518 53 647
47 306 194
306 47 194
11 111 361
111 11 361
154 31 980
31 154 980
263 94 570
94 263 570
325 99 653
99 325 653
12 187 403
187 12 403
361 140 549
140 361 549
251 8 941
8 251 941
497 274 762
274 497 762
288 275 342
275 288 342
399 151 792
151 399 792
261 321 671
321 261 671
404 252 378
252 404 378
270 173 509
173 270 509
179 346 417
346 179 417
433 155 264
155 433 264
143 434 818
434 143 818
170 470 176
470 170 176
6 189 597
189 6 597
442 99 658
99 442 658
39 93 896
93 39 896
486 295 986
295 486 986
333 5 119
5 333 119
353 226 372
226 353 372
131 382 890
382 131 890
284 102 782
102 284 782
420 387 629
387 420 629
53 348 775
348 53 775
322 341 157
341 322 157
86 81 455
81 86 455
138 202 64
202 138 64
170 525 308
525 170 308
206 437 157
437 206 157
147 328 407
328 147 407
10 140 328
140 10 328
507 214 475
214 507 475
441 147 619
147 441 619
83 32 258
32 83 258
426 499 622
499 426 622
418 272 511
272 418 511
418 406 207
406 418 207
114 57 748
57 114 748
48 82 988
82 48 988
43 219 568
219 43 568
7 520 729
520 7 729
180 434 504
434 180 504
199 52 562
52 199 562
50 222 569
222 50 569
97 206 825
206 97 825
380 449 215
449 380 215
505 28 68
28 505 68
54 158 169
158 54 169
93 16 956
16 93 956
297 456 866
456 297 866
291 502 500
502 291 500
202 77 349
77 202 349
459 511 369
511 459 369
188 98 403
98 188 403
448 65 915
65 448 915
152 484 143
484 152 143
518 130 956
130 518 956
259 391 45
391 259 45
519 343 482
343 519 482
100 212 142
212 100 142
17 384 576
384 17 576
174 293 309
293 174 309
325 230 902
230 325 902
388 91 43
91 388 43
470 31 902
31 470 902
455 205 673
205 455 673
505 13 184
13 505 184
151 97 414
97 151 414
6 138 93
138 6 93
22 261 966
261 22 966
509 249 685
249 509 685
471 194 148
194 471 148
86 262 780
262 86 780
507 15 274
15 507 274
239 106 476
106 239 476
110 237 298
237 110 298
486 364 251
364 486 251
446 355 999
355 446 999
116 259 822
259 116 822
54 297 158
297 54 158
158 222 746
222 158 746
332 125 89
125 332 89
456 69 278
69 456 278
449 3 115
3 449 115
398 110 777
110 398 777
231 372 341
372 231 341
431 74 674
74 431 674
450 241 173
241 450 173
170 97 981
97 170 981
122 275 730
275 122 730
144 324 52
324 144 52
398 308 400
308 398 400
337 436 679
436 337 679
198 352 943
352 198 943
478 250 647
250 478 647
441 515 622
515 441 622
268 309 83
309 268 83
271 375 873
375 271 873
450 156 923
156 450 923
88 369 719
369 88 719
261 181 641
181 261 641
125 515 267
515 125 267
339 341 844
341 339 844
7 120 652
120 7 652
55 280 889
280 55 889
186 12 528
12 186 528
507 450 469
450 507 469
395 444 357
444 395 357
390 465 231
465 390 231
123 403 128
403 123 128
291 150 101
150 291 101
408 62 123
62 408 123
229 314 204
314 229 204
30 83 676
83 30 676
526 364 603
364 526 603
70 484 678
484 70 678
251 400 18
400 251 18
523 57 200
57 523 200
331 36 319
36 331 319
291 125 112
125 291 112
9 280 542
280 9 542
499 457 325
457 499 325
181 321 338
321 181 338
53 180 998
180 53 998
354 444 1
444 354 1
95 487 872
487 95 872
244 36 56
36 244 56
306 311 683
311 306 683
142 113 691
113 142 691
9 285 749
285 9 749
339 479 978
479 339 978
61 379 917
379 61 917
226 340 401
340 226 401
290 327 582
327 290 582
151 166 755
166 151 755
213 219 157
219 213 157
500 113 592
113 500 592
152 496 768
496 152 768
141 204 795
204 141 795
369 516 536
516 369 536
348 214 337
214 348 337
182 216 890
216 182 890
396 432 810
432 396 810
501 467 686
467 501 686
473 515 916
515 473 916
141 14 219
14 141 219
460 447 412
447 460 412
108 152 941
152 108 941
404 510 194
510 404 194
167 376 79
376 167 79
84 406 861
406 84 861
234 69 601
69 234 601
206 436 124
436 206 124
70 150 991
150 70 991
427 3 863
3 427 863
26 216 39
216 26 39
186 268 904
268 186 904
106 385 576
385 106 576
340 462 374
462 340 374
271 448 385
448 271 385
323 87 343
87 323 343
203 459 781
459 203 781
432 260 97
260 432 97
444 226 859
226 444 859
0 74 963
74 0 963
230 529 946
529 230 946
182 225 811
225 182 811
363 389 456
389 363 456
482 271 772
271 482 772
186 412 11
412 186 11
118 74 351
74 118 351
421 338 821
338 421 821
278 281 603
281 278 603
18 383 67
383 18 67
354 253 304
253 354 304
171 61 892
61 171 892
71 159 339
159 71 339
389 308 573
308 389 573
225 445 6
445 225 6
8 198 752
198 8 752
181 474 864
474 181 864
44 430 838
430 44 838
57 388 290
388 57 290
240 6 879
6 240 879
163 280 830
280 163 830
527 401 826
401 527 826
287 470 304
470 287 304
129 323 819
323 129 819
222 151 623
151 222 623
363 502 424
502 363 424
519 447 871
447 519 871
529 475 80
475 529 80
140 139 884
139 140 884
369 244 929
244 369 929
105 90 135
90 105 135
479 512 832
512 479 832
195 201 248
201 195 248
478 335 489
335 478 489
15 296 812
296 15 812
194 470 270
470 194 270
504 202 453
202 504 453
217 311 894
311 217 894
166 193 933
193 166 933
327 517 15
517 327 15
412 181 219
181 412 219
175 446 181
446 175 181
141 179 828
179 141 828
136 162 753
162 136 753
398 502 309
502 398 309
233 27 885
27 233 885
336 296 683
296 336 683
100 131 948
131 100 948
199 191 80
191 199 80
413 92 548
92 413 548
44 146 331
146 44 331
369 294 791
294 369 791
389 8 784
8 389 784
9 508 794
508 9 794
298 42 549
42 298 549
21 253 75
253 21 75
353 9 608
9 353 608
387 173 504
173 387 504
179 317 588
317 179 588
29 415 381
415 29 381
394 295 671
295 394 671
372 440 594
440 372 594
396 464 587
464 396 587
522 207 72
207 522 72
383 264 846
264 383 846
333 271 307
271 333 307
312 162 39
162 312 39
14 467 8
467 14 8
249 189 840
189 249 840
28 307 300
307 28 300
223 390 706
390 223 706
474 14 684
14 474 684
371 378 130
378 371 130
480 61 612
61 480 612
390 148 666
148 390 666
25 434 886
434 25 886
121 493 415
493 121 415
126 173 862
173 126 862
58 180 686
180 58 686
454 105 531
105 454 531
500 418 831
418 500 831
449 38 693
38 449 693
101 423 504
423 101 504
248 190 857
190 248 857
179 453 468
453 179 468
427 35 217
35 427 217
416 179 122
179 416 122
320 358 337
358 320 337
79 218 184
218 79 184
423 225 56
225 423 56
491 527 774
527 491 774
297 446 811
446 297 811
58 103 419
103 58 419
439 16 573
16 439 573
235 237 941
237 235 941
274 284 221
284 274 221
248 20 497
20 248 497
459 157 553
157 459 553
527 373 900
373 527 900
135 183 28
183 135 28
454 270 134
270 454 134
523 399 262
399 523 262
63 405 141
405 63 141
511 196 221
196 511 221
222 251 798
251 222 798
399 220 769
220 399 769
92 182 197
182 92 197
181 109 711
109 181 711
288 77 380
77 288 380
320 352 271
352 320 271
25 462 291
462 25 291
391 381 246
381 391 246
179 387 701
387 179 701
398 132 547
132 398 547
47 512 993
512 47 993
333 242 27
242 333 27
371 150 701
150 371 701
36 169 823
169 36 823
500 149 307
149 500 307
7 109 512
109 7 512
114 513 183
513 114 183
385 132 294
132 385 294
204 125 497
125 204 497
204 40 962
40 204 962
122 100 489
100 122 489
376 55 436
55 376 436
117 231 950
231 117 950
31 444 474
444 31 474
197 234 132
234 197 132
113 301 410
301 113 410
354 454 841
454 354 841
311 506 144
506 311 144
78 184 420
184 78 420
255 337 607
337 255 607
339 478 889
478 339 889
493 123 298
123 493 298
490 521 964
521 490 964
409 313 579
313 409 579
66 515 759
515 66 759
522 379 232
379 522 232
38 446 669
446 38 669
25 3 548
3 25 548
518 400 366
400 518 366
509 149 252
149 509 252
249 312 953
312 249 953
241 273 185
273 241 185
43 295 153
295 43 153
31 248 322
248 31 322
40 495 752
495 40 752
46 510 535
510 46 535
253 260 343
260 253 343
186 267 42
267 186 42
515 144 524
144 515 524
259 148 602
148 259 602
259 298 740
298 259 740
255 486 818
486 255 818
116 217 687
217 116 687
158 178 956
178 158 956
141 295 260
295 141 260
432 345 351
345 432 351
110 111 835
111 110 835
513 429 1000
429 513 1000
462 499 206
499 462 206
353 493 988
493 353 988
505 467 812
467 505 812
43 136 321
136 43 321
163 150 146
150 163 146
397 87 51
87 397 51
469 35 771
35 469 771
429 111 578
111 429 578
195 327 683
327 195 683
193 332 659
332 193 659
260 289 66
289 260 66
301 263 647
263 301 647
81 42 164
42 81 164
369 213 161
213 369 161
525 282 585
282 525 585
66 397 378
397 66 378
26 459 885
459 26 885
440 526 261
526 440 261
311 362 754
362 311 754
377 297 948
297 377 948
124 212 249
212 124 249
230 42 986
42 230 986
187 294 143
294 187 143
324 528 614
528 324 614
378 150 464
150 378 464
486 316 14
316 486 14
454 60 129
60 454 129
165 320 688
320 165 688
115 212 469
212 115 469
40 480 270
480 40 270
65 208 840
208 65 840
377 233 986
233 377 986
418 261 463
261 418 463
356 31 938
31 356 938
498 229 704
229 498 704
413 407 886
407 413 886
273 258 828
258 273 828
209 383 852
383 209 852
109 35 584
35 109 584
143 345 18
345 143 18
372 477 112
477 372 112
402 127 511
127 402 511
30 256 877
256 30 877
196 19 803
19 196 803
98 500 967
500 98 967
115 356 929
356 115 929
510 65 338
65 510 338
420 204 109
204 420 109
273 378 157
378 273 157
102 134 268
134 102 268
175 236 639
236 175 639
128 254 564
254 128 564
474 17 265
17 474 265
488 268 85
268 488 85
88 34 794
34 88 794
47 479 989
479 47 989
501 479 58
479 501 58
472 273 178
273 472 178
426 488 45
488 426 45
484 183 326
183 484 326
251 96 76
96 251 76
175 127 827
127 175 827
168 304 367
304 168 367
204 98 502
98 204 502
431 166 161
166 431 161
107 411 989
411 107 989
381 270 895
270 381 895
190 58 455
58 190 455
398 82 332
82 398 332
180 464 470
464 180 470
147 303 713
303 147 713
328 307 105
307 328 105
20 395 270
395 20 270
109 106 59
106 109 59
330 32 433
32 330 433
426 44 341
44 426 341
354 453 271
453 354 271
295 123 48
123 295 48
224 319 535
319 224 535
345 491 326
491 345 326
155 335 732
335 155 732
270 107 30
107 270 30
370 415 817
415 370 817
122 471 553
471 122 553
253 193 184
193 253 184
356 497 176
497 356 176
217 408 976
408 217 976
409 273 641
273 409 641
256 133 400
133 256 400
143 71 878
71 143 878
271 269 997
269 271 997
278 200 19
200 278 19
528 446 968
446 528 968
502 157 142
157 502 142
250 241 417
241 250 417
430 487 378
487 430 378
172 247 797
247 172 797
1 30 602
30 1 602
330 379 793
379 330 793
379 516 88
516 379 88
91 13 66
13 91 66
161 387 369
387 161 369
202 415 217
415 202 217
206 384 961
384 206 961
124 368 326
368 124 326
448 135 366
135 448 366
233 388 268
388 233 268
356 206 404
206 356 404
226 408 99
408 226 99
496 415 265
415 496 265
404 482 458
482 404 458
293 362 815
362 293 815
489 288 890
288 489 890
162 348 990
348 162 990
228 179 161
179 228 161
299 281 674
281 299 674
171 431 374
431 171 374
269 313 451
313 269 451
468 268 861
268 468 861
34 94 296
94 34 296
179 300 3
300 179 3
133 515 629
515 133 629
436 253 614
253 436 614
521 156 951
156 521 951
6 21 317
21 6 317
328 27 883
27 328 883
306 132 516
132 306 516
486 170 589
170 486 589
199 284 735
284 199 735
87 233 18
233 87 18
145 377 491
377 145 491
185 347 773
347 185 773
54 311 581
311 54 581
240 214 712
214 240 712
106 84 211
