108 98 265
98 108 265
132 108 414
108 132 414
77 108 366
108 77 366
153 108 516
108 153 516
35 132 143
132 35 143
24 153 818
153 24 818
66 153 722
153 66 722
162 132 317
132 162 317
26 108 920
108 26 920
89 66 573
66 89 573
27 35 444
35 27 444
86 26 655
26 86 655
56 162 488
162 56 488
124 56 533
56 124 533
72 98 824
98 72 824
155 98 95
98 155 95
114 98 626
98 114 626
141 89 249
89 141 249
93 132 195
132 93 195
165 66 244
66 165 244
40 114 458
114 40 458
23 132 327
132 23 327
149 72 111
72 149 111
88 114 298
114 88 298
36 114 340
114 36 340
163 24 986
24 163 986
167 141 294
141 167 294
133 132 610
132 133 610
116 89 589
89 116 589
70 26 188
26 70 188
55 163 191
163 55 191
8 155 487
155 8 487
18 35 695
35 18 695
42 26 945
26 42 945
10 35 919
35 10 919
174 36 857
36 174 857
170 114 534
114 170 534
76 56 916
56 76 916
136 170 281
170 136 281
146 55 676
55 146 676
117 35 332
35 117 332
38 55 601
55 38 601
110 86 248
86 110 248
4 114 119
114 4 119
74 149 813
149 74 813
58 40 436
40 58 436
19 24 801
24 19 801
51 4 224
4 51 224
14 174 649
174 14 649
28 108 127
108 28 127
69 76 850
76 69 850
46 36 93
36 46 93
71 66 37
66 71 37
113 108 199
108 113 199
178 27 735
27 178 735
21 70 215
70 21 215
138 69 62
69 138 62
176 110 23
110 176 23
104 167 635
167 104 635
16 71 266
71 16 266
11 124 73
124 11 73
127 93 358
93 127 358
90 27 62
27 90 62
102 104 40
104 102 40
122 86 716
86 122 716
82 36 266
36 82 266
75 16 858
16 75 858
120 40 714
40 120 714
143 163 989
163 143 989
160 66 807
66 160 807
144 165 865
165 144 865
34 110 542
110 34 542
54 72 611
72 54 611
97 23 13
23 97 13
105 46 921
46 105 921
128 122 939
122 128 939
65 74 397
74 65 397
151 8 157
8 151 157
129 108 468
108 129 468
171 89 343
89 171 343
172 35 557
35 172 557
61 114 245
114 61 245
111 74 624
74 111 624
63 74 604
74 63 604
154 129 135
129 154 135
175 136 397
136 175 397
99 111 82
111 99 82
0 128 196
128 0 196
177 38 163
38 177 163
53 133 652
133 53 652
112 51 727
51 112 727
173 34 895
34 173 895
103 153 411
153 103 411
147 71 790
71 147 790
179 53 47
53 179 47
41 138 65
138 41 65
64 177 161
177 64 161
121 75 906
75 121 906
134 144 618
144 134 618
1 153 506
153 1 506
85 136 857
136 85 857
131 24 828
24 131 828
118 88 561
88 118 561
20 173 133
173 20 133
3 69 972
69 3 972
125 146 3
146 125 3
59 108 734
108 59 734
2 3 691
3 2 691
164 151 100
151 164 100
52 72 622
72 52 622
60 76 286
76 60 286
50 86 487
86 50 487
135 171 83
171 135 83
7 10 935
10 7 935
156 131 811
131 156 811
37 52 262
52 37 262
25 111 533
111 25 533
148 111 660
111 148 660
67 124 892
124 67 892
30 10 871
10 30 871
6 35 41
35 6 41
44 99 265
99 44 265
106 146 969
146 106 969
80 30 581
30 80 581
169 35 866
35 169 866
152 106 718
106 152 718
123 111 506
111 123 506
150 25 655
25 150 655
91 179 892
179 91 892
109 74 212
74 109 212
83 97 9
97 83 9
31 76 277
76 31 277
79 175 808
175 79 808
87 149 346
149 87 346
157 26 42
26 157 42
62 117 153
117 62 153
145 97 369
97 145 369
96 18 300
18 96 300
29 44 748
44 29 748
57 86 315
86 57 315
45 79 746
79 45 746
15 65 412
65 15 412
100 128 424
128 100 424
32 36 574
36 32 574
158 6 345
6 158 345
107 55 490
55 107 490
39 123 436
123 39 436
12 65 343
65 12 343
137 136 941
136 137 941
33 32 384
32 33 384
159 23 67
23 159 67
161 40 202
40 161 202
140 21 62
21 140 62
81 132 100
132 81 100
84 15 531
15 84 531
68 7 942
7 68 942
115 137 731
137 115 731
168 178 433
178 168 433
13 147 225
147 13 225
73 137 795
137 73 795
47 52 196
52 47 196
101 116 65
116 101 65
5 87 462
87 5 462
78 70 509
70 78 509
92 122 212
122 92 212
130 89 970
89 130 970
166 178 638
178 166 638
22 163 202
163 22 202
119 41 370
41 119 370
139 76 107
76 139 107
126 170 577
170 126 577
95 5 696
5 95 696
48 79 507
79 48 507
142 61 853
61 142 853
49 123 650
123 49 650
17 96 624
96 17 624
9 132 348
132 9 348
94 61 36
61 94 36
43 122 617
122 43 617
136 64 596
64 136 596
105 30 67
30 105 67
40 31 889
31 40 889
89 155 230
155 89 230
18 89 307
89 18 307
77 7 338
7 77 338
117 76 889
76 117 889
166 25 991
25 166 991
179 64 922
64 179 922
157 150 34
150 157 34
107 149 694
149 107 694
31 140 78
140 31 78
164 46 296
46 164 296
145 140 427
140 145 427
106 134 622
134 106 622
33 104 871
104 33 871
35 22 906
22 35 906
98 58 309
58 98 309
91 158 260
158 91 260
154 155 505
155 154 505
75 65 791
65 75 791
20 121 829
121 20 829
121 72 167
72 121 167
78 8 244
8 78 244
54 154 56
154 54 56
26 106 427
106 26 427
174 169 911
169 174 911
81 165 689
165 81 689
94 76 829
76 94 829
53 3 36
3 53 36
68 67 395
67 68 395
25 86 103
86 25 103
30 76 20
76 30 20
162 140 632
140 162 632
18 47 331
47 18 331
163 43 562
43 163 562
130 0 199
0 130 199
121 169 113
169 121 113
72 68 717
68 72 717
67 115 647
115 67 647
175 130 127
130 175 127
142 13 303
13 142 303
8 134 818
134 8 818
105 142 829
142 105 829
55 31 881
31 55 881
51 26 800
26 51 800
1 135 380
135 1 380
51 37 365
37 51 365
47 93 979
93 47 979
27 89 497
89 27 497
122 24 967
24 122 967
79 139 582
139 79 582
107 178 235
178 107 235
149 73 798
73 149 798
150 94 536
94 150 536
59 91 312
91 59 312
116 170 436
170 116 436
32 2 945
2 32 945
40 163 425
163 40 425
155 36 425
36 155 425
136 66 810
66 136 810
7 52 702
52 7 702
125 66 508
66 125 508
111 102 80
102 111 80
53 141 124
141 53 124
112 9 30
9 112 30
0 177 182
177 0 182
132 104 838
104 132 838
103 141 610
141 103 610
174 71 3
71 174 3
46 22 689
22 46 689
55 108 300
108 55 300
147 17 25
17 147 25
81 104 879
104 81 879
174 19 464
19 174 464
133 44 352
44 133 352
82 18 28
18 82 28
71 173 343
173 71 343
6 97 303
97 6 303
45 101 334
101 45 334
19 159 82
159 19 82
163 62 594
62 163 594
151 146 385
146 151 385
170 8 823
8 170 823
138 171 520
171 138 520
127 16 772
16 127 772
19 97 381
97 19 381
59 119 47
119 59 47
18 140 21
140 18 21
1 93 719
93 1 719
141 18 430
18 141 430
128 57 426
57 128 426
174 159 432
159 174 432
128 5 363
5 128 363
40 90 455
90 40 455
47 147 652
147 47 652
157 124 385
124 157 385
20 132 427
132 20 427
61 50 208
50 61 208
179 105 975
105 179 975
30 149 973
149 30 973
19 167 283
167 19 283
133 15 620
15 133 620
17 136 814
136 17 814
43 7 950
7 43 950
131 19 786
19 131 786
59 52 178
52 59 178
90 37 348
37 90 348
79 174 363
174 79 363
148 47 652
47 148 652
23 106 773
106 23 773
46 98 850
98 46 850
94 7 633
7 94 633
148 108 223
108 148 223
128 116 787
116 128 787
47 65 558
65 47 558
84 136 434
136 84 434
30 48 509
48 30 509
104 29 780
29 104 780
118 144 647
144 118 647
35 70 276
70 35 276
126 89 0
89 126 0
122 85 538
85 122 538
12 85 455
85 12 455
163 102 362
102 163 362
34 95 930
95 34 930
28 161 87
161 28 87
26 141 811
141 26 811
75 151 546
151 75 546
99 70 542
70 99 542
90 117 69
117 90 69
125 97 289
97 125 289
79 42 587
42 79 587
79 73 215
73 79 215
62 3 978
3 62 978
101 29 413
29 101 413
144 97 452
97 144 452
179 158 643
158 179 643
10 146 126
146 10 126
94 70 390
70 94 390
131 159 479
159 131 479
10 100 684
100 10 684
128 53 647
53 128 647
6 125 223
125 6 223
44 169 711
169 44 711
150 172 504
172 150 504
130 72 454
72 130 454
128 174 763
174 128 763
152 56 908
56 152 908
13 178 26
178 13 26
53 30 400
30 53 400
132 87 68
87 132 68
49 165 702
165 49 702
126 85 6
85 126 6
173 89 118
89 173 118
168 98 276
98 168 276
5 43 299
43 5 299
176 174 769
174 176 769
107 54 195
54 107 195
163 60 471
60 163 471
63 121 172
121 63 172
63 59 663
59 63 663
49 60 151
60 49 151
7 170 536
170 7 536
171 18 213
18 171 213
19 135 357
135 19 357
134 164 826
164 134 826
169 134 747
134 169 747
21 28 449
28 21 449
46 33 727
33 46 727
86 134 34
134 86 34
104 101 86
101 104 86
19 103 58
103 19 58
5 48 177
48 5 177
104 68 304
68 104 304
68 23 721
23 68 721
83 34 789
34 83 789
53 25 55
25 53 55
47 94 528
94 47 528
139 130 977
130 139 977
57 52 594
52 57 594
37 169 260
169 37 260
6 178 345
178 6 345
120 89 44
89 120 44
56 117 358
117 56 358
98 97 670
97 98 670
108 10 65
10 108 65
164 142 227
142 164 227
84 85 571
85 84 571
21 37 197
37 21 197
175 84 104
84 175 104
84 40 813
40 84 813
172 61 548
61 172 548
37 111 261
111 37 261
66 79 45
79 66 45
51 147 82
147 51 82
71 87 354
87 71 354
51 69 257
69 51 257
95 65 319
65 95 319
31 121 260
121 31 260
106 0 892
0 106 892
11 27 313
27 11 313
45 141 9
141 45 9
25 152 741
152 25 741
50 3 505
3 50 505
25 50 120
50 25 120
40 165 246
165 40 246
36 136 423
136 36 423
113 50 627
50 113 627
93 164 572
164 93 572
1 89 981
89 1 981
58 90 501
90 58 501
21 8 860
8 21 860
144 53 327
53 144 327
60 167 570
167 60 570
54 68 554
68 54 554
69 105 796
105 69 796
135 83 619
83 135 619
148 145 649
145 148 649
82 143 237
143 82 237
153 70 629
70 153 629
36 4 750
4 36 750
125 90 223
90 125 223
34 22 6
22 34 6
145 83 438
83 145 438
86 55 393
55 86 393
92 143 121
143 92 121
32 112 235
112 32 235
95 29 676
29 95 676
34 21 757
21 34 757
11 155 530
155 11 530
151 95 335
95 151 335
104 179 643
179 104 643
44 54 596
54 44 596
110 10 829
10 110 829
77 45 516
45 77 516
111 103 599
103 111 599
101 24 831
24 101 831
18 85 158
85 18 158
74 93 138
93 74 138
46 123 583
123 46 583
94 113 240
113 94 240
18 104 778
104 18 778
121 53 623
53 121 623
159 18 644
18 159 644
123 167 630
167 123 630
24 87 610
87 24 610
112 169 466
169 112 466
129 77 981
77 129 981
21 15 668
15 21 668
117 119 900
119 117 900
152 29 321
29 152 321
165 82 140
82 165 140
81 131 720
131 81 720
51 172 804
172 51 804
97 121 966
121 97 966
72 71 39
71 72 39
171 90 351
90 171 351
50 126 743
126 50 743
22 138 266
138 22 266
0 126 166
126 0 166
151 153 364
153 151 364
107 96 59
96 107 59
47 76 361
76 47 361
35 73 62
73 35 62
24 11 46
11 24 46
77 138 968
138 77 968
166 111 68
111 166 68
72 0 995
0 72 995
119 2 139
2 119 139
178 7 445
7 178 445
174 112 319
112 174 319
74 130 336
130 74 336
20 64 9
64 20 9
20 75 546
75 20 546
62 49 721
49 62 721
148 89 578
89 148 578
55 20 976
20 55 976
134 110 3
110 134 3
150 10 636
10 150 636
119 83 860
83 119 860
43 170 81
170 43 81
63 16 860
16 63 860
74 90 968
90 74 968
35 110 760
110 35 760
49 100 172
100 49 172
165 164 949
164 165 949
140 163 635
163 140 635
73 25 727
25 73 727
76 115 616
115 76 616
89 102 348
102 89 348
41 24 640
24 41 640
26 123 91
123 26 91
112 97 687
97 112 687
76 25 241
25 76 241
91 112 166
112 91 166
118 175 276
175 118 276
152 1 15
1 152 15
129 157 922
157 129 922
54 57 480
57 54 480
162 62 584
62 162 584
45 75 956
75 45 956
49 26 466
26 49 466
85 70 413
70 85 413
0 152 52
152 0 52
35 143 757
143 35 757
162 122 697
122 162 697
142 12 719
12 142 719
97 49 780
49 97 780
71 157 528
157 71 528
99 121 854
121 99 854
102 71 118
71 102 118
32 63 824
63 32 824
127 33 690
33 127 690
62 142 896
142 62 896
53 117 938
117 53 938
136 63 866
63 136 866
132 137 835
137 132 835
56 32 159
32 56 159
0 173 298
173 0 298
73 105 330
105 73 330
152 118 615
118 152 615
52 110 1
110 52 1
174 158 44
158 174 44
135 8 349
8 135 349
132 44 931
44 132 931
139 119 797
119 139 797
122 68 192
68 122 192
114 57 958
57 114 958
2 144 972
144 2 972
4 157 173
157 4 173
155 22 654
22 155 654
146 12 112
12 146 112
91 47 815
47 91 815
29 81 393
81 29 393
60 120 318
120 60 318
34 77 438
77 34 438
144 82 550
82 144 550
87 45 325
45 87 325
99 51 722
51 99 722
52 174 865
174 52 865
108 109 159
109 108 159
119 43 945
43 119 945
32 121 369
121 32 369
148 26 575
26 148 575
3 101 628
101 3 628
176 153 370
153 176 370
157 146 696
146 157 696
14 47 362
47 14 362
73 43 508
43 73 508
153 90 585
90 153 585
11 160 189
160 11 189
59 93 586
93 59 586
7 16 761
16 7 761
156 109 916
109 156 916
36 51 168
51 36 168
50 155 950
155 50 950
164 101 404
101 164 404
143 102 447
102 143 447
112 68 335
68 112 335
149 151 30
151 149 30
152 132 780
132 152 780
102 69 780
69 102 780
85 121 446
121 85 446
101 73 689
73 101 689
134 94 901
94 134 901
26 137 476
137 26 476
53 158 129
158 53 129
32 144 335
144 32 335
24 85 485
85 24 485
79 89 83
89 79 83
32 0 369
0 32 369
108 114 195
114 108 195
133 126 553
126 133 553
30 27 322
27 30 322
24 171 402
171 24 402
8 101 281
101 8 281
20 126 145
126 20 145
161 170 413
170 161 413
151 109 61
109 151 61
117 8 914
8 117 914
42 106 722
106 42 722
78 27 747
27 78 747
79 27 843
27 79 843
15 17 762
17 15 762
94 58 352
58 94 352
137 40 82
40 137 82
100 4 832
4 100 832
75 69 819
69 75 819
82 111 717
111 82 717
102 82 529
82 102 529
37 136 774
136 37 774
7 45 156
45 7 156
26 47 599
47 26 599
74 78 524
78 74 524
162 171 837
171 162 837
141 14 663
14 141 663
37 68 244
68 37 244
25 79 163
79 25 163
154 166 138
166 154 138
6 15 58
15 6 58
29 40 840
40 29 840
31 99 2
99 31 2
165 163 437
163 165 437
84 53 583
53 84 583
156 154 853
154 156 853
41 83 370
83 41 370
101 70 139
70 101 139
172 58 751
58 172 751
8 153 345
153 8 345
84 14 45
14 84 45
3 92 63
92 3 63
94 129 815
129 94 815
134 56 614
56 134 614
110 112 940
112 110 940
93 20 55
20 93 55
50 53 618
53 50 618
168 122 688
122 168 688
129 32 869
32 129 869
37 3 185
3 37 185
66 37 821
37 66 821
75 51 972
51 75 972
134 155 366
155 134 366
88 55 26
55 88 26
177 35 181
35 177 181
118 115 707
115 118 707
166 77 330
77 166 330
37 45 763
45 37 763
9 152 487
152 9 487
165 56 548
56 165 548
131 75 28
75 131 28
92 31 98
31 92 98
165 154 367
154 165 367
36 30 991
30 36 991
162 136 930
136 162 930
31 73 824
73 31 824
54 26 0
26 54 0
41 175 160
175 41 160
57 94 150
94 57 150
117 4 798
4 117 798
146 5 696
5 146 696
127 13 336
13 127 336
24 106 981
106 24 981
73 48 407
48 73 407
27 138 246
138 27 246
101 34 336
34 101 336
110 16 360
16 110 360
138 117 899
117 138 899
59 148 372
148 59 372
32 10 395
10 32 395
32 77 166
77 32 166
137 108 703
108 137 703
134 4 152
4 134 152
153 61 522
61 153 522
98 26 48
26 98 48
133 107 626
107 133 626
170 95 805
95 170 805
64 24 428
24 64 428
60 158 935
158 60 935
49 154 728
154 49 728
90 10 372
10 90 372
109 178 546
178 109 546
131 141 132
141 131 132
20 32 674
32 20 674
177 88 441
88 177 441
60 127 482
127 60 482
64 138 938
138 64 938
85 11 660
11 85 660
106 85 942
85 106 942
12 114 855
114 12 855
102 160 906
160 102 906
87 179 555
179 87 555
35 81 626
81 35 626
6 16 282
16 6 282
89 68 329
68 89 329
1 73 109
73 1 109
62 86 147
86 62 147
1 24 786
24 1 786
59 1 443
1 59 443
163 25 618
25 163 618
148 117 173
117 148 173
99 6 420
6 99 420
146 159 940
159 146 940
34 150 115
150 34 115
147 0 146
0 147 146
73 112 784
112 73 784
6 47 531
47 6 531
56 28 898
28 56 898
122 74 740
74 122 740
137 111 303
111 137 303
64 101 42
101 64 42
97 45 441
45 97 441
162 142 420
142 162 420
120 41 745
41 120 745
71 0 137
0 71 137
18 133 627
133 18 627
112 38 31
38 112 31
52 39 407
39 52 407
148 93 657
93 148 657
142 93 796
93 142 796
2 29 743
29 2 743
45 10 173
10 45 173
136 71 168
71 136 168
176 66 537
66 176 537
42 152 365
152 42 365
13 54 733
54 13 733
154 70 821
70 154 821
20 146 350
146 20 350
73 150 991
150 73 991
63 62 711
62 63 711
170 41 757
41 170 757
15 151 240
151 15 240
41 0 399
0 41 399
30 109 313
109 30 313
20 36 699
36 20 699
136 108 597
108 136 597
161 101 721
101 161 721
31 167 713
167 31 713
92 94 209
94 92 209
161 78 617
78 161 617
83 133 273
133 83 273
17 115 172
115 17 172
41 40 812
40 41 812
26 132 118
132 26 118
173 106 325
106 173 325
167 48 463
48 167 463
147 137 713
137 147 713
102 139 498
139 102 498
176 146 575
146 176 575
45 93 799
93 45 799
109 110 26
110 109 26
78 38 899
38 78 899
31 20 622
20 31 622
119 71 448
71 119 448
49 118 270
118 49 270
35 33 137
33 35 137
134 50 578
50 134 578
56 41 951
41 56 951
23 78 602
78 23 602
118 154 238
154 118 238
91 37 40
37 91 40
44 168 104
168 44 104
120 91 502
91 120 502
45 92 403
92 45 403
6 75 185
75 6 185
176 96 373
96 176 373
146 65 872
65 146 872
84 174 467
174 84 467
114 44 402
44 114 402
32 15 94
15 32 94
75 106 235
106 75 235
133 105 144
105 133 144
173 88 141
88 173 141
22 124 842
124 22 842
139 10 600
10 139 600
100 28 7
28 100 7
162 118 571
118 162 571
43 81 502
81 43 502
17 167 953
167 17 953
6 100 355
100 6 355
99 88 702
88 99 702
108 11 232
11 108 232
123 129 281
129 123 281
138 132 507
132 138 507
53 109 948
109 53 948
99 149 79
149 99 79
151 107 432
107 151 432
138 147 986
147 138 986
64 170 237
170 64 237
54 69 760
69 54 760
106 22 901
22 106 901
112 34 393
34 112 393
68 18 851
18 68 851
70 131 363
131 70 363
150 30 234
30 150 234
166 179 647
179 166 647
112 52 284
52 112 284
112 131 785
131 112 785
34 163 491
163 34 491
97 70 456
70 97 456
136 0 955
0 136 955
127 19 951
19 127 951
175 123 234
123 175 234
133 142 393
142 133 393
134 148 525
148 134 525
148 32 848
32 148 848
168 21 691
21 168 691
131 150 318
150 131 318
80 104 322
104 80 322
31 49 1
49 31 1
149 172 403
172 149 403
176 52 49
52 176 49
39 89 416
89 39 416
149 75 205
75 149 205
111 133 185
133 111 185
94 103 28
103 94 28
104 27 8
27 104 8
64 62 4
62 64 4
18 116 841
116 18 841
81 84 957
84 81 957
69 165 758
165 69 758
67 28 868
28 67 868
98 79 918
79 98 918
13 125 68
125 13 68
145 74 948
74 145 948
104 176 950
176 104 950
125 64 486
64 125 486
98 60 215
60 98 215
64 89 630
89 64 630
120 66 596
66 120 596
0 175 693
175 0 693
37 78 137
78 37 137
161 31 94
31 161 94
102 24 708
24 102 708
174 168 790
168 174 790
22 42 388
42 22 388
71 107 999
107 71 999
22 172 206
172 22 206
59 109 512
109 59 512
70 100 108
100 70 108
9 6 127
6 9 127
109 7 481
7 109 481
74 37 560
37 74 560
175 8 426
8 175 426
122 41 80
41 122 80
32 91 343
91 32 343
104 37 254
37 104 254
177 106 793
106 177 793
3 24 457
24 3 457
108 45 414
45 108 414
7 138 439
138 7 439
11 102 488
102 11 488
6 174 233
174 6 233
50 34 368
34 50 368
166 80 613
80 166 613
76 79 700
79 76 700
23 51 307
51 23 307
31 47 689
47 31 689
55 72 158
72 55 158
99 26 342
26 99 342
13 117 784
117 13 784
67 134 694
134 67 694
51 3 508
3 51 508
14 38 400
38 14 400
86 175 908
175 86 908
142 79 192
79 142 192
111 58 531
58 111 531
96 161 596
161 96 596
60 101 705
101 60 705
168 152 920
152 168 920
119 107 951
107 119 951
113 140 451
140 113 451
162 127 499
127 162 499
81 172 569
172 81 569
28 98 44
98 28 44
72 42 248
42 72 248
135 95 624
95 135 624
138 119 700
119 138 700
167 2 946
2 167 946
92 101 293
101 92 293
142 175 505
175 142 505
49 14 167
14 49 167
179 15 863
15 179 863
112 50 400
50 112 400
50 119 325
119 50 325
67 114 150
114 67 150
21 116 769
116 21 769
136 1 973
1 136 973
148 96 215
96 148 215
147 27 21
27 147 21
118 71 89
71 118 89
3 137 583
137 3 583
3 96 215
96 3 215
101 108 983
108 101 983
126 42 543
42 126 543
78 169 316
169 78 316
64 29 550
29 64 550
155 165 619
165 155 619
152 77 208
77 152 208
59 115 775
115 59 775
173 129 85
129 173 85
35 11 628
11 35 628
66 33 884
33 66 884
83 147 157
147 83 157
67 82 112
82 67 112
159 7 285
7 159 285
21 64 393
64 21 393
91 175 233
175 91 233
159 75 958
75 159 958
23 27 158
27 23 158
171 73 598
73 171 598
32 80 64
80 32 64
87 44 445
44 87 445
172 121 746
121 172 746
24 116 444
116 24 444
84 139 958
139 84 958
42 174 906
174 42 906
66 70 722
70 66 722
52 90 32
90 52 32
47 143 270
143 47 270
121 116 352
116 121 352
97 179 630
179 97 630
5 51 762
51 5 762
96 72 346
72 96 346
83 45 14
45 83 14
117 152 839
152 117 839
35 5 883
5 35 883
82 63 140
63 82 140
0 36 628
36 0 628
100 125 978
125 100 978
114 102 584
102 114 584
163 79 76
79 163 76
33 8 496
8 33 496
162 79 860
79 162 860
138 0 99
0 138 99
15 178 181
178 15 181
9 119 984
119 9 984
176 131 206
131 176 206
84 94 763
94 84 763
50 177 161
177 50 161
120 177 997
177 120 997