98 216 41
216 98 41
66 98 414
98 66 414
202 98 991
98 202 991
124 66 597
66 124 597
55 124 142
124 55 142
74 98 773
98 74 773
24 124 818
124 24 818
67 66 317
66 67 317
26 98 920
98 26 920
227 55 483
55 227 483
151 98 362
98 151 362
118 55 625
55 118 625
173 202 989
202 173 989
150 24 453
24 150 453
142 124 63
124 142 63
221 216 95
216 221 95
197 118 727
118 197 727
229 216 626
216 229 626
135 227 249
227 135 249
201 227 720
227 201 720
16 74 939
74 16 939
159 24 244
24 159 244
226 124 822
124 226 822
153 150 93
150 153 93
21 227 896
227 21 896
143 142 111
142 143 111
85 197 298
197 85 298
203 202 560
202 203 560
94 143 944
143 94 944
157 74 986
74 157 986
176 197 601
197 176 601
81 203 93
203 81 93
175 153 324
153 175 324
169 142 297
142 169 297
51 118 841
118 51 841
52 66 627
66 52 627
196 221 487
221 196 487
18 55 695
55 18 695
38 26 945
26 38 945
9 55 919
55 9 919
215 169 699
169 215 699
117 175 282
175 117 282
161 142 869
142 161 869
65 161 603
161 65 603
128 196 281
196 128 281
138 176 676
176 138 676
205 65 938
65 205 938
109 55 332
55 109 332
193 24 498
24 193 498
187 9 343
9 187 343
58 142 16
142 58 16
86 24 722
24 86 722
70 226 813
226 70 813
50 16 436
16 50 436
17 74 801
74 17 801
45 50 714
50 45 714
75 66 836
66 75 836
191 9 931
9 191 931
180 18 696
18 180 696
23 98 127
98 23 127
219 118 620
118 219 620
198 24 400
24 198 400
31 226 853
226 31 853
39 124 620
124 39 620
5 153 984
153 5 984
68 142 490
142 68 490
78 24 959
24 78 959
6 50 635
50 6 635
36 175 71
175 36 71
87 26 662
26 87 662
112 65 446
65 112 446
71 24 515
24 71 515
171 55 610
55 171 610
37 187 204
187 37 204
102 128 926
128 102 926
178 71 173
71 178 173
83 24 807
24 83 807
61 201 350
201 61 350
207 81 120
81 207 120
168 159 13
159 168 13
183 86 921
86 183 921
224 5 939
5 224 939
122 128 397
128 122 397
103 135 574
135 103 574
3 191 759
191 3 759
32 117 756
117 32 756
15 36 287
36 15 287
57 157 780
157 57 780
199 128 624
128 199 624
121 32 367
32 121 367
56 38 397
38 56 397
172 122 82
122 172 82
0 178 196
178 0 196
141 201 245
201 141 245
101 183 458
183 101 458
162 121 896
121 162 896
182 124 411
124 182 411
185 103 726
103 185 726
20 16 456
16 20 456
30 175 718
175 30 718
79 75 540
75 79 540
222 112 618
112 222 618
166 216 905
216 166 905
8 31 333
31 8 333
80 180 51
180 80 51
189 80 896
80 189 896
190 70 192
70 190 192
130 183 85
183 130 85
206 172 133
172 206 133
2 58 972
58 2 972
156 70 323
70 156 323
1 85 14
85 1 14
170 162 2
162 170 2
210 32 541
32 210 541
146 118 195
118 146 195
35 83 664
83 35 664
54 156 309
156 54 309
82 57 186
57 82 186
29 23 874
23 29 874
108 168 83
168 108 83
10 51 935
51 10 935
123 222 811
222 123 811
41 2 262
2 41 262
46 122 533
122 46 533
228 122 660
122 228 660
105 150 892
150 105 892
49 51 871
51 49 871
11 227 41
227 11 41
73 68 571
68 73 571
104 0 960
0 104 960
163 227 866
227 163 866
220 105 729
105 220 729
192 54 655
54 192 655
132 101 892
101 132 892
155 128 212
128 155 212
119 37 9
37 119 9
48 18 277
18 48 277
111 32 808
32 111 808
125 226 346
226 125 346
204 26 42
26 204 42
95 215 153
215 95 153
188 37 369
37 188 369
133 204 132
204 133 132
100 94 489
94 100 489
90 118 315
118 90 315
64 192 746
192 64 746
28 83 412
83 28 412
126 178 424
178 126 424
43 21 574
21 43 574
174 10 345
10 174 345
131 176 490
176 131 490
47 49 436
49 47 436
14 83 343
83 14 343
72 117 641
117 72 641
218 162 825
162 218 825
42 221 827
221 42 827
40 187 767
187 40 767
106 142 394
142 106 394
7 21 403
21 7 403
214 37 459
37 214 459
209 43 731
43 209 731
107 130 85
130 107 85
158 45 267
45 158 267
91 2 196
2 91 196
154 94 65
94 154 65
19 132 462
132 19 462
177 58 121
58 177 121
127 79 262
79 127 262
63 91 43
91 63 43
195 17 638
17 195 638
53 143 202
143 53 202
129 162 370
162 129 370
144 18 107
18 144 107
152 46 151
46 152 151
148 166 653
166 148 653
184 130 898
130 184 898
140 105 695
105 140 695
96 49 510
49 96 510
181 53 895
53 181 895
69 111 624
111 69 624
84 66 348
66 84 348
217 183 837
183 217 837
110 26 537
26 110 537
59 5 617
5 59 617
60 182 596
182 60 596
113 110 723
110 113 723
164 221 819
221 164 819
27 220 889
220 27 889
13 221 230
221 13 230
76 227 307
227 76 307
4 210 338
210 4 338
92 18 889
18 92 889
194 101 517
101 194 517
160 155 514
155 160 514
25 64 92
64 25 92
225 160 614
160 225 614
44 4 436
4 44 436
116 37 548
37 116 548
212 14 427
14 212 427
208 41 865
41 208 865
200 20 622
20 200 622
145 180 871
180 145 871
213 55 672
55 213 672
12 13 186
13 12 186
99 73 583
73 99 583
97 3 67
3 97 67
147 78 965
78 147 965
115 44 417
44 115 417
137 147 392
147 137 392
33 215 656
215 33 656
88 219 293
219 88 293
139 150 964
150 139 964
34 41 427
41 34 427
93 228 911
228 93 911
211 72 734
72 211 734
62 129 715
129 62 715
89 147 361
147 89 361
149 26 626
26 149 626
167 185 469
185 167 469
22 21 482
21 22 482
120 55 33
55 120 33
134 209 331
209 134 331
77 181 562
181 77 562
223 57 199
57 223 199
179 208 795
208 179 795
186 203 902
203 186 902
114 42 717
42 114 717
165 40 647
40 165 647
136 19 127
19 136 127
152 217 636
217 152 636
102 200 869
200 102 869
81 20 818
20 81 818
102 76 893
76 102 893
152 147 124
147 152 124
220 22 804
22 220 804
109 26 800
26 109 800
30 170 380
170 30 380
194 109 466
109 194 466
56 145 647
145 56 647
135 151 923
151 135 923
227 46 261
46 227 261
74 192 682
192 74 682
90 64 896
64 90 896
17 191 95
191 17 95
116 137 905
137 116 905
114 214 798
214 114 798
11 96 536
96 11 536
190 73 312
73 190 312
94 196 436
196 94 436
165 100 432
100 165 432
16 143 425
143 16 425
221 21 425
21 221 425
116 38 751
38 116 751
24 145 457
145 24 457
2 148 427
148 2 427
24 49 941
49 24 941
120 122 739
122 120 739
39 201 360
201 39 360
229 176 367
176 229 367
140 24 353
24 140 353
199 66 850
66 199 850
180 137 374
137 180 374
229 47 914
47 229 914
52 70 3
70 52 3
86 127 689
127 86 689
164 176 765
176 164 765
98 102 377
102 98 377
184 74 955
74 184 955
72 180 879
180 72 879
52 205 464
205 52 464
203 123 352
123 203 352
84 68 133
68 84 133
24 70 370
70 24 370
3 10 983
10 3 983
37 102 959
102 37 959
223 95 651
95 223 651
122 205 607
205 122 607
201 143 546
143 201 546
126 61 160
61 126 160
162 136 150
136 162 150
81 99 228
99 81 228
168 104 248
104 168 248
23 194 188
194 23 188
37 101 429
101 37 429
63 151 881
151 63 881
175 14 21
14 175 21
30 135 719
135 30 719
229 175 430
175 229 430
178 204 426
204 178 426
13 52 605
52 13 605
130 178 652
178 130 652
121 16 254
16 121 254
170 209 378
209 170 378
158 155 59
155 158 59
162 8 8
8 162 8
189 113 922
113 189 922
224 1 208
1 224 208
101 102 975
102 101 975
108 226 973
226 108 973
205 213 111
213 205 111
87 203 571
203 87 571
218 184 157
184 218 157
213 181 456
181 213 456
222 205 786
205 222 786
190 2 178
2 190 178
31 35 348
35 31 348
192 52 363
52 192 363
82 209 652
209 82 652
159 41 773
41 159 773
86 102 1
102 86 1
139 96 459
96 139 459
106 82 7
82 106 7
17 178 117
178 17 117
225 209 308
209 225 308
125 218 159
218 125 159
130 69 769
69 130 769
108 144 509
144 108 509
160 180 556
180 160 556
25 166 286
166 25 286
209 55 123
55 209 123
36 186 684
186 36 684
227 216 262
216 227 262
79 132 911
132 79 911
126 84 405
84 126 405
170 143 764
143 170 764
39 121 290
121 39 290
77 194 688
194 77 688
187 47 87
47 187 87
26 229 811
229 26 811
78 61 546
61 78 546
15 157 542
157 15 542
22 31 912
31 22 912
25 215 69
215 25 69
189 22 296
22 189 296
71 192 137
192 71 137
64 214 215
214 64 215
119 143 420
143 119 420
107 125 413
125 107 413
13 212 925
212 13 925
200 112 299
112 200 299
170 101 581
101 170 581
214 51 160
51 214 160
176 96 123
96 176 123
182 222 605
222 182 605
29 51 573
51 29 573
53 178 362
178 53 362
209 10 760
10 209 760
189 17 488
17 189 488
228 140 513
140 228 513
183 105 667
105 183 667
142 170 307
170 142 307
52 76 507
76 52 507
173 114 636
114 173 636
17 121 482
121 17 482
30 114 10
114 30 10
62 132 68
132 62 68
148 120 83
120 148 83
148 13 946
13 148 946
53 79 6
79 53 6
172 227 118
227 172 118
106 216 276
216 106 276
77 158 716
158 77 716
37 113 922
113 37 922
191 52 769
52 191 769
64 171 195
171 64 195
143 156 471
156 143 471
110 103 393
103 110 393
161 103 431
103 161 431
154 136 703
136 154 703
156 196 458
196 156 458
84 196 536
196 84 536
168 175 213
175 168 213
205 170 357
170 205 357
145 20 437
20 145 437
97 228 398
228 97 398
113 45 814
45 113 814
187 1 962
1 187 962
86 174 727
174 86 727
118 20 34
20 118 34
180 107 86
107 180 86
134 205 372
205 134 372
150 76 653
76 150 653
144 65 238
65 144 238
42 178 627
178 42 627
159 69 889
69 159 889
163 92 291
92 163 291
44 223 904
223 44 904
121 80 469
80 121 469
173 209 713
209 173 713
220 195 979
195 220 979
19 204 952
204 19 952
27 2 594
2 27 594
35 228 260
228 35 260
69 10 220
10 69 220
32 6 43
6 32 43
151 173 166
173 151 166
199 216 296
216 199 296
177 98 143
98 177 143
221 200 438
200 221 438
152 45 993
45 152 993
218 79 571
79 218 571
45 35 197
35 45 197
32 218 104
218 32 104
218 186 87
186 218 87
213 183 330
183 213 330
48 35 914
35 48 914
122 5 29
5 122 29
192 151 194
151 192 194
141 70 890
70 141 890
132 57 192
57 132 192
93 58 257
58 93 257
129 113 753
113 129 753
83 207 529
207 83 529
22 185 260
185 22 260
41 57 892
57 41 892
217 219 45
219 217 45
61 95 74
95 61 74
66 54 507
54 66 507
60 1 48
1 60 48
147 80 505
80 147 505
54 1 120
1 54 120
16 201 246
201 16 246
21 88 783
88 21 783
38 80 905
80 38 905
50 1 627
1 50 627
135 137 437
137 135 437
133 194 907
194 133 907
139 30 40
30 139 40
138 31 501
31 138 501
45 81 860
81 45 860
134 112 956
112 134 956
121 183 445
183 121 445
85 188 921
188 85 921
171 42 554
42 171 554
200 58 728
58 200 728
102 212 452
212 102 452
163 72 473
72 163 473
48 107 267
107 48 267
36 180 16
180 36 16
157 40 802
40 157 802
217 21 176
21 217 176
164 189 254
189 164 254
17 71 900
71 17 900
27 127 6
127 27 6
13 48 527
48 13 527
206 167 50
167 206 50
176 185 660
185 176 660
36 157 994
157 36 994
27 100 367
100 27 367
191 129 733
129 191 733
69 125 676
125 69 676
71 45 757
45 71 757
139 219 66
219 139 66
220 61 690
61 220 690
122 180 382
180 122 382
214 123 293
123 214 293
43 161 140
161 43 140
147 202 566
202 147 566
73 122 375
122 73 375
43 107 25
107 43 25
147 175 897
175 147 897
79 38 999
38 79 999
128 104 78
104 128 78
169 25 211
25 169 211
208 116 508
116 208 508
90 225 712
225 90 712
50 23 750
23 50 750
175 115 239
115 175 239
160 185 361
185 160 361
218 131 135
131 218 135
209 49 922
49 209 922
85 40 853
40 85 853
74 132 610
132 74 610
56 228 466
228 56 466
207 202 981
202 207 981
45 188 668
188 45 668
215 63 900
63 215 900
105 147 976
147 105 976
27 41 559
41 27 559
168 69 868
69 168 868
201 68 140
68 201 140
72 222 720
222 72 720
109 33 324
33 109 324
200 37 393
37 200 393
142 70 39
70 142 39
168 60 765
60 168 765
31 15 883
15 31 883
1 53 743
53 1 743
127 75 266
75 127 266
57 53 166
53 57 166
61 124 364
124 61 364
64 111 59
111 64 59
164 209 154
209 164 154
121 55 502
55 121 502
214 142 25
142 214 25
219 151 12
151 219 12
75 177 334
177 75 334
197 33 63
33 197 63
57 63 432
63 57 432
169 165 944
165 169 944
17 210 445
210 17 445
52 56 319
56 52 319
128 19 336
19 128 336
113 200 765
200 113 765
8 182 9
182 8 9
8 165 270
165 8 270
119 99 753
99 119 753
148 69 473
69 148 473
160 227 578
227 160 578
176 8 976
8 176 976
20 161 3
161 20 3
11 51 636
51 11 636
134 63 526
63 134 526
211 164 716
164 211 716
196 201 337
201 196 337
23 211 848
211 23 848
33 128 252
128 33 252
55 97 917
97 55 917
161 76 806
76 161 806
93 148 574
148 93 574
161 110 80
110 161 80
206 120 612
120 206 612
143 106 643
106 143 643
54 84 153
84 54 153
40 72 41
72 40 41
39 15 825
15 39 825
27 164 385
164 27 385
74 214 954
214 74 954
114 26 508
26 114 508
159 56 299
56 159 299
53 18 469
18 53 469
23 73 364
73 23 364
215 27 771
27 215 771
166 32 276
32 166 276
99 105 967
105 99 967
30 202 318
202 30 318
155 171 563
171 155 563
108 67 791
67 108 791
119 64 565
64 119 565
78 148 39
148 78 39
35 79 738
79 35 738
157 166 354
166 157 354
105 173 21
173 105 21
36 13 35
13 36 35
5 152 696
152 5 696
126 181 794
181 126 794
37 148 780
148 37 780
70 25 541
25 70 541
220 15 395
15 220 395
34 39 213
39 34 213
94 103 824
103 94 824
198 174 690
174 198 690
59 119 697
119 59 697
223 121 166
121 223 166
134 38 338
38 134 338
62 4 839
4 62 839
66 43 835
43 66 835
173 100 159
100 173 159
57 172 298
172 57 298
214 102 330
102 214 330
105 208 413
208 105 413
14 2 174
2 14 174
216 200 144
200 216 144
90 151 452
151 90 452
81 15 951
15 81 951
66 59 491
59 66 491
195 137 678
137 195 678
212 5 765
5 212 765
42 109 71
109 42 71
204 130 285
130 204 285
139 65 542
65 139 542
161 221 674
221 161 674
158 9 593
9 158 593
203 73 647
73 203 647
213 125 619
125 213 619
185 194 445
194 185 445
6 207 291
207 6 291
202 206 797
206 202 797
137 110 287
110 137 287
68 48 539
48 68 539
95 183 350
183 95 350
109 69 801
69 109 801
2 145 145
145 2 145
62 98 768
98 62 768
104 38 803
38 104 803
63 181 945
181 63 945
208 100 393
100 208 393
172 82 972
82 172 972
26 133 934
133 26 934
80 107 628
107 80 628
12 99 778
99 12 778
191 124 370
124 191 370
155 9 696
9 155 696
193 209 362
209 193 362
214 181 508
181 214 508
124 164 752
164 124 752
31 64 913
64 31 913
219 87 189
87 219 189
160 190 79
190 160 79
64 210 242
210 64 242
76 217 460
217 76 460
120 104 916
104 120 916
97 147 721
147 97 721
21 109 168
109 21 168
1 221 950
221 1 950
206 107 404
107 206 404
36 39 447
39 36 447
179 194 792
194 179 792
56 42 335
42 56 335
226 61 30
61 226 30
105 66 780
66 105 780
39 58 780
58 39 780
79 185 446
185 79 446
116 107 640
107 116 640
129 20 713
20 129 713
179 33 39
33 179 39
43 29 363
29 43 363
139 90 129
90 139 129
100 84 285
84 100 285
122 33 24
33 122 24
79 10 943
10 79 943
192 169 42
169 192 42
201 100 885
100 201 885
57 98 71
98 57 71
109 110 113
110 109 113
53 111 482
111 53 482
151 168 950
168 151 950
211 62 977
62 211 977
74 168 402
168 74 402
81 25 650
25 81 650
87 8 686
8 87 686
52 47 151
47 52 151
166 120 313
120 166 313
104 142 166
142 104 166
81 165 137
165 81 137
41 69 657
69 41 657
110 25 740
25 110 740
151 113 843
113 151 843
192 33 568
33 192 568
184 76 714
76 184 714
209 20 972
20 209 972
138 57 819
57 138 819
43 115 84
115 43 84
201 133 178
133 201 178
115 78 206
78 115 206
12 68 335
68 12 335
181 84 259
84 181 259
208 68 529
68 208 529
35 38 774
38 35 774
210 95 156
95 210 156
26 209 599
209 26 599
128 91 524
91 128 524
67 136 775
136 67 775
168 137 969
137 168 969
229 193 663
193 229 663
145 35 625
35 145 625
219 147 469
147 219 469
192 9 726
9 192 726
3 177 138
177 3 138
10 44 569
44 10 569
150 125 84
125 150 84
33 220 351
220 33 351
216 115 793
115 216 793
201 206 622
206 201 622
121 90 462
90 121 462
3 34 387
34 3 387
163 172 861
172 163 861
22 107 121
107 22 121
169 183 947
183 169 947
55 138 751
138 55 751
81 124 345
124 81 345
186 193 45
193 186 45
80 154 63
154 80 63
96 207 815
207 96 815
20 173 614
173 20 614
225 213 728
213 225 728
161 56 940
56 161 940
34 135 418
135 34 418
173 1 363
1 173 363
72 106 774
106 72 774
5 129 317
129 5 317
100 89 823
89 100 823
35 80 185
80 35 185
24 35 821
35 24 821
78 109 972
109 78 972
20 221 366
221 20 366
153 176 26
176 153 26
199 55 181
55 199 181
166 40 707
40 166 707
177 136 13
136 177 13
224 35 809
35 224 809
95 76 892
76 95 892
140 10 82
10 140 82
167 173 548
173 167 548
22 222 809
222 22 809
208 167 947
167 208 947
78 154 528
154 78 528
153 93 846
93 153 846
201 3 367
3 201 367
21 108 991
108 21 991
67 38 930
38 67 930
220 214 824
214 220 824
171 26 0
26 171 0
162 32 160
32 162 160
204 96 150
96 204 150
215 65 798
65 215 798
9 152 248
152 9 248
223 7 336
7 223 336
74 41 981
41 74 981
114 144 407
144 114 407
151 75 246
75 151 246
107 71 336
71 107 336
161 23 360
23 161 360
75 215 899
215 75 899
190 82 372
82 190 372
223 100 141
100 223 141
185 100 789
100 185 789
202 215 952
215 202 952
43 98 703
98 43 703
20 110 820
110 20 820
65 18 19
18 65 19
74 33 331
33 74 331
104 216 39
216 104 39
118 116 947
116 118 947
203 64 626
64 203 626
196 212 156
212 196 156
129 200 388
200 129 388
200 74 428
74 200 428
156 90 935
90 156 935
148 3 728
3 148 728
31 51 372
51 31 372
104 17 546
17 104 546
222 229 132
229 222 132
8 100 674
100 8 674
199 153 441
153 199 441
136 156 251
156 136 251
108 182 230
182 108 230
79 219 660
219 79 660
41 79 942
79 41 942
126 197 855
197 126 855
39 87 906
87 39 906
132 111 22
111 132 22
72 42 798
42 72 798
10 223 242
223 10 242
87 227 625
227 87 625
224 134 817
134 224 817
30 214 109
214 30 109
119 223 873
223 119 873
118 52 730
52 118 730
30 74 786
74 30 786
190 164 891
164 190 891
30 2 946
2 30 946
143 217 471
217 143 471
72 82 165
82 72 165
161 15 485
15 161 485
80 9 604
9 80 604
120 71 780
71 120 780
11 203 955
203 11 955
141 57 146
57 141 146
214 56 784
56 214 784
10 220 771
220 10 771
173 187 898
187 173 898
5 128 740
128 5 740
43 122 303
122 43 303
182 107 42
107 182 42
37 95 441
95 37 441
67 152 420
152 67 420
6 162 745
162 6 745
70 57 137
57 70 137
175 203 627
203 175 627
56 117 31
117 56 31
2 28 407
28 2 407
82 135 657
135 82 657
84 152 79
152 84 79
212 130 557
130 212 557
60 95 141
95 60 141
161 38 212
38 161 212
117 191 30
191 117 30
132 169 838
169 132 838
105 56 921
56 105 921
179 7 753
7 179 753
171 110 812
110 171 812
3 157 821
157 3 821
149 93 418
93 149 418
44 22 268
22 44 268
9 15 643
15 9 643
11 103 545
103 11 545
140 196 934
196 140 934
162 13 761
13 162 761
188 61 240
61 188 240
179 162 354
162 179 354
20 108 523
108 20 523
61 8 416
8 61 416
115 21 699
21 115 699
38 196 5
196 38 5
43 47 649
47 43 649
69 179 529
179 69 529
85 96 797
96 85 797
154 96 209
96 154 209
47 91 617
91 47 617
163 203 273
203 163 273
184 164 629
164 184 629
161 162 87
162 161 87
213 26 10
26 213 10
94 165 370
165 94 370
137 59 492
59 137 492
183 85 692
85 183 692
146 141 598
141 146 598
96 39 682
39 96 682
46 147 794
147 46 794
191 133 564
133 191 564
88 136 79
136 88 79
212 167 520
167 212 520
186 161 26
161 186 26
88 91 869
91 88 869
117 223 529
223 117 529
8 218 676
218 8 676
70 1 725
1 70 725
148 55 601
55 148 601
169 20 175
20 169 175
186 1 578
1 186 578
173 162 951
162 173 951
99 159 659
159 99 659
174 166 342
166 174 342
180 73 894
73 180 894
35 227 491
227 35 491
106 6 853
6 106 853
73 228 564
228 73 564
154 30 484
30 154 484
78 138 235
138 78 235
111 0 163
0 111 163
83 149 623
149 83 623
139 52 467
52 139 467
197 123 402
123 197 402
100 188 94
188 100 94
78 41 235
41 78 235
115 203 303
203 115 303
52 172 831
172 52 831
153 51 674
51 153 674
120 150 842
150 120 842
195 51 600
51 195 600
133 187 7
187 133 7
67 22 414
22 67 414
188 181 773
181 188 773
72 228 731
228 72 731
184 85 953
85 184 953
10 133 355
133 10 355
77 212 351
212 77 351
77 153 702
153 77 702
98 219 232
219 98 232
49 93 318
93 49 318
87 75 9
75 87 9
105 121 969
121 105 969
104 15 93
15 104 93
135 61 587
61 135 587
130 75 756
75 130 756
141 182 881
182 141 881
160 196 237
196 160 237
171 58 760
58 171 760
116 41 675
41 116 675
179 56 289
56 179 289
185 42 132
42 185 132
139 212 122
212 139 122
222 121 512
121 222 512
134 108 234
108 134 234
177 84 382
84 177 382
209 56 442
56 209 442
112 56 996
56 112 996
222 225 784
225 222 784
217 71 887
71 217 887
143 123 925
123 143 925
37 157 456
157 37 456
38 57 955
57 38 955
198 76 191
76 198 191
32 49 234
49 32 234
203 152 393
152 203 393
20 82 525
82 20 525
82 100 848
100 82 848
106 45 691
45 106 691
222 11 318
11 222 318
46 180 322
180 46 322
220 148 1
148 220 1
226 183 403
183 226 403
165 191 840
191 165 840
2 118 589
118 2 589
44 227 416
227 44 416
226 78 205
78 226 205
60 122 182
122 60 182
203 138 816
138 203 816
96 0 28
0 96 28
180 151 8
151 180 8
182 119 4
119 182 4
175 94 841
94 175 841
72 218 957
218 72 957
58 201 758
201 58 758
29 187 868
187 29 868
216 192 918
192 216 918
7 62 425
62 7 425
197 48 181
48 197 181
180 191 950
191 180 950
189 182 486
182 189 486
97 216 446
216 97 446
70 182 999
182 70 999
25 227 630
227 25 630
6 24 596
24 6 596
57 69 376
69 57 376
88 32 693
32 88 693
35 91 137
91 35 137
47 220 94
220 47 94
39 143 731
143 39 731
143 36 24
36 143 24
140 52 635
52 140 635
44 127 139
127 44 139
182 64 999
64 182 999
127 183 206
183 127 206
190 104 512
104 190 512
157 133 108
133 157 108
140 176 521
176 140 521
165 210 481
210 165 481
128 35 560
35 128 560
32 81 426
81 32 426
5 162 80
162 5 80
100 73 343
73 100 343
137 33 883
33 137 883
180 35 254
35 180 254
199 41 793
41 199 793
80 74 457
74 80 457
60 114 6
114 60 6
95 166 981
166 95 981
25 116 456
116 25 456
75 206 246
206 75 246
39 123 486
123 39 486
52 1 290
1 52 290
172 177 497
177 172 497
14 18 992
18 14 992
139 192 700
192 139 700
159 109 307
109 159 307
220 209 689
209 220 689
176 142 158
142 176 158
15 26 342
26 15 342
134 7 824
7 134 824
215 225 921
225 215 921
29 20 694
20 29 694
109 80 508
80 109 508
193 117 400
117 193 400
118 200 970
200 118 970
99 44 984
44 99 984
32 114 778
114 32 778
152 139 533
139 152 533
109 60 335
60 109 335
138 220 945
220 138 945
111 217 871
217 111 871
47 156 155
156 47 155
107 184 632
184 107 632
105 63 584
63 105 584
50 14 451
14 50 451
67 198 499
198 67 499
72 183 569
183 72 569
164 187 0
187 164 0
151 142 137
142 151 137
198 170 895
170 198 895
129 42 229
42 129 229
63 148 111
148 63 111
22 194 528
194 22 528
130 154 649
154 130 649
171 186 699
186 171 699
32 105 701
105 32 701
193 215 381
215 193 381
188 211 365
211 188 365
110 1 400
1 110 400
1 63 325
63 1 325
62 29 68
29 62 68
196 45 772
45 196 772
94 92 159
92 94 159
30 82 724
82 30 724
111 70 913
70 111 913
141 69 47
69 141 47
55 166 212
166 55 212
159 149 422
149 159 422
43 90 894
90 43 894
145 80 553
80 145 553
70 107 4
107 70 4
53 169 543
169 53 543
91 228 316
228 91 316
182 125 550
125 182 550
221 201 619
201 221 619
164 105 770
105 164 770
202 86 429
86 202 429
40 194 368
194 40 368
207 16 762
16 207 762
55 225 827
225 55 827
219 40 991
40 219 991
120 24 602
24 120 602
120 163 376
163 120 376
38 29 264
29 38 264
203 131 457
131 203 457
112 223 858
223 112 858
45 182 393
182 45 393
76 73 949
73 76 949
32 191 843
191 32 843
131 78 958
78 131 958
159 151 158
151 159 158
168 214 598
214 168 598
100 46 64
46 100 64
132 123 445
123 132 445
183 185 746
185 183 746
77 74 119
74 77 119
156 218 680
218 156 680
169 160 145
160 169 145
186 24 121
24 186 121
69 2 253
2 69 253
67 209 278
209 67 278
78 185 118
185 78 118
57 37 382
37 57 382
40 99 652
99 40 652
109 76 844
76 109 844
111 142 346
142 111 346
163 95 14
95 163 14
215 105 839
105 215 839
55 158 883
158 55 883
68 103 140
103 68 140
57 21 628
21 57 628
133 189 978
189 133 978
145 160 69
160 145 69
39 64 106
64 39 106
192 135 881
135 192 881
174 81 496
81 174 496
67 192 860
192 67 860
208 75 355
75 208 355
153 188 856
188 153 856
84 17 181
17 84 181
140 63 984
63 140 984
191 222 206
222 191 206
218 96 763
96 218 763
1 199 161
199 1 161
6 59 996
59 6 996
136 199 997
199 136 997
204 149 205
149 204 205
17 29 848
29 17 848
168 81 283
81 168 283
133 195 794
195 133 794
44 216 85
216 44 85
63 137 335
137 63 335
61 77 723
77 61 723
208 224 35
224 208 35
16 42 14
42 16 14
37 99 117
99 37 117
117 217 281
217 117 281
58 163 567
163 58 567
57 120 459
120 57 459
159 189 514
189 159 514
119 139 418
139 119 418
176 201 607
201 176 607
82 224 178
224 82 178
102 219 643
219 102 643
156 129 715
129 156 715
171 67 23
67 171 23
34 66 653
66 34 653
62 6 78
6 62 78
134 168 324
168 134 324
204 177 294
177 204 294
118 208 725
208 118 725
31 89 909
89 31 909
140 220 143
220 140 143
68 47 57
47 68 57
200 190 287
190 200 287
43 75 259
75 43 259
168 97 545
97 168 545
228 114 459
114 228 459
84 176 433
176 84 433
101 161 533
161 101 533
173 180 723
180 173 723
97 123 392
123 97 392
24 219 83
219 24 83
61 21 844
21 61 844
138 81 983
81 138 983
1 202 914
202 1 914
92 172 538
172 92 538
80 176 539
176 80 539
31 49 288
49 31 288
6 166 441
166 6 441
108 96 959
96 108 959
150 117 726
117 150 726
114 149 536
149 114 536
56 58 255
58 56 255
18 45 818
45 18 818
83 200 148
200 83 148
205 95 256
95 205 256
125 74 185
74 125 185
180 120 840
120 180 840
59 189 947
189 59 947
186 69 966
69 186 966
9 198 776
198 9 776
133 81 902
81 133 902
34 126 697
126 34 697
161 31 536
31 161 536
116 178 817
178 116 817
134 167 814
167 134 814
84 13 21
13 84 21
59 54 808
54 59 808
62 58 63
58 62 63
80 117 390
117 80 390
73 20 217
20 73 217
185 119 538
119 185 538
105 143 129
143 105 129
167 159 545
159 167 545
66 88 915
88 66 915
201 66 984
66 201 984
4 198 763
198 4 763
79 146 690
146 79 690
87 80 996
80 87 996
57 79 264
79 57 264
60 135 913
135 60 913
25 9 600
9 25 600
198 13 214
13 198 214
167 151 779
151 167 779
149 173 523
173 149 523
147 197 709
197 147 709
210 31 461
31 210 461
84 212 918
212 84 918
160 63 137
63 160 137
14 214 901
214 14 901
104 37 13
37 104 13
14 196 359
196 14 359
195 56 375
56 195 375
139 178 513
178 139 513
91 184 259
184 91 259
169 55 490
55 169 490
97 164 957
164 97 957
34 149 204
149 34 204
218 10 308
10 218 308
1 51 486
51 1 486
137 102 960
102 137 960
147 181 934
181 147 934
103 199 873
199 103 873
158 72 389
72 158 389
79 126 410
126 79 410
96 136 513
136 96 513
178 129 834
129 178 834
194 100 863
100 194 863
23 109 441
109 23 441
17 78 526
78 17 526
117 104 143
104 117 143
97 47 529
47 97 529
194 119 796
119 194 796
73 93 846
93 73 846
154 10 939
10 154 939
15 68 443
68 15 443
83 19 539
19 83 539
173 145 747
145 173 747
193 5 469
5 193 469
184 197 18
197 184 18
58 47 105
47 58 105
167 5 812
5 167 812
216 88 894
88 216 894
17 136 189
136 17 189
106 65 928
65 106 928
63 172 624
172 63 624
147 6 9
6 147 9
129 127 16
127 129 16
55 218 938
218 55 938
117 139 891
139 117 891
207 33 241
33 207 241
30 33 511
33 30 511
13 172 878
172 13 878
121 159 596
159 121 596
2 208 118
208 2 118
181 74 786
74 181 786
65 202 608
202 65 608
119 36 361
36 119 361
13 70 891
70 13 891
185 187 326
187 185 326
205 128 508
128 205 508
127 18 626
18 127 626
131 73 417
73 131 417
174 214 963
214 174 963
22 191 927
191 22 927
216 173 446
173 216 446
136 72 32
72 136 32
154 169 514
169 154 514
16 190 317
190 16 317
103 107 938
107 103 938
214 88 633
88 214 633
109 217 62
217 109 62
32 51 323
51 32 323
127 4 280
4 127 280
46 41 623
41 46 623
103 36 917
36 103 917
154 135 469
135 154 469
99 194 163
194 99 163
136 85 524
85 136 524
68 133 731
133 68 731
166 218 458
218 166 458
190 53 162
53 190 162
218 190 784
190 218 784
81 148 672
148 81 672
115 116 806
116 115 806
203 43 791
43 203 791
203 93 190
93 203 190
4 41 301
41 4 301
148 113 102
113 148 102
148 25 435
25 148 435
78 87 803
87 78 803
203 107 364
107 203 364
104 88 548
88 104 548
99 135 8
135 99 8
227 218 15
218 227 15
116 51 909
51 116 909
176 208 492
208 176 492
186 74 320
74 186 320
209 137 143
137 209 143
16 181 401
181 16 401
91 126 767
126 91 767
75 118 214
118 75 214
80 24 48
24 80 48
14 208 408
208 14 408
175 133 748
133 175 748
69 178 416
178 69 416
166 165 978
165 166 978
34 125 56
125 34 56
76 93 456
93 76 456
223 111 148
111 223 148
133 91 212
91 133 212
174 161 850
161 174 850
159 28 480
28 159 480
171 6 258
6 171 258
50 166 701
166 50 701
66 120 651
120 66 651
22 173 536
173 22 536
116 212 71
212 116 71
223 66 654
66 223 654
71 38 791
38 71 791
52 34 779
34 52 779
73 169 960
169 73 960
94 3 6
3 94 6
13 33 331
33 13 331
93 196 338
196 93 338
126 92 64
92 126 64
159 101 212
101 159 212
39 146 339
146 39 339
152 108 548
108 152 548
132 16 82
16 132 82
168 1 392
1 168 392
116 166 555
166 116 555
123 95 436
95 123 436
220 229 928
229 220 928
45 52 659
52 45 659
222 139 895
139 222 895
104 196 900
196 104 900
229 52 159
52 229 159
67 185 660
185 67 660
100 195 69
195 100 69
132 6 578
6 132 578
83 121 960
121 83 960
195 134 744
134 195 744
123 131 834
131 123 834
183 76 685
76 183 685
7 29 524
29 7 524
57 180 795
180 57 795
11 26 742
26 11 742
185 208 1000
208 185 1000
0 15 811
15 0 811
163 98 255
98 163 255
28 135 486
135 28 486
203 141 445
141 203 445
225 106 249
106 225 249
125 220 519
220 125 519
203 227 583
227 203 583
56 227 965
227 56 965
0 138 349
138 0 349
6 46 494
46 6 494
194 190 1
190 194 1
147 154 788
154 147 788
23 177 670
177 23 670
123 76 742
76 123 742
114 57 699
57 114 699
99 62 845
62 99 845
208 60 164
60 208 164
151 160 756
160 151 756
123 127 950
127 123 950
117 34 394
34 117 394
96 171 701
171 96 701
223 126 495
126 223 495
50 74 724
74 50 724
35 7 614
7 35 614
88 53 177
53 88 177
42 170 322
170 42 322
126 122 440
122 126 440
90 120 885
120 90 885
214 52 524
52 214 524
206 30 242
30 206 242
141 102 246
102 141 246
50 5 985
5 50 985
219 48 601
48 219 601
120 186 380
186 120 380
35 23 613
23 35 613
32 7 648
7 32 648
196 224 249
224 196 249
52 62 778
62 52 778
5 204 177
204 5 177
48 69 727
69 48 727
47 94 915
94 47 915
210 123 209
123 210 209
140 138 614
138 140 614
56 72 255
72 56 255
84 99 90
99 84 90
111 49 926
49 111 926
70 102 399
102 70 399
36 163 206
163 36 206
121 62 416
62 121 416
168 164 21
164 168 21
151 193 979
193 151 979
187 72 851
72 187 851
215 62 570
62 215 570
54 201 256
201 54 256
11 171 705
171 11 705
46 190 833
190 46 833
168 89 689
89 168 689
76 181 894
181 76 894
96 185 55
185 96 55
120 94 913
94 120 913
142 3 163
3 142 163
25 6 629
6 25 629
59 133 448
133 59 448
207 204 920
204 207 920
189 149 938
149 189 938
41 101 225
101 41 225
144 159 743
159 144 743
201 145 643
145 201 643
226 73 17
73 226 17
149 127 596
127 149 596
163 103 978
103 163 978
164 137 610
137 164 610
153 100 240
100 153 240
55 200 97
200 55 97
33 113 319
113 33 319
226 115 602
115 226 602
134 30 726
30 134 726
81 44 913
44 81 913
28 42 543
42 28 543
120 179 202
179 120 202
112 102 162
102 112 162
205 131 974
131 205 974
75 51 133
51 75 133
223 191 264
191 223 264
105 200 310
200 105 310
196 27 630
27 196 630
36 86 80
86 36 80
169 136 863
136 169 863
63 8 997
8 63 997
138 187 891
187 138 891
174 124 359
124 174 359
48 127 491
127 48 491
144 81 773
81 144 773
115 13 277
13 115 277
201 136 737
136 201 737
181 106 872
106 181 872
184 120 285
120 184 285
145 14 754
14 145 754
45 98 915
98 45 915
52 33 212
33 52 212
13 28 691
28 13 691
216 190 130
190 216 130
196 46 551
46 196 551
227 183 972
183 227 972
45 53 178
53 45 178
35 183 680
183 35 680
179 170 236
170 179 236
19 158 751
158 19 751
87 129 724
129 87 724
109 199 501
199 109 501
36 121 551
121 36 551
174 71 223
71 174 223
171 95 401
95 171 401
221 65 384
65 221 384
94 131 930
131 94 930
19 153 529
153 19 529
149 51 732
51 149 732
134 54 147
54 134 147
130 68 917
68 130 917
164 48 199
48 164 199
160 128 756
128 160 756
197 78 451
78 197 451
122 162 524
162 122 524
173 57 853
57 173 853
22 20 753
20 22 753
59 185 562
185 59 562
81 84 729
84 81 729
111 90 155
90 111 155
177 67 312
67 177 312
40 170 528
170 40 528
160 28 425
28 160 425
70 29 208
29 70 208
30 159 99
159 30 99
48 222 124
222 48 124
73 129 477
129 73 477
4 177 171
177 4 171
67 58 238
58 67 238
219 153 612
153 219 612
162 197 908
197 162 908
139 204 217
204 139 217
132 187 223
187 132 223
228 226 196
226 228 196
167 21 525
21 167 525
175 72 199
72 175 199
204 28 532
28 204 532
158 106 441
106 158 441
14 79 885
79 14 885
91 78 688
78 91 688
12 108 655
108 12 655
209 72 807
72 209 807
24 199 353
199 24 353
225 200 210
200 225 210
181 91 35
91 181 35
187 17 530
17 187 530
152 50 845
50 152 845
98 52 242
52 98 242
35 108 93
108 35 93
72 87 855
87 72 855
19 37 401
37 19 401
103 27 737
27 103 737
195 136 731
136 195 731
178 223 686
223 178 686
159 40 127
40 159 127
88 49 379
49 88 379
42 7 669
7 42 669
159 191 881
191 159 881
169 8 943
8 169 943
179 219 877
219 179 877
124 46 289
46 124 289
52 220 864
220 52 864
107 141 756
141 107 756
144 196 118
196 144 118
104 224 327
224 104 327
152 60 77
60 152 77
172 147 861
147 172 861
193 58 302
58 193 302
192 96 434
96 192 434
19 60 755
60 19 755
162 79 36
79 162 36
52 135 294
135 52 294
209 63 158
63 209 158
132 109 850
109 132 850
72 199 159
199 72 159
43 18 897
18 43 897
64 206 271
206 64 271
13 50 119
50 13 119
9 51 452
51 9 452
89 48 433
48 89 433
128 93 39
93 128 39
178 92 481
92 178 481
64 16 698
16 64 698
0 154 948
154 0 948
21 105 251
105 21 251
192 227 30
227 192 30
22 84 699
84 22 699
99 174 88
174 99 88
29 33 266
33 29 266
27 43 263
43 27 263
181 133 812
133 181 812
162 215 243
215 162 243
214 176 695
176 214 695
33 126 970
126 33 970
113 212 530
212 113 530
9 49 665
49 9 665
214 198 13
198 214 13
75 52 723
52 75 723
14 129 785
129 14 785
77 52 884
52 77 884
158 38 868
38 158 868
25 147 840
147 25 840
131 106 181
106 131 181
197 112 97
112 197 97
36 7 479
7 36 479
28 212 264
212 28 264
126 190 42
190 126 42
84 135 144
135 84 144
88 146 60
146 88 60
57 3 260
3 57 260
158 8 399
8 158 399
55 102 668
102 55 668
219 50 794
50 219 794
159 131 738
131 159 738
52 31 893
31 52 893
192 50 463
50 192 463
183 77 10
77 183 10
25 39 430
39 25 430
126 220 560
220 126 560
175 84 339
84 175 339
110 90 671
90 110 671
119 20 946
20 119 946
58 178 97
178 58 97
170 19 650
19 170 650
36 23 820
23 36 820
154 116 313
116 154 313
16 141 148
141 16 148
146 74 395
74 146 395
91 210 53
210 91 53
209 116 789
116 209 789
171 104 636
104 171 636
44 130 479
130 44 479
42 211 582
211 42 582
76 220 199
220 76 199
215 93 7
93 215 7
6 85 859
85 6 859
185 84 263
84 185 263
187 46 901
46 187 901
108 78 527
78 108 527
166 175 623
175 166 623
49 6 973
6 49 973
77 65 710
65 77 710
202 70 347
70 202 347
68 69 881
69 68 881
115 85 673
85 115 673
24 156 317
156 24 317
224 7 737
7 224 737
193 103 420
103 193 420
212 81 985
81 212 985
91 176 255
176 91 255
56 160 738
160 56 738
108 170 177
170 108 177
148 121 437
121 148 437
89 156 419
156 89 419
0 43 108
43 0 108
159 188 820
188 159 820
146 175 98
175 146 98
202 99 537
99 202 537
167 181 395
181 167 395
177 123 243
123 177 243
30 158 738
158 30 738
153 190 58
190 153 58
129 211 303
211 129 303
14 161 308
161 14 308
112 132 127
132 112 127
188 53 694
53 188 694
32 216 992
216 32 992
52 216 95
216 52 95
32 92 345
92 32 345
146 62 203
62 146 203
198 101 902
101 198 902
53 64 472
64 53 472
68 125 175
125 68 175
146 222 15
222 146 15
143 98 109
98 143 109
103 60 212
60 103 212
207 125 117
125 207 117
11 212 308
212 11 308
114 226 104
226 114 104
125 40 295
40 125 295
13 142 251
142 13 251
93 117 455
117 93 455
117 29 264
29 117 264
139 140 171
140 139 171
1 69 851
69 1 851
64 74 574
74 64 574
162 124 983
124 162 983
176 21 317
21 176 317
16 209 786
209 16 786
182 5 740
5 182 740
185 191 474
191 185 474
154 47 516
47 154 516
133 93 376
93 133 376
205 130 655
130 205 655
97 66 603
66 97 603
190 72 239
72 190 239
71 57 525
57 71 525
168 10 643
10 168 643
149 25 755
25 149 755
29 179 762
179 29 762
110 39 352
39 110 352
36 116 167
116 36 167
205 179 227
179 205 227
82 91 23
91 82 23
101 10 636
10 101 636
200 181 293
181 200 293
129 31 21
31 129 21
143 54 746
54 143 746
220 137 922
137 220 922
138 115 398
115 138 398
181 72 339
72 181 339
95 169 33
169 95 33
228 80 913
80 228 913
29 145 976
145 29 976
223 1 376
1 223 376
202 187 580
187 202 580
86 197 502
197 86 502
175 127 89
127 175 89
59 220 710
220 59 710
53 95 414
95 53 414
40 112 212
112 40 212
201 55 557
55 201 557
123 110 761
110 123 761
15 13 936
13 15 936
216 187 631
187 216 631
102 139 782
139 102 782
120 114 788
114 120 788
99 190 459
190 99 459
69 163 718
163 69 718
71 221 39
221 71 39
159 57 388
57 159 388
91 80 390
80 91 390
208 154 712
154 208 712
160 158 789
158 160 789
180 71 496
71 180 496
222 95 0
95 222 0
214 156 650
156 214 650
171 129 496
129 171 496
38 222 690
222 38 690
88 2 939
2 88 939
79 217 941
217 79 941
165 225 854
225 165 854
174 59 615
59 174 615
83 108 560
108 83 560
141 83 428
83 141 428
137 43 661
43 137 661
44 161 354
161 44 354
26 130 449
130 26 449
1 207 67
207 1 67
152 191 339
191 152 339
180 162 24
162 180 24
7 38 187
38 7 187
33 165 509
165 33 509
223 197 794
197 223 794
21 128 965
128 21 965
72 67 234
67 72 234
19 66 669
66 19 669
192 144 447
144 192 447
129 2 183
2 129 183
37 79 450
79 37 450
207 119 38
119 207 38
9 123 161
123 9 161
136 63 119
63 136 119
10 115 750
115 10 750
71 164 817
164 71 817
61 83 400
83 61 400
67 174 839
174 67 839
6 103 778
103 6 778
82 197 61
197 82 61
25 19 728
19 25 728
139 45 952
45 139 952
35 107 316
107 35 316
204 86 386
86 204 386
223 130 41
130 223 41
227 213 947
213 227 947
226 141 7
141 226 7
102 207 59
207 102 59
216 67 639
67 216 639
151 38 895
38 151 895
47 134 173
134 47 173
108 19 83
19 108 83
43 51 20
51 43 20
76 133 138
133 76 138
213 143 78
143 213 78
84 221 622
221 84 622
116 63 118
63 116 118
58 33 102
33 58 102
46 2 82
2 46 82
94 10 734
10 94 734
22 210 513
210 22 513
113 114 172
114 113 172
111 143 141
143 111 141
149 101 747
101 149 747
89 130 523
130 89 523
175 201 641
201 175 641
73 67 747
67 73 747
179 95 254
95 179 254
153 113 810
113 153 810
162 101 541
101 162 541
224 133 715
133 224 715
64 125 401
125 64 401
61 219 579
219 61 579
140 226 156
226 140 156
72 166 870
166 72 870
212 0 752
0 212 752
71 121 517
121 71 517
101 55 8
55 101 8
216 5 758
5 216 758
152 140 214
140 152 214
177 51 190
51 177 190
94 139 501
139 94 501
27 195 128
195 27 128
87 68 836
68 87 836
51 77 41
77 51 41
65 127 359
127 65 359
115 4 331
4 115 331
58 209 97
209 58 97
11 213 506
213 11 506
196 209 257
209 196 257
224 109 650
109 224 650
94 106 686
106 94 686
184 198 361
198 184 361
12 222 787
222 12 787
143 87 793
87 143 793
20 188 365
188 20 365
67 158 339
158 67 339
180 30 34
30 180 34
194 48 276
48 194 276
212 12 163
12 212 163
78 151 762
151 78 762
6 60 81
60 6 81
3 19 426
19 3 426
98 116 694
116 98 694
6 191 671
191 6 671
137 22 797
22 137 797
84 128 259
128 84 259
141 33 536
33 141 536
107 94 175
94 107 175
49 58 892
58 49 892
90 42 607
42 90 607
229 8 292
8 229 292
115 140 694
140 115 694
227 68 5
68 227 5
24 12 621
12 24 621
9 103 176
103 9 176
114 166 239
166 114 239
43 204 838
204 43 838
187 67 658
67 187 658
125 92 878
92 125 878
165 109 464
109 165 464
223 125 674
125 223 674
146 131 633
131 146 633
3 33 354
33 3 354
0 94 789
94 0 789
145 124 428
124 145 428
0 205 491
205 0 491
134 191 739
191 134 739
152 164 882
164 152 882
107 97 922
97 107 922
4 60 910
60 4 910
209 185 782
185 209 782
14 202 682
202 14 682
134 109 629
109 134 629
4 105 423
105 4 423
194 30 165
30 194 165
38 144 439
144 38 439
182 170 847
170 182 847
27 59 658
59 27 658
4 50 258
50 4 258
221 181 955
181 221 955
9 90 2
90 9 2
83 4 189
4 83 189
21 38 256
38 21 256
128 79 262
79 128 262
192 154 431
154 192 431
224 48 745
48 224 745
130 228 475
228 130 475
157 39 619
39 157 619
168 5 258
5 168 258
59 71 384
71 59 384
218 163 23
163 218 23
49 154 526
154 49 526
11 58 432
58 11 432
36 164 671
164 36 671
160 8 739
8 160 739
26 55 424
55 26 424
188 16 974
16 188 974
12 112 729
112 12 729
147 74 30
74 147 30
105 144 829
144 105 829
20 199 562
199 20 562
108 132 455
132 108 455
188 76 750
76 188 750
69 126 189
126 69 189
97 174 772
174 97 772
74 218 364
218 74 364
70 61 440
61 70 440
197 45 99
45 197 99
117 200 620
200 117 620
35 214 131
214 35 131
49 168 866
168 49 866
1 22 711
22 1 711
38 228 801
228 38 801
62 39 503
39 62 503
15 84 537
84 15 537
60 12 229
12 60 229
116 151 369
151 116 369
104 78 403
78 104 403
115 119 665
119 115 665
136 47 98
47 136 98
61 165 132
165 61 132
73 51 148
51 73 148
221 15 199
15 221 199
151 74 501
74 151 501
108 135 587
135 108 587
132 118 142
118 132 142
214 29 576
29 214 576
169 100 264
100 169 264
201 83 365
83 201 365
175 179 479
179 175 479
141 227 337
227 141 337
143 179 103
179 143 103
7 144 112
144 7 112
61 127 315
127 61 315
126 0 184
0 126 184
44 98 672
98 44 672
194 10 414
10 194 414
166 107 219
107 166 219
226 189 875
189 226 875
6 2 685
2 6 685
105 114 385
114 105 385
196 206 829
206 196 829
86 25 434
25 86 434
214 44 196
44 214 196
6 229 828
229 6 828
51 224 371
224 51 371
37 12 829
12 37 829
146 15 251
15 146 251
215 82 999
82 215 999
81 69 348
69 81 348
99 45 509
45 99 509
38 153 549
153 38 549
174 72 455
72 174 455
113 183 178
183 113 178
159 63 323
63 159 323
215 36 957
36 215 957
56 63 730
63 56 730
94 203 387
203 94 387
224 160 335
160 224 335
207 3 876
3 207 876
25 120 1
120 25 1
109 127 665
127 109 665
83 158 191
158 83 191
161 89 571
89 161 571
9 10 981
10 9 981
219 201 730
201 219 730
132 136 265
136 132 265
136 69 108
69 136 108
173 76 91
76 173 91
30 46 679
46 30 679
52 69 144
69 52 144
150 203 154
203 150 154
209 157 854
157 209 854
166 153 288
153 166 288
