108 98 265
98 108 265
126 108 940
108 126 940
101 108 991
108 101 991
61 126 597
126 61 597
118 108 516
108 118 516
17 126 143
126 17 143
99 98 633
98 99 633
107 61 931
61 107 931
70 126 317
126 70 317
12 108 920
108 12 920
117 12 338
12 117 338
63 107 103
107 63 103
47 17 323
17 47 323
84 12 934
12 84 934
28 107 488
107 28 488
60 107 63
107 60 63
119 98 95
98 119 95
104 63 727
63 104 727
123 98 626
98 123 626
71 12 249
12 71 249
109 12 720
12 109 720
8 17 939
17 8 939
82 99 244
99 82 244
125 61 822
61 125 822
79 84 93
84 79 93
11 12 896
12 11 896
76 28 111
28 76 111
43 119 298
119 43 298
113 101 560
101 113 560
49 11 944
11 49 944
86 17 986
17 86 986
95 104 455
104 95 455
14 125 324
125 14 324
92 28 297
28 92 297
29 63 841
63 29 841
30 126 627
126 30 627
115 60 487
60 115 487
9 118 695
118 9 695
22 70 945
70 22 945
4 118 919
118 4 919
94 79 857
79 94 857
91 119 534
119 91 534
41 47 916
47 41 916
111 11 593
11 111 593
50 43 504
43 50 504
128 111 938
111 128 938
64 118 332
118 64 332
122 99 498
99 122 498
116 4 343
4 116 343
35 28 16
28 35 16
51 99 722
99 51 722
40 82 813
82 40 813
32 109 436
109 32 436
10 17 801
17 10 801
27 10 714
10 27 714
46 126 836
126 46 836
120 9 696
9 120 696
16 108 127
108 16 127
42 9 850
9 42 850
25 79 93
79 25 93
81 32 118
32 81 118
5 9 22
9 5 22
48 81 993
81 48 993
45 28 490
28 45 490
55 99 959
99 55 959
2 10 635
10 2 635
15 14 71
14 15 71
33 70 662
70 33 662
44 111 446
111 44 446
24 99 515
99 24 515
68 118 610
118 68 610
18 35 204
35 18 204
39 50 926
50 39 926
103 25 858
25 103 858
85 109 714
109 85 714
100 11 989
11 100 989
121 99 807
99 121 807
102 71 865
71 102 865
26 41 542
41 26 542
53 28 611
28 53 611
74 8 13
8 74 13
78 40 921
40 78 921
93 55 939
55 93 939
58 93 365
93 58 365
69 58 256
58 69 256
23 68 707
68 23 707
0 16 759
16 0 759
19 91 756
91 19 756
6 44 287
44 6 287
36 49 780
49 36 780
97 50 624
50 97 624
67 23 367
23 67 367
37 97 317
97 37 317
88 32 848
32 88 848
21 98 608
98 21 608
59 6 342
6 59 342
56 49 228
49 56 228
114 122 727
122 114 727
124 23 581
23 124 581
112 32 32
32 112 32
65 6 581
6 65 581
72 114 678
114 72 678
105 118 169
118 105 169
75 107 265
107 75 265
110 71 457
71 110 457
83 5 929
5 83 929
89 121 773
121 89 773
1 61 506
61 1 506
62 22 857
22 62 857
87 17 828
17 87 828
80 125 561
125 80 561
13 89 742
89 13 742
34 108 411
108 34 411
106 4 3
4 106 3
31 108 734
108 31 734
127 98 842
98 127 842
90 15 626
15 90 626
7 125 121
125 7 121
96 93 203
93 96 203
54 29 705
29 54 705
38 63 487
63 38 487
77 53 83
53 77 83
3 29 935
29 3 935
66 72 811
72 66 811
20 87 262
87 20 262
57 93 533
93 57 533
129 78 355
78 129 355
52 22 285
22 52 285
73 12 41
12 73 41
40 2 571
2 40 571
53 37 960
37 53 960
12 57 729
57 12 729
90 80 381
80 90 381
50 32 384
32 50 384
103 126 141
126 103 141
9 44 341
44 9 341
23 88 735
88 23 735
82 23 798
23 82 798
70 12 276
12 70 276
94 9 597
9 94 597
103 67 404
67 103 404
14 85 117
85 14 117
77 81 956
81 77 956
63 102 183
102 63 183
104 121 412
121 104 412
58 100 424
100 58 424
76 79 574
79 76 574
3 38 345
38 3 345
0 86 490
86 0 490
113 129 436
129 113 436
70 121 343
121 70 343
22 91 641
91 22 641
59 8 67
8 59 67
109 35 767
35 109 767
46 28 394
28 46 394
126 79 403
79 126 403
103 106 942
106 103 942
20 27 433
27 20 433
109 88 225
88 109 225
2 91 441
91 2 441
116 97 117
97 116 117
60 99 924
99 60 924
31 51 121
51 31 121
129 65 262
65 129 262
32 12 970
12 32 970
27 115 107
115 27 107
35 90 387
90 35 387
67 9 107
9 67 107
66 115 577
115 66 577
105 1 898
1 105 898
57 78 853
78 57 853
129 51 555
51 129 555
46 0 722
0 46 722
74 78 36
78 74 36
115 55 617
55 115 617
22 56 596
56 22 596
85 54 67
54 85 67
109 60 230
60 109 230
14 12 307
12 14 307
101 106 338
106 101 338
94 90 991
90 94 991
21 73 391
73 21 391
52 107 587
107 52 587
82 123 764
123 82 764
62 40 296
40 62 296
83 3 865
3 83 865
124 42 871
42 124 871
118 98 758
98 118 758
128 121 519
121 128 519
55 69 67
69 55 67
57 15 965
15 57 965
121 75 393
75 121 393
114 28 167
28 114 167
95 81 293
81 95 293
69 84 964
84 69 964
70 3 427
3 70 427
30 20 911
20 30 911
71 9 829
9 71 829
36 110 36
110 36 36
96 114 469
114 96 469
63 79 482
79 63 482
9 107 612
107 9 612
14 78 107
78 14 107
19 116 392
116 19 392
20 43 902
43 20 902
28 96 629
96 28 629
23 86 992
86 23 992
85 95 981
95 85 981
124 85 938
85 124 938
86 122 39
122 86 39
112 34 380
34 112 380
122 127 365
127 122 365
123 117 923
117 123 923
12 66 261
66 12 261
17 27 235
27 17 235
82 52 715
52 82 715
89 73 312
73 89 312
113 115 436
115 113 436
1 109 958
109 1 958
11 83 64
83 11 64
79 83 792
83 79 792
22 99 810
99 22 810
106 87 702
87 106 702
83 99 508
99 83 508
93 45 80
45 93 80
36 104 124
104 36 124
97 99 353
99 97 353
6 50 10
50 6 10
42 37 72
37 42 72
30 32 3
32 30 3
40 86 765
86 40 765
108 85 377
85 108 377
17 42 879
42 17 879
30 64 464
64 30 464
43 77 352
77 43 352
2 14 28
14 2 28
32 67 343
67 32 343
38 103 303
103 38 303
93 64 607
64 93 607
71 11 546
11 71 546
102 4 385
4 102 385
115 95 823
95 115 823
120 53 520
53 120 520
5 25 772
25 5 772
64 103 381
103 64 381
89 117 881
117 89 881
14 118 403
118 14 403
123 104 135
104 123 135
89 100 563
100 89 563
83 30 605
30 83 605
1 100 652
100 1 652
36 109 254
109 36 254
34 88 652
88 34 652
84 59 418
59 84 418
126 83 985
83 126 985
78 13 208
13 78 208
21 85 975
85 21 975
54 82 973
82 54 973
64 76 283
76 64 283
43 22 814
22 43 814
106 72 189
72 106 189
89 87 178
87 89 178
48 127 348
127 48 348
30 36 473
36 30 473
8 3 773
3 8 773
40 85 1
85 40 1
106 7 7
7 106 7
27 100 117
100 27 117
121 22 434
22 121 434
54 129 778
129 54 778
42 105 286
105 42 286
118 49 276
49 118 276
12 98 262
98 12 262
65 34 104
34 65 104
45 36 290
36 45 290
35 70 72
70 35 72
15 102 546
102 15 546
0 49 542
49 0 542
48 94 69
94 48 69
83 103 289
103 83 289
92 32 544
32 92 544
11 110 978
110 11 978
105 68 299
68 105 299
34 21 581
21 34 581
29 4 126
4 29 126
49 72 605
72 49 605
96 29 573
29 96 573
100 36 647
36 100 647
38 83 223
83 38 223
77 20 711
20 77 711
52 74 504
74 52 504
28 34 307
34 28 307
30 57 53
57 30 53
27 36 482
36 27 482
112 126 866
126 112 866
119 71 702
71 119 702
65 108 369
108 65 369
12 113 635
113 12 635
98 44 894
44 98 894
103 16 144
16 103 144
39 122 107
122 39 107
80 58 393
58 80 393
41 58 431
58 41 431
80 115 458
115 80 458
115 53 132
53 115 132
32 64 454
64 32 454
6 124 437
124 6 437
20 124 747
124 20 747
46 35 449
35 46 449
40 63 927
63 40 927
124 107 239
107 124 239
109 64 372
64 109 372
84 111 238
111 84 238
100 8 721
8 100 721
18 36 421
36 18 421
90 47 647
47 90 647
87 127 501
127 87 501
55 38 220
38 55 220
23 33 43
33 23 43
117 47 166
47 117 166
6 98 296
98 6 296
108 29 65
29 108 65
62 46 993
46 62 993
65 46 464
46 65 464
116 23 622
23 116 622
11 109 813
109 11 813
74 127 914
127 74 914
93 99 534
99 93 534
117 122 377
122 117 377
71 32 890
32 71 890
19 122 857
122 19 857
51 45 688
45 51 688
121 26 529
26 121 529
114 55 493
55 114 493
19 81 45
81 19 45
102 104 9
104 102 9
90 57 741
57 90 741
13 63 939
63 13 939
110 57 471
57 110 471
13 49 87
49 13 87
71 81 101
81 71 101
22 110 905
110 22 905
10 13 627
13 10 627
123 62 572
62 123 572
112 12 981
12 112 981
128 48 501
48 128 501
46 95 860
95 46 860
68 36 327
36 68 327
80 76 570
76 80 570
39 51 728
51 39 728
85 34 526
34 85 526
7 2 279
2 7 279
42 61 121
61 42 121
79 111 750
111 79 750
83 48 223
48 83 223
18 108 759
108 18 759
62 63 124
63 62 124
114 44 121
44 114 121
97 16 691
16 97 691
18 46 757
46 18 757
81 60 530
60 81 530
102 93 239
93 102 239
21 77 293
77 21 293
41 29 829
29 41 829
101 73 335
73 101 335
37 17 831
17 37 831
14 65 158
65 14 158
50 123 138
123 50 138
40 129 583
129 40 583
10 25 750
25 10 750
14 42 778
42 14 778
114 36 623
36 114 623
14 129 922
129 14 922
76 17 539
17 76 539
97 20 466
20 97 466
26 101 981
101 26 981
46 94 676
94 46 676
57 3 559
3 57 559
53 71 265
71 53 265
29 72 720
72 29 720
122 74 804
74 122 804
103 114 966
114 103 966
28 32 39
32 28 39
53 48 351
48 53 351
13 120 266
120 13 266
19 94 312
94 19 312
61 97 587
97 61 587
84 9 361
9 84 361
118 20 642
20 118 642
28 17 247
17 28 247
117 101 231
101 117 231
93 119 840
119 93 840
28 19 995
19 28 995
1 92 913
92 1 913
27 106 445
106 27 445
30 97 319
97 30 319
50 58 745
58 50 745
75 56 9
56 75 9
75 15 546
15 75 546
7 12 578
12 7 578
86 75 976
75 86 976
124 41 3
41 124 3
52 29 636
29 52 636
115 71 337
71 115 337
25 50 252
50 25 252
118 41 760
41 118 760
41 71 437
71 41 437
11 90 727
90 11 727
9 12 258
12 9 258
0 59 27
59 0 27
70 129 91
129 70 91
97 103 687
103 97 687
9 90 241
90 9 241
73 97 166
97 73 166
105 23 276
23 105 276
57 112 15
112 57 15
26 39 563
39 26 563
54 107 791
107 54 791
15 70 466
70 15 466
65 49 413
49 65 413
19 57 52
57 19 52
118 44 757
44 118 757
107 55 697
55 107 697
103 32 780
32 103 780
0 114 854
114 0 854
45 32 118
32 45 118
58 5 600
5 58 600
36 94 938
94 36 938
22 58 866
58 22 866
126 47 578
47 126 578
22 19 371
19 22 371
103 85 330
85 103 330
57 105 615
105 57 615
87 41 1
41 87 1
30 117 452
117 30 452
95 0 951
0 95 951
126 77 931
77 126 931
55 122 71
122 55 71
1 68 972
68 1 972
111 41 64
41 111 64
4 43 964
43 4 964
73 114 772
114 73 772
80 33 318
33 80 318
18 101 438
101 18 438
68 2 550
2 68 550
74 0 194
0 74 194
87 30 865
30 87 865
108 22 803
22 108 803
114 67 475
67 114 475
70 110 651
110 70 651
16 61 370
61 16 370
4 36 642
36 4 642
129 61 748
61 129 748
48 24 189
24 48 189
89 123 586
123 89 586
106 25 761
25 106 761
31 79 980
79 31 980
122 91 451
91 122 451
60 62 649
62 60 649
65 44 258
44 65 258
80 97 624
97 80 624
93 82 314
82 93 314
99 57 11
57 99 11
45 65 395
65 45 395
80 124 713
124 80 713
70 96 363
96 70 363
95 68 335
68 95 335
17 65 485
65 17 485
92 12 83
12 92 83
19 67 4
67 19 4
119 122 734
122 119 734
43 54 44
54 43 44
53 17 322
17 53 322
112 95 783
95 112 783
24 75 686
75 24 686
30 115 413
115 30 413
102 28 166
28 102 166
95 92 932
92 95 932
3 117 747
117 3 747
117 124 972
124 117 972
128 19 819
19 128 819
109 71 573
71 109 573
111 15 206
15 111 206
2 93 717
93 2 717
45 2 529
2 45 529
127 22 774
22 127 774
106 22 39
22 106 39
50 107 917
107 50 917
53 104 197
104 53 197
127 81 831
81 127 831
90 4 726
4 90 726
69 92 487
92 69 487
84 109 840
109 84 840
0 98 832
98 0 832
71 62 622
62 71 622
36 31 343
31 36 343
59 67 861
67 59 861
49 92 324
92 49 324
118 128 751
128 118 751
95 61 345
61 95 345
116 117 423
117 116 423
28 26 815
26 28 815
124 47 614
47 124 614
41 97 940
97 41 940
123 75 55
75 123 55
13 36 618
36 13 618
55 26 576
26 55 576
127 110 185
110 127 185
99 127 821
127 99 821
15 122 972
122 15 972
124 60 366
60 124 366
125 86 26
86 125 26
6 118 181
118 6 181
105 101 330
101 105 330
127 57 487
57 127 487
71 47 548
47 71 548
72 15 28
15 72 28
125 71 341
71 125 341
97 79 482
79 97 482
107 22 930
22 107 930
39 70 0
70 39 0
59 23 160
23 59 160
115 94 178
94 115 178
4 5 965
5 4 965
58 17 494
17 58 494
65 117 231
117 65 231
81 18 336
18 81 336
41 25 360
25 41 360
120 94 899
94 120 899
89 7 372
7 89 372
29 114 578
114 29 578
101 94 952
94 101 952
108 124 735
124 108 735
111 9 19
9 111 19
17 78 522
78 17 522
98 70 48
70 98 48
43 115 797
115 43 797
22 17 428
17 22 428
80 69 728
69 80 728
48 29 372
29 48 372
27 72 74
72 27 74
14 75 579
75 14 579
6 125 441
125 6 441
80 5 482
5 80 482
56 120 938
120 56 938
65 81 660
81 65 660
3 65 942
65 3 942
119 45 282
45 119 282
21 118 618
118 21 618
38 25 282
25 38 282
12 78 888
78 12 888
112 76 547
76 112 547
63 30 730
30 63 730
112 17 786
17 112 786
89 112 443
112 89 443
11 7 165
7 11 165
41 0 485
0 41 485
110 4 604
4 110 604
18 52 115
52 18 115
88 19 146
19 88 146
97 38 645
38 97 645
47 35 898
35 47 898
55 50 740
50 55 740
93 85 389
85 93 389
12 103 564
103 12 564
87 107 698
107 87 698
110 33 384
33 110 384
32 19 137
19 32 137
14 43 627
43 14 627
97 91 31
91 97 31
87 65 474
65 87 474
123 1 557
1 123 557
29 22 212
22 29 212
91 16 30
16 91 30
92 57 365
57 92 365
39 69 700
69 39 700
49 75 791
75 49 791
15 4 350
4 15 350
52 58 545
58 52 545
115 59 757
59 115 757
102 25 901
25 102 901
59 19 399
19 59 399
54 102 987
102 54 987
75 79 699
79 75 699
22 115 5
115 22 5
76 40 610
40 76 610
43 33 705
33 43 705
41 59 87
59 41 87
70 113 913
113 70 913
67 3 325
3 67 325
76 31 377
31 76 377
45 66 831
66 45 831
16 4 575
4 16 575
123 41 26
41 123 26
91 75 622
75 91 622
32 13 725
13 32 725
105 15 21
15 105 21
92 124 175
124 92 175
13 47 938
47 13 938
59 105 342
105 59 342
42 73 894
73 42 894
127 12 491
12 127 491
11 33 853
33 11 853
73 20 564
20 73 564
112 38 271
38 112 271
128 16 553
16 128 553
37 4 309
4 37 309
30 127 70
127 30 70
119 77 402
77 119 402
75 82 271
82 75 271
3 16 834
16 3 834
43 85 144
85 43 144
67 125 141
125 67 141
84 29 600
29 84 600
35 108 33
108 35 33
105 20 731
20 105 731
76 38 572
38 76 572
19 0 893
0 19 893
125 108 247
108 125 247
16 129 858
129 16 858
26 24 230
24 26 230
126 57 363
57 126 363
0 82 79
82 0 79
102 1 231
1 102 231
88 56 881
56 88 881
115 42 294
42 115 294
51 3 675
3 51 675
97 18 393
18 97 393
14 49 410
49 14 410
36 52 889
52 36 889
54 16 671
16 54 671
21 97 442
97 21 442
68 97 996
97 68 996
72 18 887
18 72 887
11 77 925
77 11 925
103 49 456
49 103 456
22 5 761
5 22 761
64 23 511
23 64 511
16 43 697
43 16 697
114 124 475
124 114 475
7 46 691
46 7 691
72 52 318
52 72 318
66 42 322
42 66 322
98 82 483
82 98 483
74 112 912
112 74 912
16 87 49
87 16 49
12 75 95
75 12 95
15 51 742
51 15 742
93 50 115
50 93 115
128 37 28
37 128 28