394 864 41
864 394 41
265 394 414
394 265 414
943 394 991
394 943 991
490 265 597
265 490 597
917 394 516
394 917 516
142 265 143
265 142 143
777 864 633
864 777 633
823 490 931
490 823 931
549 265 317
265 549 317
101 394 920
394 101 920
879 101 338
101 879 338
487 823 103
823 487 103
365 142 323
142 365 323
633 101 934
101 633 934
211 823 488
823 211 488
459 823 63
823 459 63
837 864 95
864 837 95
747 487 727
487 747 727
859 864 626
864 859 626
514 101 249
101 514 249
760 101 720
101 760 720
911 265 195
265 911 195
962 747 227
747 962 227
247 490 822
490 247 822
568 633 93
633 568 93
82 101 896
101 82 896
532 211 111
211 532 111
314 837 298
837 314 298
740 943 560
943 740 560
347 82 944
82 347 944
570 142 986
142 570 986
843 747 455
747 843 455
94 247 324
247 94 324
608 211 297
211 608 297
192 487 841
487 192 841
196 265 627
265 196 627
695 459 487
459 695 487
70 917 695
917 70 695
804 823 897
823 804 897
158 265 862
265 158 862
84 608 699
608 84 699
416 94 282
94 416 282
557 211 869
211 557 869
230 557 603
557 230 603
886 82 593
82 886 593
294 314 504
314 294 504
707 84 717
84 707 717
852 911 84
911 852 84
348 804 118
804 348 118
522 695 645
695 522 645
360 487 248
487 360 248
16 294 277
294 16 277
125 886 225
886 125 225
402 522 174
522 402 174
359 532 835
532 359 835
64 142 801
142 64 801
159 402 714
402 159 714
239 265 836
265 239 836
626 158 931
158 626 931
585 70 696
70 585 696
78 394 127
394 78 127
693 487 620
487 693 620
909 196 122
196 909 122
429 879 379
879 429 379
915 633 37
633 915 37
664 265 199
265 664 199
203 211 490
211 203 490
232 777 959
777 232 959
746 265 557
265 746 557
468 487 855
487 468 855
287 823 226
823 287 226
76 70 358
70 76 358
482 962 62
962 482 62
559 626 40
626 559 40
661 487 716
487 661 716
434 568 266
568 434 266
398 585 858
585 398 858
636 760 714
760 636 714
750 82 989
82 750 989
855 777 807
777 855 807
755 514 865
514 755 865
178 557 542
557 178 542
279 211 611
211 279 611
495 911 13
911 495 13
528 16 921
16 528 921
640 915 939
915 640 939
345 279 365
279 345 365
436 495 256
495 436 256
170 287 707
287 170 707
12 239 759
239 12 759
88 416 756
416 88 756
48 746 287
746 48 287
152 347 780
347 152 780
548 886 624
886 548 624
326 640 367
640 326 367
674 755 874
755 674 874
709 459 732
459 709 732
353 348 766
348 353 766
473 279 82
279 473 82
1 434 196
434 1 196
800 416 163
416 800 163
274 314 652
314 274 652
515 852 727
852 515 727
775 76 895
76 775 895
476 490 411
490 476 411
809 76 428
76 809 428
891 495 726
495 891 726
51 760 456
760 51 456
72 94 718
94 72 718
183 159 540
159 183 540
567 287 618
287 567 618
876 864 905
864 876 905
42 909 333
909 42 333
364 891 478
891 364 478
57 515 842
515 57 842
946 125 192
125 946 192
642 755 85
755 642 85
975 48 133
48 975 133
18 360 972
360 18 972
792 125 323
125 792 323
4 532 14
532 4 14
839 674 2
674 839 2
964 640 541
640 964 541
717 487 195
487 717 195
141 398 664
398 141 664
237 567 309
567 237 309
330 436 186
436 330 186
121 4 874
4 121 874
469 514 22
514 469 22
325 57 819
57 325 819
937 740 882
740 937 882
305 608 669
608 305 669
619 436 117
436 619 117
187 287 871
287 187 871
24 101 41
101 24 41
250 664 571
664 250 571
381 152 960
152 381 960
680 101 866
101 680 866
896 237 729
237 896 729
770 642 655
642 770 655
524 326 892
326 524 892
647 886 212
886 647 212
451 559 9
559 451 9
168 70 277
70 168 277
405 640 808
640 405 808
445 962 346
962 445 346
940 549 42
549 940 42
327 84 153
84 327 153
706 559 369
559 706 369
481 770 132
770 481 132
357 740 489
740 357 489
887 78 956
78 887 956
59 636 183
636 59 183
638 747 309
747 638 309
496 495 306
495 496 306
509 532 101
532 509 101
687 964 485
964 687 485
413 345 127
345 413 127
591 740 716
740 591 716
612 72 38
72 612 38
372 528 752
528 372 752
844 804 941
804 844 941
206 612 578
612 206 578
462 206 89
206 462 89
85 760 202
760 85 202
926 64 62
64 926 62
478 265 100
265 478 100
492 647 531
647 492 531
356 364 942
364 356 942
610 706 731
706 610 731
842 359 433
359 842 433
107 548 225
548 107 225
320 706 795
706 320 795
209 183 196
183 209 196
448 740 65
740 448 65
877 777 924
777 877 924
663 57 770
57 663 770
848 360 121
360 848 121
627 800 262
800 627 262
259 462 43
462 259 43
270 591 149
591 270 149
132 522 469
522 132 469
480 48 559
48 480 559
190 82 610
82 190 610
621 695 577
695 621 577
520 206 696
206 520 696
543 619 507
619 543 507
863 178 853
178 863 853
641 330 650
330 641 650
853 360 555
360 853 555
779 64 9
64 779 9
430 259 985
259 430 985
954 755 837
755 954 837
408 549 537
549 408 537
186 915 617
915 186 617
199 709 596
709 199 596
377 480 723
480 377 723
606 459 819
459 606 819
109 305 889
305 109 889
47 459 230
459 47 230
166 101 307
101 166 307
20 408 864
408 20 864
587 495 882
495 587 882
213 70 889
70 213 889
850 642 991
642 850 991
488 469 391
469 488 391
697 121 34
121 697 34
751 962 694
962 751 694
682 408 614
408 682 614
102 779 436
779 102 436
271 559 548
559 271 548
786 809 845
809 786 845
637 20 995
20 637 995
513 496 600
496 513 600
304 213 20
213 304 20
868 864 758
864 868 758
241 398 519
398 241 519
756 915 340
915 756 340
89 237 880
237 89 880
343 271 310
271 343 310
546 353 829
353 546 829
512 211 167
211 512 167
854 843 244
843 854 244
382 520 849
520 382 849
443 633 964
633 443 964
44 964 427
964 44 427
188 141 911
141 188 911
807 480 83
480 807 83
905 848 155
848 905 155
472 476 36
476 472 36
820 18 395
18 820 395
620 487 103
487 620 103
644 109 155
109 644 155
27 823 612
823 27 612
831 94 645
94 831 645
433 82 716
82 433 716
743 926 354
926 743 354
262 353 802
353 262 802
672 314 902
314 672 902
81 509 717
509 81 717
645 687 647
687 645 647
456 926 127
926 456 127
933 132 636
132 933 636
400 166 869
166 400 869
172 644 396
644 172 396
397 27 763
27 397 763
936 697 124
697 936 124
719 343 804
343 719 804
257 549 800
549 257 800
545 42 380
42 545 380
261 946 365
946 261 365
878 859 979
859 878 979
60 472 956
472 60 956
53 717 261
717 53 261
35 645 532
645 35 532
928 183 235
183 928 235
131 304 519
304 131 519
423 239 149
239 423 149
598 868 945
868 598 945
120 125 425
125 120 425
93 522 425
522 93 425
222 211 810
211 222 810
632 343 702
343 632 702
592 211 508
211 592 508
457 469 80
469 457 80
503 196 124
196 503 124
516 211 353
211 516 353
499 88 10
88 499 10
322 543 72
543 322 72
845 482 212
482 845 212
5 775 674
775 5 674
958 909 765
909 958 765
10 481 377
481 10 377
36 18 879
18 36 879
208 326 464
326 208 464
163 400 352
400 163 352
371 664 28
664 371 28
300 621 343
621 300 343
691 706 303
706 691 303
797 478 188
478 797 188
858 84 105
84 858 105
772 687 160
687 772 160
554 661 968
661 554 968
182 364 323
364 182 323
738 717 242
717 738 242
272 706 381
706 272 381
615 962 881
962 615 881
197 101 403
101 197 403
117 695 135
695 117 135
622 59 563
59 622 563
614 76 605
76 614 605
628 887 652
887 628 652
530 557 254
557 530 254
667 641 652
641 667 652
783 740 385
740 783 385
603 490 427
490 603 427
470 443 208
443 470 208
556 481 975
481 556 975
710 294 973
294 710 973
277 359 283
359 277 283
164 738 620
738 164 620
231 807 950
807 231 950
597 548 786
548 597 786
646 546 178
546 646 178
368 620 348
620 368 348
789 76 363
76 789 363
704 230 494
230 704 494
303 481 1
481 303 1
686 433 7
433 686 7
324 887 117
887 324 117
950 638 558
638 950 558
921 750 434
750 921 434
723 707 694
707 723 694
761 975 556
975 761 556
616 451 647
451 616 647
32 78 276
78 32 276
63 864 262
864 63 262
604 322 911
322 604 911
893 20 455
20 893 455
153 469 362
469 153 362
426 1 609
1 426 609
133 747 72
747 133 72
396 509 546
509 396 546
527 585 542
585 527 542
380 279 69
279 380 69
654 327 289
327 654 289
810 232 587
232 810 587
814 426 215
426 814 215
826 125 420
125 826 420
979 300 413
300 979 413
424 706 452
706 424 452
577 622 643
622 577 643
217 855 126
855 217 126
185 186 410
186 185 410
925 672 142
672 925 142
882 59 362
59 882 362
744 786 223
786 744 223
753 545 711
545 753 711
791 844 504
844 791 504
97 188 307
188 97 307
226 60 53
60 226 53
977 183 26
183 977 26
561 645 400
645 561 400
15 322 68
322 15 68
129 977 404
977 129 404
9 190 42
190 9 42
184 63 3
63 184 3
422 810 716
810 422 716
461 946 144
946 461 144
918 940 195
940 918 195
167 512 471
512 167 471
534 199 172
199 534 172
535 304 663
304 535 663
711 661 458
661 711 458
243 499 323
499 243 323
215 809 932
809 215 932
301 188 357
188 301 357
643 756 826
756 643 826
802 109 747
109 802 747
351 1 449
1 351 449
331 277 727
277 331 727
80 606 34
606 80 34
379 527 86
527 379 86
306 520 58
520 306 58
285 18 625
18 285 625
491 723 88
723 491 88
846 405 789
405 846 789
583 102 469
102 583 469
92 396 713
396 92 713
861 97 979
97 861 979
908 343 594
343 908 594
759 545 260
545 759 260
794 183 345
183 794 345
438 760 44
760 438 44
90 279 358
279 90 358
6 327 670
327 6 670
14 287 65
287 14 65
725 422 227
422 725 227
676 738 943
738 676 943
369 620 197
620 369 197
574 950 104
950 574 104
145 206 330
206 145 330
907 644 914
644 907 914
552 325 29
325 552 29
890 911 194
911 890 194
631 84 214
84 631 214
898 663 192
663 898 192
337 121 688
121 337 688
510 591 529
591 510 529
668 325 493
325 668 493
588 306 245
306 588 245
75 509 956
509 75 956
951 695 9
695 951 9
795 60 741
60 795 741
758 247 939
247 758 939
718 878 471
878 718 471
765 585 87
585 765 87
140 964 101
964 140 101
266 271 905
271 266 905
363 443 627
443 363 627
135 756 572
756 135 572
694 514 981
514 694 981
310 330 501
330 310 501
384 915 860
915 384 860
484 259 327
259 484 327
769 402 570
402 769 570
500 921 554
921 500 554
344 306 303
306 344 303
785 632 619
632 785 619
822 36 649
36 822 649
452 896 237
896 452 237
30 585 629
585 30 629
175 436 750
436 175 750
737 330 223
330 737 223
505 6 675
6 505 675
13 676 548
676 13 548
929 89 879
89 929 879
96 693 393
693 96 393
485 585 994
585 485 994
656 642 691
642 656 691
506 42 757
42 506 757
420 94 530
94 420 530
560 129 335
129 560 335
412 779 643
779 412 643
880 445 596
445 880 596
299 468 829
468 299 829
31 554 516
554 31 516
599 543 599
543 599 599
49 505 132
505 49 132
731 750 999
750 731 999
316 93 78
93 316 78
248 588 211
588 248 211
922 614 785
614 922 785
388 792 750
792 388 750
244 929 239
929 244 239
721 259 623
259 721 623
245 133 510
133 245 510
202 616 853
616 202 853
52 322 610
322 52 610
681 545 466
545 681 466
580 142 981
142 580 981
407 182 668
182 407 668
297 753 900
753 297 900
938 737 976
737 938 976
912 691 321
691 912 321
148 305 140
305 148 140
768 351 195
351 768 195
601 694 298
694 601 298
734 347 213
347 734 213
74 372 743
372 74 743
466 448 883
448 466 883
847 977 743
977 847 743
425 619 352
619 425 352
307 509 17
509 307 17
692 530 552
530 692 552
115 438 645
438 115 645
286 259 22
259 286 22
953 426 62
426 953 62
50 964 46
964 50 46
26 57 968
57 26 968
650 608 840
608 650 840
126 877 995
877 126 995
829 746 913
746 829 913
417 905 445
905 417 445
278 480 319
480 278 319
341 577 336
577 341 336
813 186 9
186 813 9
816 115 270
115 816 270
533 958 823
958 533 823
732 167 721
167 732 721
450 337 42
337 450 42
565 450 125
450 565 125
399 109 175
109 399 175
2 928 141
928 2 141
629 938 677
938 629 677
519 731 750
731 519 750
713 661 81
661 713 81
321 4 860
4 321 860
840 656 180
656 840 180
246 879 979
879 246 979
824 953 172
953 824 172
763 310 858
310 763 858
701 615 172
615 701 172
735 158 437
158 735 437
949 407 612
407 949 612
112 63 643
63 112 643
458 379 153
379 458 153
634 303 41
303 634 41
254 209 825
209 254 825
771 90 385
90 771 385
33 153 954
153 33 954
927 747 508
747 927 508
103 480 299
480 103 299
700 398 469
398 700 469
238 598 364
598 238 364
171 6 771
6 171 771
414 107 276
107 414 276
856 878 967
878 856 967
403 777 318
777 403 318
558 650 295
650 558 295
578 81 1000
81 578 1000
40 758 544
758 40 544
602 772 268
772 602 268
733 859 466
859 733 466
409 92 122
92 409 122
419 663 507
663 419 507
62 101 279
101 62 279
803 837 260
837 803 260
736 422 595
422 736 595
766 765 951
765 766 951
298 736 702
736 298 702
833 786 780
786 833 780
569 422 395
422 569 395
913 928 213
928 913 213
130 744 824
744 130 824
258 331 166
331 258 166
955 509 338
509 955 338
932 549 598
549 932 598
899 16 578
16 899 578
169 534 371
534 169 371
312 277 330
277 312 330
540 175 615
175 540 615
464 209 1
209 464 1
881 168 582
168 881 582
55 847 128
847 55 128
366 549 971
549 366 971
811 33 931
33 811 931
742 632 765
632 742 765
683 430 71
430 683 71
609 388 285
388 609 285
942 848 542
848 942 542
191 429 674
429 191 674
720 372 593
372 720 593
127 258 647
258 127 647
904 951 772
951 904 772
479 958 318
958 479 318
311 365 438
365 311 438
894 615 968
615 894 968
283 380 350
380 283 350
216 407 810
407 216 810
157 142 768
142 157 768
581 591 803
591 581 803
773 951 369
951 773 369
529 695 575
695 529 575
460 644 921
644 460 921
22 861 541
861 22 541
181 109 646
109 181 646
393 803 19
803 393 19
867 35 585
35 867 585
275 858 189
858 275 189
900 731 79
731 900 79
673 953 242
953 673 242
884 26 884
26 884 884
593 274 980
274 593 980
220 492 451
492 220 451
83 721 649
721 83 649
454 300 258
300 454 258
517 306 624
306 517 624
375 48 314
48 375 314
39 733 11
733 39 11
930 928 207
928 930 207
931 500 395
500 931 395
523 140 713
140 523 713
54 519 363
519 54 363
689 469 577
469 689 577
870 738 335
738 870 335
34 500 485
500 34 485
648 680 42
680 648 42
110 243 369
243 110 369
7 287 195
287 7 195
889 42 687
42 889 687
666 763 44
763 666 44
374 568 322
568 374 322
475 121 783
121 475 783
796 858 416
858 796 416
835 405 609
405 835 609
189 175 887
175 189 887
362 464 61
464 362 61
207 121 914
121 207 914
165 927 722
927 165 722
815 707 747
707 815 747
659 230 843
230 659 843
703 718 972
718 703 972
228 534 819
534 228 819
748 495 82
495 748 82
714 848 832
848 714 832
329 488 819
488 329 819
323 925 717
925 323 717
923 598 801
598 923 801
319 683 957
683 319 957
579 413 774
413 579 774
572 689 156
689 572 156
61 270 656
270 61 656
669 608 917
608 669 917
392 482 197
482 392 197
860 813 625
813 860 625
295 533 534
533 295 534
210 226 934
226 210 934
873 680 487
680 873 487
730 239 556
239 730 556
116 609 351
609 116 351
3 755 106
755 3 106
562 351 583
351 562 583
595 561 853
561 595 853
497 881 370
881 497 370
866 4 139
4 866 139
411 962 186
962 411 186
162 859 345
859 162 345
828 377 45
377 828 45
550 909 715
909 550 715
406 140 933
140 406 933
79 107 366
107 79 366
114 96 55
96 114 55
600 379 618
379 600 618
869 93 688
93 869 688
415 835 869
835 415 869
625 420 185
420 625 185
46 417 821
417 46 821
350 186 972
186 350 972
537 915 366
915 537 366
143 237 26
237 143 26
483 760 181
760 483 181
564 365 330
365 564 330
655 34 763
34 655 763
708 458 82
458 708 82
87 393 882
393 87 882
566 499 28
499 566 28
947 742 98
742 947 98
124 226 367
226 124 367
149 763 991
763 149 991
58 687 930
687 58 930
762 530 982
530 762 982
67 864 385
864 67 385
474 612 967
612 474 967
808 481 164
481 808 164
255 844 655
844 255 655
340 882 968
882 340 968
41 700 981
700 41 981
945 500 45
500 945 45
328 397 650
397 328 650
404 882 174
882 404 174
339 351 231
351 339 231
242 731 474
731 242 474
542 362 141
362 542 141
584 362 789
362 584 789
23 926 952
926 23 952
901 917 703
917 901 703
594 877 152
877 594 152
37 568 843
568 37 843
489 540 3
540 489 3
77 852 795
852 77 795
193 714 626
714 193 626
234 509 689
509 234 689
596 532 428
532 596 428
690 815 935
815 690 935
511 60 944
60 511 944
224 759 522
759 224 522
334 22 409
22 334 409
136 305 417
305 136 417
910 802 989
802 910 989
161 580 917
580 161 917
712 261 482
261 712 482
623 472 938
472 623 938
653 172 660
172 653 660
788 769 942
769 788 942
957 468 855
468 957 855
390 772 906
772 390 906
865 369 555
369 865 555
45 46 626
46 45 626
784 456 282
456 784 282
95 708 329
708 95 329
658 404 109
404 658 109
895 348 147
348 895 147
660 532 786
532 660 786
705 694 443
694 705 443
194 450 618
450 194 618
782 85 173
85 782 173
553 949 420
949 553 420
268 595 940
595 268 940
453 130 115
130 453 115
624 535 146
535 624 146
607 735 645
735 607 645
902 359 200
359 902 200
427 270 740
270 427 740
539 597 389
597 539 389
99 556 564
556 99 564
757 192 698
192 757 698
726 208 384
208 726 384
342 243 137
243 342 137
233 876 627
876 233 627
630 356 31
356 630 31
778 319 407
319 778 407
830 398 657
398 830 657
147 244 557
244 147 557
976 524 173
524 976 173
269 786 168
786 269 168
385 347 537
347 385 537
249 733 365
733 249 365
501 561 700
561 501 700
219 96 791
96 219 791
447 844 350
844 447 350
935 791 545
791 935 545
264 890 757
890 264 757
544 81 901
81 544 901
702 711 399
711 702 399
885 464 313
464 885 313
776 13 832
13 776 832
180 501 996
501 180 996
282 357 5
357 282 5
970 72 713
72 970 713
361 550 659
550 361 659
969 42 273
42 969 273
302 552 87
552 302 87
86 101 118
101 86 118
696 927 325
927 696 325
212 778 463
778 212 463
722 210 713
210 722 713
463 607 498
607 463 498
431 844 575
844 431 575
151 169 942
169 151 942
315 82 847
82 315 847
313 683 418
683 313 418
389 601 725
601 389 725
818 845 21
845 818 21
575 381 941
381 575 941
370 448 906
448 370 906
432 362 54
362 432 54
941 552 951
552 941 951
821 436 659
436 821 659
586 737 342
737 586 342
227 932 894
932 227 894
442 158 491
158 442 491
651 775 275
775 651 275
872 899 502
899 872 502
551 910 403
910 551 403
467 5 185
5 467 185
225 884 373
884 225 373
155 686 872
686 155 872
657 940 467
940 657 467
73 468 489
468 73 489
387 207 975
207 387 975
418 110 94
110 418 94
273 103 235
103 273 235
892 42 303
42 892 303
146 583 831
583 146 831
111 524 674
524 111 674
960 239 842
239 960 842
745 770 600
770 745 600
617 587 7
587 617 7
29 737 571
737 29 571
798 415 502
415 798 502
806 885 109
885 806 109
508 666 355
666 508 355
973 167 893
167 973 893
118 935 5
935 118 5
263 620 509
620 263 509
963 604 281
604 963 281
252 549 507
549 252 507
378 312 948
312 378 948
367 152 79
152 367 79
335 329 432
329 335 432
253 263 376
263 253 376
439 327 237
327 439 237
317 213 760
213 317 760
924 927 675
927 924 675
944 846 289
846 944 289
444 566 132
566 444 132
948 839 410
839 948 410
401 833 889
833 401 889
563 27 671
27 563 671
857 145 647
145 857 647
421 407 284
407 421 284
428 822 785
822 428 785
959 227 289
227 959 289
123 33 925
33 123 925
333 964 456
964 333 456
177 534 955
534 177 955
288 335 191
335 288 191
410 298 234
298 410 234
137 385 393
385 137 393
502 629 525
629 502 525
611 207 848
207 611 848
805 443 691
443 805 691
521 913 318
913 521 318
665 262 322
262 665 322
688 219 1
219 688 1
113 701 324
701 113 324
518 620 840
620 518 840
576 348 589
348 576 589
56 13 95
13 56 95
318 850 742
850 318 742
437 132 115
132 437 115
223 696 372
696 223 372
28 672 975
672 28 975
68 823 391
823 68 391
764 490 132
490 764 132
156 350 620
350 156 620
276 279 758
279 276 758
684 20 868
20 684 868
0 191 918
191 0 918
897 880 68
880 897 68
790 270 948
270 790 948
308 620 950
620 308 950
635 588 486
588 635 486
8 148 215
148 8 215
571 805 42
805 571 42
916 208 29
208 916 29
871 243 720
243 871 720
541 129 693
129 541 693
715 511 137
511 715 137
906 683 94
683 906 94
352 476 731
476 352 731
154 691 24
691 154 24
205 808 790
808 205 790
201 337 212
337 201 212
888 705 327
705 888 327
291 316 520
316 291 520
801 964 573
964 801 573
173 282 932
282 173 932
774 330 521
330 774 521
729 824 182
824 729 182
749 39 347
39 749 347
200 299 260
299 200 260
639 855 578
855 639 578
836 561 839
561 836 839
355 417 254
417 355 254
582 927 793
927 582 793
699 247 457
247 699 457
17 689 414
689 17 414
781 905 439
905 781 439
383 598 488
598 383 488
832 168 233
168 832 233
780 622 368
622 780 368
851 114 954
114 851 954
240 127 700
127 240 700
139 430 307
430 139 307
952 23 689
23 952 689
214 585 158
585 214 158
613 695 342
695 613 342
281 521 921
521 281 921
862 266 694
266 862 694
332 506 508
506 332 508
338 842 400
842 338 400
100 8 970
8 100 970
662 288 698
288 662 698
978 430 741
430 978 741
618 543 531
543 618 531
838 496 648
496 838 648
967 268 584
268 967 584
386 79 451
79 386 451
69 719 499
719 69 499
649 110 748
110 649 748
179 864 44
864 179 44
66 381 248
381 66 248
446 233 624
233 446 624
221 194 700
194 221 700
108 123 528
123 108 528
449 161 649
161 449 649
289 501 346
501 289 346
525 447 196
447 525 196
160 574 570
574 160 570
920 285 734
285 920 734
486 363 449
363 486 449
739 380 866
380 739 866
504 232 150
232 504 150
236 421 116
421 236 116
849 591 976
591 849 976
441 629 724
629 441 724
670 304 913
304 670 913
395 315 47
315 395 47
21 505 212
505 21 212
106 420 599
420 106 599
698 541 421
541 698 421
678 304 648
304 678 648
11 427 139
427 11 139
677 334 928
334 677 928
590 32 389
32 590 389
724 275 67
275 724 67
119 350 993
350 119 993
961 733 770
733 961 770
25 751 429
751 25 429
819 123 368
123 819 368
373 528 762
528 373 762
43 665 827
665 43 827
293 947 991
947 293 991
71 3 884
3 71 884
741 6 157
6 741 157
675 592 112
592 675 112
841 286 285
286 841 285
292 588 393
588 292 393
754 184 233
184 754 233
883 845 958
845 883 958
144 886 158
886 144 158
471 404 598
404 471 598
875 171 64
171 875 64
817 771 445
771 817 445
477 795 746
795 477 746
91 18 444
18 91 444
968 453 958
453 968 958
229 410 145
410 229 145
98 4 722
4 98 722
727 60 32
60 727 32
440 845 393
845 440 393
204 534 298
534 204 298
605 149 822
149 605 822
309 253 844
253 309 844
966 593 61
593 966 61
555 811 565
811 555 565
38 85 929
85 38 929
934 613 22
613 934 22
493 791 140
791 493 140
671 800 628
800 671 628
812 541 776
541 812 776
150 131 584
131 150 584
235 720 76
720 235 76
267 171 35
171 267 35
526 525 800
525 526 800
256 243 99
243 256 99
547 221 724
221 547 724
251 270 710
270 251 710
767 831 408
831 767 408
218 564 715
564 218 715
874 734 356
734 874 356
195 208 738
208 195 738
391 39 872
39 391 872
280 546 476
546 280 476
376 937 283
937 376 283
728 453 794
453 728 794
972 864 85
864 972 85
903 214 335
214 903 335
358 144 723
144 358 723
455 192 86
192 455 86
834 633 299
633 834 299
138 610 728
610 138 728
354 488 525
488 354 525
825 711 885
711 825 885
679 88 424
88 679 424
793 529 851
529 793 851
589 141 82
141 589 82
965 2 331
2 965 331
284 597 246
597 284 246
716 342 715
342 716 715
494 843 23
843 494 23
19 234 865
234 19 865
498 636 891
636 498 891
538 527 560
527 538 560
531 348 802
348 531 802
435 670 909
670 435 909
787 683 143
683 787 143
198 406 57
406 198 57
939 765 428
765 939 428
260 860 230
860 260 230
290 153 932
153 290 932
974 460 501
460 974 501
536 575 125
575 536 125
507 907 173
907 507 173
752 16 236
16 752 236
685 75 31
75 685 31
176 279 315
279 176 315
122 100 187
100 122 187
134 601 15
601 134 15
652 894 423
894 652 423
128 283 252
283 128 252
971 197 274
197 971 274
346 580 482
580 346 482
914 176 949
176 914 949
65 492 726
492 65 726
799 285 207
285 799 207
296 638 226
638 296 226
349 916 148
916 349 148
174 54 256
54 174 256
104 621 238
621 104 238
956 281 739
281 956 739
573 531 904
531 573 904
336 257 776
257 336 776
465 727 853
727 465 853
919 385 172
385 919 172
105 479 792
479 105 792
827 291 888
291 827 888
677 205 725
205 677 725
378 760 739
760 378 739
450 871 926
871 450 926
849 213 63
213 849 63
506 842 390
842 506 390
955 765 217
765 955 217
795 22 538
22 795 538
409 476 129
476 409 129
677 436 545
436 677 545
879 251 844
251 879 844
235 279 10
279 235 10
317 719 763
719 317 763
484 650 690
650 484 690
772 420 996
420 772 996
535 782 405
782 535 405
592 273 78
273 592 78
812 137 161
137 812 161
730 719 758
719 730 758
513 724 46
724 513 46
410 678 54
678 410 54
464 699 68
699 464 68
282 115 254
115 282 254
650 432 796
432 650 796
256 410 677
410 256 677
381 600 641
600 381 641
98 312 296
312 98 296
365 79 151
79 365 151
802 607 366
607 802 366
90 967 986
967 90 986
646 569 657
569 646 657
544 598 136
598 544 136
962 771 826
771 962 826
798 752 853
752 798 853
11 213 623
213 11 623
769 184 484
184 769 484
303 74 142
74 303 142
112 214 303
214 112 303
122 699 717
699 122 717
138 791 357
791 138 357
698 234 617
234 698 617
510 484 592
484 510 592
822 969 916
969 822 916
569 368 690
368 569 690
851 123 578
123 851 578
486 81 193
81 486 193
580 546 271
546 580 271
366 842 521
842 366 521
451 582 611
582 451 611
683 959 921
959 683 921
529 764 933
764 529 933
932 221 846
221 932 846
623 458 939
458 623 939
461 457 443
457 461 443
303 813 928
813 303 928
957 283 53
283 957 53
871 960 198
960 871 198
632 533 707
533 632 707
468 747 206
747 468 206
406 476 876
476 406 876
222 352 965
352 222 965
394 662 894
662 394 894
546 652 917
652 546 917
641 762 177
762 641 177
728 782 369
782 728 369
655 383 274
383 655 274
549 233 672
233 549 672
459 760 622
760 459 622
793 198 171
198 793 171
69 754 317
754 69 317
862 645 402
645 862 402
332 298 756
298 332 756
908 724 363
724 908 363
170 860 442
860 170 442
0 975 716
975 0 716
568 688 176
688 568 176
633 162 544
162 633 544
691 331 756
331 691 756
637 754 942
754 637 942
951 166 326
166 951 326
863 205 183
205 863 183
803 895 154
895 803 154
87 497 517
497 87 517
929 730 642
730 929 642
128 455 881
455 128 881
620 376 2
376 620 2
359 148 918
148 359 918
46 843 661
843 46 661
623 290 138
290 623 138
913 345 429
345 913 429
63 791 648
791 63 648
793 404 948
404 793 948
978 67 193
67 978 193
227 693 347
693 227 347
524 396 672
396 524 672
317 797 497
797 317 497
927 564 934
564 927 934
753 163 917
163 753 917
161 750 469
750 161 469
200 421 163
421 200 163
547 183 524
183 547 524
457 666 731
666 457 731
737 483 458
483 737 458
316 757 162
757 316 162
483 498 429
498 483 429
521 469 702
469 521 702
658 832 960
832 658 960
437 571 115
571 437 115
210 318 114
318 210 114
449 853 764
853 449 764
103 164 702
164 103 702
111 274 701
274 111 701
611 244 268
244 611 268
772 308 113
308 772 113
489 306 521
306 489 521
662 393 821
393 662 821
434 823 41
823 434 41
483 211 997
211 483 997
28 465 141
465 28 141
38 141 417
141 38 417
795 790 492
790 795 492
966 532 320
532 966 320
901 613 143
613 901 143
345 431 401
431 345 401
136 61 767
61 136 767
472 348 214
348 472 214
420 825 941
825 420 941
195 314 48
314 195 48
114 0 408
0 114 408
24 374 748
374 24 748
151 646 416
646 151 416
737 812 978
812 737 978
179 375 56
375 179 56
367 221 456
221 367 456
968 220 148
220 968 148
475 971 923
971 475 923
325 136 212
136 325 212
3 105 172
105 3 172
386 88 590
88 386 590
246 667 274
667 246 274
423 868 412
868 423 412
447 549 885
549 447 885
77 819 52
819 77 52
479 437 796
437 479 796
287 477 10
477 287 10
596 614 158
614 596 158
318 168 852
168 318 852
410 899 137
899 410 137
122 642 976
642 122 976
97 142 758
142 97 758
281 424 857
424 281 857
327 753 592
753 327 592
401 429 88
429 401 88
574 786 259
786 574 259
650 791 698
791 650 698
171 824 548
824 171 548
283 640 82
640 283 82
396 734 392
734 396 392
68 30 555
30 68 555
33 54 436
54 33 436
942 661 928
661 942 928
382 940 659
940 382 659
785 838 895
838 785 895
464 153 151
153 464 151
229 76 146
76 229 146
591 192 393
192 591 393
910 362 118
362 910 118
453 746 536
746 453 536
36 362 309
362 36 309
351 122 681
122 351 681
292 892 488
892 292 488
452 497 834
497 452 834
654 335 685
335 654 685
280 340 477
340 280 477
881 535 237
535 881 237
68 913 38
913 68 38
418 951 800
951 418 800
438 918 811
918 438 811
881 777 255
777 881 255
323 636 486
636 323 486
42 6 445
6 42 445
521 67 249
67 521 249
517 247 531
247 517 531
899 364 997
364 899 997
84 703 367
703 84 367
158 346 374
346 158 374
190 461 275
461 190 275
414 700 774
700 414 774
825 440 969
440 825 969
49 394 830
394 49 830
623 518 241
518 623 241
784 634 760
634 784 760
418 555 352
555 418 352
501 749 867
749 501 867
662 308 743
308 662 743
462 19 44
19 462 44
410 263 491
263 410 491
894 660 950
660 894 950
492 179 394
179 492 394
969 667 701
667 969 701
968 669 495
669 968 495
756 354 27
354 756 27
818 278 638
278 818 638
600 662 999
662 600 999
99 663 626
663 99 626
847 133 592
133 847 592
925 681 581
681 925 581
113 71 885
71 113 885
242 940 524
940 242 524
52 363 242
363 52 242
14 668 302
668 14 302
397 868 261
868 397 261
936 867 601
867 936 601
71 198 906
198 71 906
369 971 466
971 369 466
933 114 345
114 933 345
41 594 149
594 41 149
826 257 147
257 826 147
739 288 262
288 739 262
523 663 549
663 523 549
315 432 610
432 315 610
642 235 944
235 642 944
286 33 209
33 286 209
180 621 614
621 180 614
491 350 255
350 491 255
370 729 90
729 370 90
884 803 926
803 884 926
304 277 399
277 304 399
691 881 206
881 691 206
80 739 416
739 80 416
133 745 21
745 133 21
230 199 979
199 230 979
166 46 851
46 166 851
478 849 570
849 478 570
533 178 256
178 533 256
569 667 705
667 569 705
856 49 833
49 856 833
426 441 689
441 426 689
367 752 716
752 367 716
471 302 394
302 471 394
359 43 936
43 359 936
642 812 60
812 642 60
977 206 781
206 977 781
958 124 737
124 958 737
666 601 316
601 666 316
930 251 424
251 930 424
698 793 493
793 698 493
907 443 968
443 907 968
778 88 743
88 778 743
178 541 643
541 178 643
152 932 17
932 152 17
11 705 596
705 11 596
55 753 978
753 55 978
29 139 610
139 29 610
353 218 577
218 353 577
81 514 42
514 81 42
916 709 843
709 916 843
536 960 319
960 536 319
152 240 602
240 152 602
754 363 726
363 754 726
937 56 913
56 937 913
923 971 949
971 923 949
19 708 543
708 19 543
293 727 202
727 293 202
182 231 162
231 182 162
903 863 604
863 903 604
573 820 140
820 573 140
619 817 233
817 619 233
592 62 807
62 592 807
324 327 752
327 324 752
149 371 209
371 149 209
855 896 919
896 855 919
486 268 416
268 486 416
336 520 203
520 336 203
754 3 17
3 754 17
802 275 674
275 802 674
33 147 129
147 33 129
428 851 759
851 428 759
371 279 919
279 371 919
225 212 632
212 225 632
106 776 887
776 106 887
738 715 613
715 738 613
973 443 4
443 973 4
235 445 843
445 235 843
786 252 591
252 786 591
630 943 428
943 630 428
325 327 496
327 325 496
900 416 515
416 900 515
654 104 225
104 654 225
539 848 467
848 539 467
527 453 902
453 527 902
425 433 963
433 425 963
653 193 751
193 653 751
858 630 724
630 858 724
954 274 358
274 954 358
578 300 361
300 578 361
900 3 992
3 900 992
117 854 292
854 117 292
689 135 67
135 689 67
627 552 116
552 627 116
919 595 930
595 919 930
390 709 529
709 390 529
106 524 732
524 106 732
754 589 937
589 754 937
450 940 432
940 450 432
516 526 751
526 516 751
867 109 779
109 867 779
715 270 756
270 715 756
468 5 451
5 468 451
185 890 524
890 185 524
16 534 853
534 16 853
373 266 753
266 373 753
657 951 562
951 657 562
121 56 726
56 121 726
821 593 582
593 821 582
496 95 35
95 496 35
921 58 454
58 921 454
742 410 589
410 742 589
880 304 479
304 880 479
751 363 89
363 751 89
473 393 411
393 473 411
717 932 689
932 717 689
713 444 669
444 713 669
842 94 206
94 842 206
262 397 97
397 262 97
79 898 416
898 79 416
287 555 848
555 287 848
930 241 538
241 930 538
587 854 503
854 587 503
152 199 946
199 152 946
119 274 525
274 119 525
619 46 199
46 619 199
523 319 532
319 523 532
596 808 441
808 596 441
869 384 885
384 869 885
511 138 268
138 511 268
726 173 482
173 726 482
690 584 617
584 690 617
916 740 359
740 916 359
535 113 807
113 535 807
102 463 659
463 102 659
192 20 451
20 192 451
343 609 698
609 343 698
241 662 7
662 241 7
445 456 464
456 445 464
701 152 618
152 701 618
772 446 664
446 772 664
603 135 336
135 603 336
118 225 959
225 118 959
453 256 731
256 453 731
646 91 686
91 646 686
12 124 127
124 12 127
978 803 379
803 978 379
566 255 669
255 566 669
12 831 881
831 12 881
896 485 943
485 896 943
229 172 877
172 229 877
747 171 289
171 747 289
940 683 864
683 940 864
594 676 756
676 594 756
830 706 118
706 830 118
169 826 327
826 169 327
501 418 77
418 501 77
583 391 830
391 583 830
160 199 205
199 160 205
231 720 714
720 231 714
388 957 743
957 388 743
118 898 404
898 118 404
196 445 451
445 196 451
636 667 644
667 636 644
782 413 539
413 782 539
430 386 616
386 430 616
578 643 159
643 578 159
873 887 897
887 873 897
714 52 271
52 714 271
252 868 119
868 252 119
971 372 142
372 971 142
847 793 869
793 847 869
867 922 959
922 867 959
480 289 39
289 480 39
789 948 481
948 789 481
714 345 698
345 714 698
90 712 948
712 90 948
1 515 506
515 1 506
261 191 43
191 261 43
347 25 727
25 347 727
501 200 603
200 501 603
436 519 841
519 436 841
503 973 599
973 503 599
632 431 575
431 632 575
352 890 166
890 352 166
933 328 124
328 933 124
976 332 595
332 976 595
349 146 798
146 349 798
609 206 977
206 609 977
803 788 955
788 803 955
242 257 13
257 242 13
820 445 723
445 820 723
869 630 785
630 869 785
883 940 884
940 883 884
193 413 868
413 193 868
502 781 840
781 502 840
866 808 181
808 866 181
746 51 286
51 746 286
709 163 637
163 709 637
840 579 798
579 840 798
592 572 429
572 592 429
416 575 76
575 416 76
168 618 462
618 168 462
585 243 340
243 585 340
120 193 417
193 120 417
266 376 22
376 266 22
597 865 247
865 597 247
241 28 91
28 241 91
866 155 147
155 866 147
60 144 535
144 60 535
756 829 327
829 756 327
875 101 783
101 875 783
928 731 592
731 928 592
942 39 132
39 942 132
432 791 732
791 432 732
703 95 546
95 703 546
765 538 205
538 765 205
368 709 455
709 368 455
653 489 276
489 653 276
456 774 662
774 456 662
499 195 793
195 499 793
723 640 376
640 723 376
327 26 26
26 327 26
758 334 458
334 758 458
125 23 795
23 125 795
576 628 522
628 576 522
255 56 434
56 255 434
840 708 863
708 840 863
659 335 529
335 659 529
109 462 857
462 109 857
777 10 109
10 777 109
289 795 724
795 289 724
632 20 496
20 632 496
98 763 271
763 98 271
811 175 135
175 811 135
564 736 274
736 564 274
956 471 176
471 956 176
970 211 212
211 970 212
184 516 725
516 184 725
389 25 833
25 389 833
567 895 31
895 567 31
148 63 330
63 148 330
255 225 942
225 255 942
377 753 420
753 377 420
276 290 130
290 276 130
511 237 255
237 511 255
491 410 738
410 491 738
138 701 452
701 138 452
663 264 857
264 663 857
80 245 869
245 80 869
148 485 373
485 148 373
210 51 89
51 210 89
889 774 463
774 889 463
187 353 15
353 187 15
104 749 537
749 104 537
119 722 395
722 119 395
784 33 243
33 784 243
694 193 738
193 694 738
353 316 58
316 353 58
630 160 303
160 630 303
869 209 308
209 869 308
738 283 127
283 738 127
889 427 694
427 889 694
129 864 992
864 129 992
940 394 95
394 940 95
184 857 345
857 184 345
829 849 203
849 829 203
719 907 902
907 719 902
539 748 472
748 539 472
516 517 175
517 516 175
122 26 409
26 122 409
211 476 4
476 211 4
72 744 742
744 72 742
786 893 557
893 786 557
642 569 796
569 642 796
303 934 94
934 303 94
775 454 631
454 775 631
783 252 62
252 783 62
261 494 856
494 261 856
42 219 168
219 42 168
692 356 169
356 692 169
519 592 925
592 519 925
967 970 171
970 967 171
74 315 851
315 74 851
228 532 574
532 228 574
898 459 983
459 898 983
141 274 317
274 141 317
495 584 786
584 495 786
668 637 262
637 668 262
73 951 235
951 73 235
2 910 608
910 2 608
258 374 857
374 258 857
6 779 435
779 6 435
690 836 8
836 690 8
562 316 993
316 562 993
296 415 239
415 296 239
622 243 525
243 622 525
426 735 643
735 426 643
698 502 755
502 698 755
321 98 762
98 321 762
551 391 259
391 551 259
534 691 794
691 534 794
478 853 900
853 478 900
188 767 473
767 188 473
424 334 23
334 424 23
574 949 636
949 574 636
916 971 719
971 916 719
530 630 253
630 530 253
760 775 470
775 760 470
111 683 838
683 111 838
218 520 202
520 218 202
240 140 974
140 240 974
212 415 339
415 212 339
54 250 33
250 54 33
602 560 913
560 602 913
321 906 976
906 321 976
91 466 376
466 91 376
487 20 580
20 487 580
751 746 502
746 751 502
187 705 89
705 187 89
467 942 710
942 467 710
757 128 567
128 757 567
737 947 285
947 737 285
786 855 438
855 786 438
962 454 488
454 962 488
872 335 350
335 872 350
263 825 2
825 263 2
20 58 302
58 20 302
69 611 887
611 69 887
555 518 821
518 555 821
599 50 720
50 599 720
366 463 290
463 366 290
915 804 88
804 915 88
711 337 658
337 711 658
420 668 800
668 420 800
910 969 779
969 910 779
690 576 237
576 690 237
117 171 995
171 117 995
822 34 0
34 822 0
339 912 650
912 339 650
783 342 496
342 783 496
687 344 690
344 687 690
100 580 939
580 100 939
384 227 941
227 384 941
235 665 854
665 235 854
730 657 615
657 730 615
686 246 560
246 686 560
725 950 428
950 725 428
952 354 599
354 952 599
161 56 174
56 161 174
711 70 434
70 711 434
734 466 317
466 734 317
203 249 232
249 203 232
791 433 385
433 791 385
247 945 346
945 247 346
591 543 841
543 591 841
671 736 898
736 671 898
468 28 101
28 468 101
270 346 618
346 270 618
843 27 664
27 843 664
480 101 669
101 480 669
191 834 940
834 191 940
976 768 691
768 976 691
580 480 296
480 580 296
769 74 318
74 769 318
529 70 163
70 529 163
771 372 917
372 771 917
526 72 676
72 526 676
18 735 834
735 18 834
29 117 751
117 29 751
291 921 309
921 291 309
363 94 600
94 363 600
613 10 339
10 613 339
288 565 69
565 288 69
78 805 666
805 78 666
941 838 300
838 941 300
443 260 955
260 443 955
278 594 316
594 278 316
930 787 210
787 930 210
631 477 69
477 631 69
388 84 43
84 388 43
154 531 93
531 154 93
14 777 301
777 14 301
32 626 1
626 32 1
94 945 44
945 94 44
591 875 608
875 591 608
675 320 481
320 675 481
653 279 599
279 653 599
647 514 970
514 647 970
367 475 138
475 367 138
205 775 78
775 205 78
370 664 622
664 370 622
68 194 118
194 68 118
488 281 102
281 488 102
507 856 443
856 507 443
178 642 484
642 178 484
872 961 456
961 872 456
569 892 909
892 569 909
107 673 104
673 107 104
524 11 381
11 524 381
960 395 432
395 960 432
464 619 82
619 464 82
404 932 981
932 404 981
192 960 900
960 192 900
870 53 96
53 870 96
111 715 387
715 111 387
526 369 541
369 526 541
825 424 575
424 825 575
696 748 559
748 696 559
135 903 314
903 135 314
936 207 710
207 936 710
152 509 619
509 152 619
737 395 796
395 737 796
794 806 290
806 794 290
971 331 517
331 971 517
145 760 8
760 145 8
394 445 263
445 394 263
252 385 709
385 252 709
513 865 924
865 513 924
770 853 118
853 770 118
838 578 752
578 838 752
238 607 128
607 238 128
772 516 836
516 772 836
647 144 41
144 647 41
877 589 672
589 877 672
802 832 764
832 802 764
424 213 647
213 424 647
709 569 812
569 709 812
419 327 647
327 419 647
131 814 194
814 131 194
489 975 632
975 489 632
99 885 248
885 99 248
331 801 408
801 331 408
113 476 980
476 113 980
858 223 950
223 858 950
765 7 365
7 765 365
843 234 339
234 843 339
743 310 34
310 743 34
123 316 549
316 123 549
163 156 818
156 163 818
206 284 268
284 206 268
707 253 274
253 707 274
73 755 342
755 73 342
653 299 7
299 653 7
437 147 273
147 437 273
620 95 999
95 620 999
974 214 881
214 974 881
156 575 183
575 156 183
598 725 948
725 598 948
956 332 536
332 956 536
37 946 175
946 37 175
736 213 892
213 736 892
165 655 607
655 165 607
661 929 292
929 661 292
780 970 694
970 780 694
557 592 5
592 557 5
347 801 621
801 347 621
844 744 176
744 844 176
493 737 239
737 493 239
295 930 838
930 295 838
20 825 989
825 20 989
843 334 556
334 843 556
857 724 912
724 857 912
408 417 896
417 408 896
375 660 460
660 375 460
411 67 984
67 411 984
977 862 354
862 977 354
794 18 789
18 794 789
715 837 428
837 715 428
759 853 491
853 759 491
292 218 233
218 292 233
657 385 751
385 657 751
819 639 922
639 819 922
944 418 910
418 944 910
23 874 942
874 23 942
795 611 614
611 795 614
211 607 889
607 211 889
290 430 629
430 290 629
944 419 423
419 944 423
123 135 165
135 123 165
687 976 439
976 687 439
668 692 847
692 668 847
973 225 658
225 973 658
944 89 258
89 944 258
429 722 955
722 429 955
844 903 582
903 844 582
265 303 932
303 265 932
944 641 101
641 944 101
687 928 180
928 687 180
500 222 534
222 500 534
195 910 431
910 195 431
814 900 745
900 814 745
388 40 475
40 388 475
839 928 619
928 839 619
133 632 258
632 133 258
657 614 384
614 657 384
483 366 23
366 483 23
298 176 661
176 298 661
366 349 514
349 366 514
697 248 278
248 697 278
745 95 779
95 745 779
13 657 37
657 13 37
911 412 568
412 911 568
345 573 817
573 345 817
182 821 830
821 182 830
82 733 695
733 82 695
17 266 971
266 17 971
22 643 562
643 22 562
701 479 455
479 701 455
110 335 750
335 110 750
151 767 486
767 151 486
572 641 825
641 572 825
116 421 25
421 116 25
143 306 215
306 143 215
616 681 68
681 616 68
382 473 169
473 382 169
916 537 464
537 916 464
242 937 956
937 242 956
736 396 866
396 736 866
74 961 711
961 74 711
413 558 801
558 413 801
105 504 258
504 105 258
602 461 726
461 602 726
311 73 819
73 311 819
905 223 45
223 905 45
92 19 522
19 92 522
845 310 832
310 845 832
181 788 917
788 181 917
828 353 314
353 828 314
235 305 516
305 235 516
451 327 65
327 451 65
507 422 199
