12 27 41
27 12 41
8 12 414
12 8 414
28 12 991
12 28 991
17 8 597
8 17 597
6 17 142
17 6 142
11 12 773
12 11 773
3 17 818
17 3 818
13 8 317
8 13 317
4 12 920
12 4 920
18 3 573
3 18 573
5 6 444
6 5 444
20 4 655
4 20 655
14 13 488
13 14 488
26 14 533
14 26 533
9 27 824
27 9 824
21 27 95
27 21 95
25 20 727
20 25 727
24 27 626
27 24 626
19 18 249
18 19 249
15 8 195
8 15 195
7 3 822
3 7 822
2 25 458
25 2 458
0 8 327
8 0 327
23 9 111
9 23 111
16 25 298
25 16 298
1 25 340
25 1 340
29 11 986
11 29 986
22 26 93
26 22 93
10 18 589
18 10 589
3 4 188
4 3 188
11 1 191
1 11 191
12 19 672
19 12 672
13 9 70
9 13 70
8 7 775
7 8 775
17 22 153
22 17 153
10 12 862
12 10 862
8 22 716
22 8 716
10 1 553
1 10 553
7 20 857
20 7 857
2 21 282
21 2 282
21 16 241
16 21 241
29 22 695
22 29 695
24 1 972
1 24 972
14 24 281
24 14 281
26 9 676
9 26 676
15 2 938
2 15 938
16 5 84
5 16 84
18 28 498
28 18 498
24 15 343
15 24 343
29 3 16
3 29 16
0 13 119
13 0 119
2 3 380
3 2 380
16 6 340
6 16 340
14 1 63
1 14 63
28 16 149
16 28 149
29 2 224
2 29 224
12 1 587
1 12 587
15 10 958
10 15 958
25 19 696
19 25 696
8 27 127
27 8 127
15 11 620
11 15 620
1 28 400
28 1 400
8 5 853
5 8 853
28 19 22
19 28 22
11 6 735
6 11 735
28 9 215
9 28 215
0 16 62
16 0 62
10 7 23
7 10 23
25 14 635
14 25 635
28 13 71
13 28 71
3 8 662
8 3 662
4 5 446
5 4 446
6 12 515
12 6 515
26 12 610
12 26 610
28 2 400
2 28 400
11 13 367
13 11 367
22 0 481
0 22 481
1 22 940
22 1 940
24 6 714
6 24 714
7 11 989
11 7 989
23 12 807
12 23 807
7 6 865
6 7 865
6 18 542
18 6 542
13 19 943
19 13 943
26 7 179
7 26 179
27 7 419
7 27 419
22 24 895
24 22 895
21 10 318
10 21 318
15 5 397
5 15 397
1 7 256
7 1 256
17 25 707
25 17 707
27 26 759
26 27 759
8 18 756
18 8 756
12 25 287
25 12 287
17 23 976
23 17 976
9 5 624
5 9 624
4 7 367
7 4 367
24 29 635
29 24 635
17 2 317
2 17 317
20 0 424
0 20 424
1 15 82
15 1 82
27 19 196
19 27 196
2 18 163
18 2 163
3 15 458
15 3 458
20 2 896
2 20 896
7 24 895
24 7 895
14 12 411
12 14 411
29 14 790
14 29 790
7 2 47
2 7 47
6 26 65
26 6 65
13 2 161
2 13 161
26 21 906
21 26 906
9 10 574
10 9 574
19 23 0
23 19 0
22 12 506
12 22 506
18 4 857
4 18 857
26 16 842
16 26 842
22 16 425
16 22 425
11 25 986
25 11 986
15 0 133
0 15 133
27 20 972
20 27 972
7 14 323
14 7 323
27 11 14
11 27 14
2 23 2
23 2 2
1 21 626
21 1 626
28 11 121
11 28 121
19 15 203
15 19 203
29 4 286
4 29 286
2 6 102
6 2 102
9 29 944
29 9 944
20 15 83
15 20 83
27 13 935
13 27 935
26 28 882
28 26 882
13 17 669
17 13 669
21 15 660
15 21 660
5 28 892
28 5 892
17 29 19
29 17 19
12 7 265
7 12 265
25 18 969
18 25 969
5 24 931
24 5 931
29 12 866
12 29 866
0 2 622
2 0 622
15 9 729
9 15 729
15 22 469
22 15 469
15 14 381
14 15 381
29 25 182
25 29 182
11 20 601
20 11 601
4 27 141
27 4 141
17 18 345
18 17 345
16 2 95
2 16 95
18 23 635
23 18 635
12 13 167
13 12 167
17 24 296
24 17 296
5 20 561
20 5 561
17 4 117
4 17 117
9 0 245
0 9 245
10 4 183
4 10 183
29 21 746
21 29 746
8 4 412
4 8 412
1 18 306
18 1 306
14 28 101
28 14 101
25 10 492
10 25 492
9 18 861
18 9 861
16 18 127
18 16 127
9 2 509
2 9 509
14 4 343
4 14 343
0 7 915
7 0 915
17 10 170
10 17 170
15 16 997
16 15 997
15 12 394
12 15 394
27 28 403
28 27 403
25 21 296
21 25 296
26 10 500
10 26 500
16 24 731
24 16 731
7 5 225
5 7 225
13 24 795
24 13 795
6 14 196
14 6 196
5 1 884
1 5 884
29 27 924
27 29 924
21 23 693
23 21 693
11 9 407
9 11 407
13 15 43
15 13 43
16 11 638
11 16 638
17 28 202
28 17 202
26 20 370
20 26 370
25 28 610
28 25 610
9 17 577
17 9 577
20 14 898
14 20 898
21 9 695
9 21 695
10 22 330
22 10 330
1 9 510
9 1 510
15 7 895
7 15 895
11 19 953
19 11 953
3 27 348
27 3 348
2 22 325
22 2 325
1 17 895
17 1 895
13 16 159
16 13 159
1 20 596
20 1 596
4 2 723
2 4 723
16 9 67
9 16 67
16 8 528
8 16 528
29 10 40
10 29 40
8 23 864
23 8 864
26 18 882
18 26 882
6 29 671
29 6 671
26 5 517
5 26 517
20 22 542
22 20 542
21 12 587
12 21 587
8 21 776
21 8 776
19 8 764
8 19 764
14 22 772
22 14 772
11 4 548
4 11 548
22 19 427
19 22 427
1 29 810
29 1 810
20 19 600
19 20 600
3 16 20
16 3 20
7 22 0
22 7 0
0 6 309
6 0 309
21 24 260
24 21 260
18 29 268
29 18 268
1 4 791
4 1 791
14 16 392
16 14 392
12 17 244
17 12 244
4 0 849
0 4 849
18 12 964
12 18 964
12 9 427
9 12 427
17 19 734
19 17 734
8 2 155
2 8 155
16 12 626
12 16 626
26 23 155
23 26 155
27 17 645
17 27 645
18 15 354
15 18 354
11 23 796
23 11 796
9 22 61
22 9 61
19 2 478
2 19 478
19 10 345
10 19 345
15 28 992
28 15 992
7 19 303
19 7 303
16 29 130
29 16 130
10 20 818
20 10 818
4 16 124
16 4 124
21 11 39
11 21 39
16 20 455
20 16 455
5 23 195
23 5 195
26 15 77
15 26 77
12 24 585
24 12 585
22 11 235
11 22 235
8 1 905
1 8 905
22 23 514
23 22 514
2 14 519
14 2 519
4 28 149
28 4 149
14 10 86
10 14 86
10 28 425
28 10 425
8 28 425
28 8 425
23 0 977
0 23 977
27 16 457
16 27 457
14 27 508
27 14 508
10 0 258
0 10 258
8 6 10
6 8 10
1 3 838
3 1 838
5 19 914
19 5 914
17 11 3
11 17 3
11 0 960
0 11 960
22 28 765
28 22 765
27 5 706
5 27 706
27 10 619
10 27 619
3 6 464
6 3 464
28 6 607
6 28 607
8 25 594
25 8 594
4 6 385
6 4 385
22 3 323
3 22 323
21 3 242
3 21 242
23 6 298
6 23 298
5 14 679
14 5 679
12 20 79
20 12 79
2 10 145
10 2 145
24 4 652
4 24 652
5 3 455
3 5 455
15 27 427
27 15 427
0 18 451
18 0 451
11 5 300
5 11 300
9 8 973
8 9 973
6 13 114
13 6 114
25 26 950
26 25 950
20 6 786
6 20 786
14 3 982
3 14 982
26 17 363
17 26 363
26 8 494
8 26 494
23 4 1
4 23 1
1 2 459
2 1 459
19 26 7
26 19 7
11 14 723
14 11 723
23 7 509
7 23 509
23 3 556
3 23 556
23 20 286
20 23 286
15 4 892
4 15 892
23 10 200
10 23 200
19 16 268
16 19 268
4 25 348
25 4 348
28 21 880
21 28 880
3 10 780
10 3 780
6 21 137
21 6 137
24 11 544
11 24 544
28 20 759
20 28 759
23 16 285
16 23 285
4 26 380
26 4 380
24 28 713
28 24 713
28 7 306
7 28 306
5 0 425
0 5 425
11 2 513
2 11 513
18 22 636
22 18 636
11 8 703
8 11 703
29 8 702
8 29 702
0 27 369
27 0 369
12 2 299
2 12 299
0 3 144
3 0 144
23 24 294
24 23 294
11 26 733
26 11 733
18 20 172
20 18 172
18 14 663
14 18 663
22 21 323
21 22 323
17 5 808
5 17 808
20 9 398
9 20 398
0 26 962
26 0 962
11 3 648
3 11 648
8 14 469
14 8 469
12 0 956
0 12 956
14 9 260
9 14 260
2 5 3
5 2 3
4 19 406
19 4 406
25 3 464
3 25 464
11 18 622
18 11 622
28 29 537
29 28 537
5 13 688
13 5 688
0 21 880
21 0 880
20 13 493
13 20 493
5 29 729
29 5 729
3 12 313
12 3 313
10 8 9
8 10 9
26 3 101
3 26 101
1 23 157
23 1 157
14 19 78
19 14 78
1 6 255
6 1 255
9 3 131
3 9 131
1 13 956
13 1 956
5 18 445
18 5 445
28 23 452
23 28 452
21 19 473
19 21 473
25 15 267
15 25 267
13 3 16
3 13 16
28 0 424
0 28 424
3 28 393
28 3 393
15 6 140
6 15 140
16 17 897
17 16 897
20 17 999
17 20 999
6 10 793
10 6 793
9 24 785
24 9 785
2 24 135
24 2 135
15 29 80
29 15 80
13 18 804
18 13 804
4 13 352
13 4 352
7 25 59
25 7 59
0 17 361
17 0 361
27 18 68
18 27 68
1 26 445
26 1 445
17 15 336
15 17 336
0 14 391
14 0 391
27 22 270
22 27 270
25 0 703
0 25 703
2 26 777
26 2 777
16 1 700
1 16 700
25 6 735
6 25 735
8 20 27
20 8 27
15 23 414
23 15 414
18 21 922
21 18 922
4 9 1000
9 4 1000
12 5 507
5 12 507
7 29 921
29 7 921
17 14 174
14 17 174
27 1 678
1 27 678
23 13 765
13 23 765
19 1 178
1 19 178
21 7 654
7 21 654
6 19 393
19 6 393
23 14 272
14 23 272
4 21 567
21 4 567
18 7 718
7 18 718
10 16 576
16 10 576
20 3 921
3 20 921
27 6 696
6 27 696
11 10 430
10 11 430
8 24 458
24 8 458
3 19 335
19 3 335
23 29 313
29 23 313
21 17 914
17 21 914
5 21 370
21 5 370
1 0 128
0 1 128
27 2 318
2 27 318
16 7 317
7 16 317
24 26 422
26 24 422
6 22 13
22 6 13
7 17 395
17 7 395
24 10 597
10 24 597
27 23 947
23 27 947
5 22 446
22 5 446
3 24 70
24 3 70
23 25 441
25 23 441
6 9 365
9 6 365
22 4 733
4 22 733
5 10 902
10 5 902
21 13 705
13 21 705
0 19 172
19 0 172
20 24 713
24 20 713
13 7 498
7 13 498
13 10 397
10 13 397
7 9 731
9 7 731
24 0 334
0 24 334
19 24 999
24 19 999
29 26 254
26 29 254
5 25 414
25 5 414
0 29 608
29 0 608
24 18 569
18 24 569
25 22 376
22 25 376
9 19 775
19 9 775
27 25 554
25 27 554
9 25 856
25 9 856
20 21 397
21 20 397
21 14 308
14 21 308
26 13 469
13 26 469
20 29 232
29 20 232
13 22 661
22 13 661
24 25 601
25 24 601
29 19 345
19 29 345
29 13 810
13 29 810
13 25 62
25 13 62