216 197 265
197 216 265
263 216 414
216 263 414
155 216 366
216 155 366
302 216 516
216 302 516
71 263 143
263 71 143
48 302 818
302 48 818
130 302 722
302 130 722
316 263 317
263 316 317
51 216 920
216 51 920
360 71 483
71 360 483
294 216 362
216 294 362
229 71 625
71 229 625
339 155 989
155 339 989
291 130 453
130 291 453
275 302 63
302 275 63
290 197 95
197 290 95
210 197 626
197 210 626
261 360 249
360 261 249
171 263 195
263 171 195
307 130 244
130 307 244
75 210 458
210 75 458
46 263 327
263 46 327
274 275 111
275 274 111
161 210 298
210 161 298
66 210 340
210 66 340
297 48 986
48 297 986
333 210 601
210 333 601
154 291 93
291 154 93
331 66 394
66 331 394
173 261 247
261 173 247
157 71 193
71 157 193
101 263 627
263 101 627
369 290 487
290 369 487
35 71 695
71 35 695
72 51 945
51 72 945
19 71 919
71 19 919
306 66 857
66 306 857
296 210 534
210 296 534
131 339 916
339 131 916
338 297 593
297 338 593
152 154 504
154 152 504
370 46 84
46 370 84
185 131 118
131 185 118
277 306 645
306 277 645
191 229 248
229 191 248
8 210 119
210 8 119
123 274 813
274 123 813
97 75 436
75 97 436
33 48 801
48 33 801
85 277 224
277 85 224
25 19 649
19 25 649
318 296 696
296 318 696
42 216 127
216 42 127
379 229 620
229 379 620
345 130 400
130 345 400
55 274 853
274 55 853
70 263 620
263 70 620
12 229 984
229 12 984
113 191 126
191 113 126
286 339 744
339 286 744
37 113 695
113 37 695
13 35 435
35 13 435
64 42 266
42 64 266
44 154 73
154 44 73
189 277 446
277 189 446
116 130 515
130 116 515
287 71 610
71 287 610
67 85 204
85 67 204
167 191 926
191 167 926
293 75 714
75 293 714
133 130 807
130 133 807
105 307 350
307 105 350
337 101 120
101 337 120
378 55 681
55 378 681
115 216 482
216 115 482
256 105 895
105 256 895
326 131 664
131 326 664
228 33 857
33 228 857
165 171 574
171 165 574
6 12 759
12 6 759
54 370 756
370 54 756
29 167 287
167 29 287
94 173 780
173 94 780
317 191 624
191 317 624
195 191 604
191 195 604
92 131 397
131 92 397
270 94 82
94 270 82
0 256 196
256 0 196
225 307 245
307 225 245
153 54 458
54 153 458
251 153 896
153 251 896
278 302 411
302 278 411
281 317 726
317 281 726
31 75 456
75 31 456
47 369 718
369 47 718
114 70 540
70 114 540
340 133 618
133 340 618
1 302 506
302 1 506
226 131 857
131 226 857
327 48 828
48 327 828
285 161 561
161 285 561
63 278 133
278 63 133
11 25 972
25 11 972
295 338 3
338 295 3
158 216 734
216 158 734
3 158 691
158 3 691
375 228 100
228 375 100
142 275 622
275 142 622
147 296 286
296 147 286
138 229 487
229 138 487
283 6 83
6 283 83
20 72 935
72 20 935
332 63 811
63 332 811
93 138 262
138 93 262
107 94 533
94 107 533
250 291 892
291 250 892
124 72 871
72 124 871
17 71 41
71 17 41
166 270 265
270 166 265
237 8 960
8 237 960
38 142 767
142 38 767
372 251 659
251 372 659
350 54 445
54 350 445
276 283 550
283 276 550
79 297 384
297 79 384
224 306 9
306 224 9
61 171 277
171 61 277
139 92 808
92 139 808
151 274 346
274 151 346
308 51 42
51 308 42
117 152 153
152 117 153
232 378 369
378 232 369
170 369 300
369 170 300
53 372 748
372 53 748
104 229 315
229 104 315
82 170 746
170 82 746
32 326 412
326 32 412
342 317 306
317 342 306
182 333 101
333 182 101
233 350 485
350 233 485
148 270 127
270 148 127
205 331 716
331 205 716
212 147 38
147 212 38
135 195 752
195 135 752
284 131 941
131 284 941
80 135 384
135 80 384
344 46 67
46 344 67
346 75 202
75 346 202
319 55 62
55 319 62
177 263 100
263 177 100
180 205 531
205 180 531
132 93 942
93 132 942
217 319 731
319 217 731
298 345 433
345 298 433
40 31 225
31 40 225
121 319 795
319 121 795
83 138 196
138 83 196
174 331 65
331 174 65
363 130 924
130 363 924
239 107 770
107 239 770
305 25 121
25 305 121
227 285 262
285 227 262
100 360 970
360 100 970
361 345 638
345 361 638
74 297 202
297 74 202
214 114 370
114 214 370
249 296 107
296 249 107
268 276 151
276 268 151
258 11 653
11 258 653
321 142 898
142 321 898
243 224 695
224 243 695
160 61 510
61 160 510
303 243 895
243 303 895
99 342 624
342 99 624
110 263 348
263 110 348
343 54 837
54 343 837
164 51 537
51 164 537
76 189 617
189 76 617
377 131 862
131 377 862
194 319 301
319 194 301
354 194 826
194 354 826
234 290 819
290 234 819
41 232 889
232 41 889
21 290 230
290 21 230
69 360 307
360 69 307
7 93 338
93 7 338
90 296 889
296 90 889
334 124 991
124 334 991
200 151 391
151 200 391
266 139 34
139 266 34
299 274 694
274 299 694
262 217 78
217 262 78
221 318 296
318 221 296
273 217 427
217 273 427
248 226 622
226 248 622
314 113 871
113 314 871
14 268 906
268 14 906
2 200 186
200 2 186
175 151 583
151 175 583
144 195 67
195 144 67
264 287 965
287 264 965
178 14 417
14 178 417
211 1 63
1 211 63
96 361 957
361 96 957
78 37 293
37 78 293
196 291 964
291 196 964
24 350 427
350 24 427
89 79 911
79 89 911
352 41 83
41 352 83
98 24 361
24 98 361
241 51 626
51 241 626
269 1 469
1 269 469
30 66 482
66 30 482
103 71 33
71 103 33
358 174 135
174 358 135
373 29 107
29 373 107
329 214 354
214 329 354
127 1 802
1 127 802
301 154 902
154 301 902
43 121 717
121 43 717
282 83 647
83 282 647
208 214 127
214 208 127
190 264 869
264 190 869
87 226 818
226 87 818
193 266 893
266 193 893
86 232 881
232 86 881
134 51 800
51 134 800
252 332 380
332 252 380
136 250 365
250 136 365
56 294 923
294 56 923
27 276 261
276 27 261
18 170 682
170 18 682
374 80 896
80 374 896
162 12 95
12 162 95
347 76 536
76 347 536
288 151 312
151 288 312
91 306 436
306 91 436
300 288 86
288 300 86
81 3 64
3 81 64
77 3 792
3 77 792
126 90 977
90 126 977
23 178 457
178 23 457
315 110 427
110 315 427
26 61 941
61 26 941
240 21 258
21 240 258
65 153 72
153 65 72
118 251 708
251 118 708
28 0 356
0 28 356
159 263 850
263 159 850
199 352 374
352 199 374
62 132 914
132 62 914
140 42 3
42 140 3
109 268 689
268 109 689
292 77 922
77 292 922
58 299 7
299 58 7
146 334 706
334 146 706
10 166 879
166 10 879
84 47 464
47 84 464
59 26 352
26 59 352
310 232 133
232 310 133
15 3 370
3 15 370
181 23 983
23 181 983
168 180 959
180 168 959
367 249 188
249 367 188
257 152 105
152 257 105
244 83 160
83 244 160
201 115 968
115 201 968
88 93 323
93 88 323
242 276 242
276 242 242
349 31 298
31 349 298
202 103 679
103 202 679
34 287 615
287 34 615
9 264 79
264 9 79
335 306 135
306 335 135
219 217 563
217 219 563
220 105 605
105 220 605
223 132 652
132 223 652
203 185 254
185 203 254
236 200 652
200 236 652
271 331 385
331 271 385
222 302 427
302 222 427
365 361 451
361 365 451
137 266 300
266 137 300
255 8 973
8 255 973
125 345 283
345 125 283
95 125 620
125 95 620
364 228 814
228 364 814
368 252 950
252 368 950
235 31 786
31 235 786
246 282 178
282 246 178
169 18 348
18 169 348
312 105 363
105 312 363
272 277 494
277 272 494
145 177 1
177 145 1
267 288 7
288 267 7
150 132 117
132 150 117
366 298 558
298 366 558
357 165 434
165 357 434
309 123 694
123 309 694
322 17 556
17 322 556
253 212 647
212 253 647
16 37 276
37 16 276
45 197 262
197 45 262
259 242 911
242 259 911
376 178 455
178 376 455
106 151 362
151 106 362
204 327 609
327 204 609
68 261 72
261 68 72
192 121 546
121 192 546
245 286 542
286 245 542
187 94 69
94 187 69
323 346 289
346 323 289
371 67 587
67 371 587
176 34 107
34 176 107
324 203 413
203 324 413
213 319 452
319 213 452
156 246 643
246 156 643
57 6 126
6 57 126
289 37 390
37 289 390
183 16 479
16 183 479
60 95 684
95 60 684
143 354 647
354 143 647
215 269 223
269 215 223
218 199 711
199 218 711
238 227 504
227 238 504
320 173 454
173 320 454
149 337 763
337 149 763
247 297 908
297 247 908
325 138 26
138 325 26
184 126 400
126 184 400
4 242 68
242 4 68
353 152 702
152 353 702
351 178 6
178 351 6
198 75 118
75 198 118
341 216 276
216 341 276
355 319 744
319 355 744
122 105 769
105 122 769
330 344 195
344 330 195
52 208 471
208 52 471
206 314 172
314 206 172
207 358 663
358 207 663
279 115 458
115 279 458
111 88 323
88 111 323
108 3 932
3 108 932
128 134 357
134 128 357
280 127 826
127 280 826
359 175 747
175 359 747
172 327 449
327 172 449
362 295 600
295 362 600
265 66 927
66 265 927
141 210 239
210 141 239
260 185 891
185 260 891
50 7 58
7 50 58
336 320 693
320 336 693
73 166 625
166 73 625
129 371 88
371 129 88
356 181 769
181 356 769
163 194 421
194 163 421
231 333 647
333 231 647
311 206 979
206 311 979
328 43 594
43 328 594
254 199 260
199 254 260
313 138 345
138 313 345
120 75 44
75 120 44
5 94 358
94 5 358
22 346 670
346 22 670
36 133 65
133 36 65
186 172 227
172 186 227
304 211 571
211 304 571
112 18 197
18 112 197
188 187 104
187 188 104
49 100 330
100 49 330
209 374 914
374 209 914
119 308 29
308 119 29
348 46 194
46 348 194
179 152 214
152 179 214
230 164 192
164 230 192
39 139 688
139 39 688
102 363 529
363 102 529
314 308 493
308 314 493
343 120 245
120 343 245
46 121 956
121 46 956
365 306 9
306 365 9
347 109 741
109 347 741
87 161 939
161 87 939
241 140 471
140 241 471
193 286 87
286 193 87
152 350 101
350 152 101
228 241 905
241 228 905
147 193 627
193 147 627
131 127 572
127 131 572
264 307 981
307 264 981
278 61 501
61 278 501
20 189 860
189 20 860
205 194 327
194 205 327
208 379 570
379 208 570
80 323 554
323 80 554
11 120 303
120 11 303
86 168 619
168 86 619
288 335 649
335 288 649
170 182 237
182 170 237
316 286 629
286 316 629
120 85 176
85 120 176
348 269 254
269 348 254
283 284 900
284 283 900
179 122 6
122 179 6
102 335 527
335 102 527
301 66 124
66 301 124
314 184 279
184 314 279
286 230 578
230 286 578
41 124 691
124 41 691
22 311 559
311 22 559
330 135 226
135 330 226
39 372 66
372 39 66
257 83 690
83 257 690
249 166 382
166 249 382
60 240 293
240 60 293
357 270 140
270 357 140
130 137 516
137 130 516
249 90 599
90 249 599
238 229 831
229 238 831
116 178 158
178 116 158
153 15 78
15 153 78
167 158 800
158 167 800
292 169 785
169 292 785
129 147 240
147 129 240
348 287 835
287 348 835
166 314 361
314 166 361
187 16 135
16 187 135
143 58 922
58 143 922
345 324 853
324 345 853
339 242 610
242 339 610
41 199 466
199 41 466
174 48 981
48 174 981
20 255 668
255 20 668
94 330 900
330 94 900
109 230 492
230 109 492
236 239 721
239 236 721
338 232 140
232 338 140
192 78 720
78 192 720
340 227 804
227 340 804
319 314 966
314 319 966
173 3 39
3 173 39
305 188 765
188 305 765
61 110 883
110 61 883
193 279 743
279 193 743
122 355 231
355 122 231
170 343 687
343 170 687
94 121 17
121 94 17
234 272 552
272 234 552
331 119 645
119 331 645
326 194 22
194 326 22
62 60 62
60 62 62
229 350 46
350 229 46
48 107 968
107 48 968
198 249 68
249 198 68
157 343 995
343 157 995
52 373 139
373 52 139
138 136 445
136 138 445
105 41 319
41 105 319
153 353 336
353 153 336
49 352 391
352 49 391
302 352 912
352 302 912
104 9 544
9 104 544
179 141 721
141 179 721
288 75 578
75 288 578
13 352 976
352 13 976
175 270 3
270 175 3
146 293 636
293 146 636
330 168 860
168 330 860
348 163 151
163 348 151
338 268 243
268 338 243
153 224 968
224 153 968
294 92 760
92 294 760
265 364 172
364 265 172
36 338 437
338 36 437
106 42 635
42 106 635
60 162 727
162 60 727
256 176 616
176 256 616
307 151 348
151 307 348
230 348 385
348 230 385
339 183 954
183 339 954
261 292 91
292 261 91
41 319 687
319 41 687
326 162 241
162 326 241
59 234 166
234 59 166
179 24 345
24 179 345
342 140 967
140 342 967
264 130 318
130 264 318
202 344 563
344 202 563
77 210 791
210 77 791
34 312 565
312 34 565
53 141 39
141 53 39
374 178 738
178 374 738
37 196 354
196 37 354
109 297 21
297 109 21
182 39 35
39 182 35
308 172 696
172 308 696
366 231 794
231 366 794
346 141 780
141 346 780
3 349 528
349 3 528
99 14 854
14 99 854
139 3 118
3 139 118
235 268 824
268 235 824
276 322 690
322 276 690
186 34 697
34 186 697
194 94 938
94 194 938
228 258 866
258 228 866
302 309 835
309 302 835
297 235 159
235 297 159
343 69 298
69 343 298
183 177 330
177 183 330
109 196 615
196 109 615
43 270 1
270 43 1
105 169 44
169 105 44
86 44 349
44 86 349
302 304 491
304 302 491
206 52 797
52 206 797
117 371 192
371 117 192
72 222 958
222 72 958
329 205 972
205 329 972
225 202 173
202 225 173
101 122 654
122 101 654
6 150 112
150 6 112
84 215 815
215 84 815
203 192 393
192 203 393
208 82 318
82 208 318
284 48 438
48 284 438
36 212 968
212 36 968
232 219 539
219 232 539
137 227 350
227 137 350
340 328 801
328 340 801
282 105 865
105 282 865
155 15 159
15 155 159
330 231 945
231 330 945
368 314 369
314 368 369
91 261 575
261 91 575
98 238 628
238 98 628
250 316 370
316 250 370
349 54 696
54 349 696
226 215 362
215 226 362
60 163 508
163 60 508
51 119 752
119 51 752
61 312 913
312 61 913
350 31 967
31 350 967
358 131 586
131 358 586
136 38 761
38 136 761
5 56 884
56 5 884
310 311 102
311 310 102
114 317 451
317 114 451
369 127 649
127 369 649
178 182 258
182 178 258
190 234 624
234 190 624
249 8 314
8 249 314
275 140 11
140 275 11
139 11 780
11 139 780
211 14 446
14 211 446
238 183 689
183 238 689
175 129 901
129 175 901
171 357 476
357 171 476
354 169 129
169 354 129
368 313 285
313 368 285
249 229 407
229 249 407
23 201 138
201 23 138
75 152 579
152 75 579
164 21 4
21 164 4
72 340 734
340 72 734
55 111 553
111 55 553
126 46 322
46 126 322
229 305 402
305 229 402
44 238 281
238 44 281
89 111 145
111 89 145
259 115 413
115 259 413
121 15 61
15 121 61
94 44 914
44 94 914
67 65 722
65 67 722
247 22 782
22 247 782
112 274 747
274 112 747
244 46 843
46 244 843
255 50 762
50 255 762
356 215 396
215 356 396
278 343 819
343 278 819
309 370 82
370 309 82
95 225 832
225 95 832
104 11 819
11 104 819
170 249 717
249 170 717
254 151 801
151 254 801
232 367 957
367 232 957
374 165 774
165 374 774
136 365 156
365 136 156
171 215 599
215 171 599
153 247 524
247 153 524
210 305 837
305 210 837
19 1 663
1 19 663
374 323 244
323 374 244
162 201 163
201 162 163
313 321 934
321 313 934
341 167 487
167 341 487
255 331 556
331 255 556
370 257 351
257 370 351
216 338 106
338 216 106
127 187 360
187 127 360
169 27 343
27 169 343
221 181 370
181 221 370
238 286 139
286 238 139
227 294 186
294 227 186
348 44 19
44 348 19
160 187 197
187 160 197
46 241 660
241 46 660
157 356 318
356 157 318
175 297 614
297 175 614
120 92 366
92 120 366
131 352 55
352 131 55
193 354 618
354 193 618
156 308 688
308 156 688
174 368 869
368 174 869
18 241 185
241 18 185
275 18 821
18 275 821
104 340 972
340 104 972
2 101 366
101 2 366
33 64 26
64 33 26
377 360 181
360 377 181
196 324 707
324 196 707
198 48 330
48 198 330
374 137 763
137 374 763
73 109 487
109 73 487
152 297 548
297 152 548
78 53 28
53 78 28
4 367 98
367 4 98
152 321 367
321 152 367
85 126 991
126 85 991
290 228 930
228 290 930
367 183 824
183 367 824
80 261 0
261 80 0
262 160 160
160 262 160
271 129 150
129 271 150
29 225 798
225 29 798
54 149 696
149 54 696
276 289 336
289 276 336
229 118 981
118 229 981
183 359 407
359 183 407
46 107 246
107 46 246
238 135 336
135 238 336
270 38 360
38 270 360
107 358 474
358 107 474
7 235 141
235 7 141
14 235 789
235 14 789
48 94 952
94 48 952
357 263 703
263 357 703
175 36 820
36 175 820
0 51 25
51 0 25
74 15 3
15 74 3
171 161 795
161 171 795
70 272 626
272 70 626
115 228 689
228 115 689
273 339 428
339 273 428
190 246 935
246 190 935
141 321 728
321 141 728
224 293 372
293 224 372
15 138 546
138 15 546
96 306 132
306 96 132
89 235 674
235 89 674
377 33 441
33 377 441
190 79 482
79 190 482
248 107 938
107 248 938
178 372 660
372 178 660
65 211 942
211 65 942
366 72 855
72 366 855
151 148 906
148 151 906
242 266 555
266 242 555
294 192 626
192 294 626
23 38 282
38 23 282
307 323 329
323 307 329
144 183 109
183 144 109
9 161 147
161 9 147
5 144 27
144 5 27
358 119 891
119 358 891
264 282 946
282 264 946
42 5 471
5 42 471
192 288 165
288 192 165
92 99 485
99 92 485
98 54 604
54 98 604
284 10 115
10 284 115
334 343 146
343 334 146
60 41 784
41 60 784
23 143 531
143 23 531
333 327 898
327 333 898
117 153 740
153 117 740
357 214 303
214 357 303
273 218 42
218 273 42
319 365 441
365 319 441
210 362 420
362 210 420
32 262 745
262 32 745
3 164 137
164 3 137
287 55 627
55 287 627
234 317 31
317 234 31
43 267 407
267 43 407
91 296 657
296 91 657
313 254 697
254 313 697
131 329 557
329 131 557
188 137 141
137 188 141
92 228 212
228 92 212
317 250 30
250 317 30
88 167 838
167 88 838
140 234 921
234 140 921
289 179 294
179 289 294
22 243 700
243 22 700
286 352 791
352 286 791
53 54 350
54 53 350
60 146 991
146 60 991
258 34 711
34 258 711
378 262 757
262 378 757
255 121 240
121 255 240
221 164 399
164 221 399
126 15 313
15 126 313
352 89 832
89 352 832
85 362 996
362 85 996
228 263 597
263 228 597
259 218 721
218 259 721
367 379 713
379 367 713
4 356 209
356 4 209
376 325 617
325 376 617
181 55 273
55 181 273
260 119 629
119 260 629
92 262 87
262 92 87
261 71 118
71 261 118
69 304 492
304 69 492
227 345 692
345 227 692
27 334 598
334 27 598
129 151 682
151 129 682
159 124 944
124 159 944
54 364 564
364 54 564
131 310 942
310 131 942
92 339 847
339 92 847
325 195 899
195 325 899
367 352 622
352 367 622
330 3 448
3 330 448
254 265 414
265 254 414
104 360 601
360 104 601
67 2 175
2 67 175
193 235 54
235 193 54
262 277 659
277 262 659
253 24 342
24 253 342
166 59 894
59 166 894
374 307 491
307 374 491
156 318 275
318 156 275
59 62 564
62 59 564
184 264 484
264 184 484
104 278 235
278 104 235
220 7 163
7 220 163
298 187 851
187 298 851
337 374 70
374 337 70
72 26 402
26 72 402
235 352 569
352 235 569
123 104 493
104 123 493
124 55 303
55 124 303
105 21 831
21 105 831
97 293 674
293 97 674
331 206 140
206 331 140
322 95 203
95 322 203
155 290 882
290 155 882
24 125 716
125 24 716
68 62 731
62 68 731
50 379 953
379 50 953
23 95 355
95 23 355
110 33 702
33 110 702
263 350 232
350 263 232
292 363 281
363 292 281
107 302 507
302 107 507
354 310 948
310 354 948
99 8 79
8 99 79
121 272 432
272 121 432
107 39 376
39 107 376
248 378 237
378 248 237
344 63 760
63 344 760
65 122 901
122 65 901
41 135 393
135 41 393
371 116 851
116 371 851
37 354 512
354 37 512
126 124 671
124 126 671
313 299 647
299 313 647
41 282 284
282 41 284
41 78 785
78 41 785
5 135 887
135 5 887
42 240 925
240 42 925
319 37 456
37 319 456
228 343 955
343 228 955
276 47 951
47 276 951
303 58 234
58 303 234
55 172 393
172 55 393
175 91 525
91 175 525
288 235 848
235 288 848
213 20 691
20 213 691
96 10 318
10 96 318
159 166 322
166 159 322
257 265 1
265 257 1
123 126 324
126 123 324
264 250 840
250 264 840
43 161 589
161 43 589
307 89 95
89 307 95
53 63 742
63 53 742
249 251 115
251 249 115
278 356 372
356 278 372
291 166 975
166 291 975
46 302 391
302 46 391
9 263 132
263 9 132
113 192 620
192 113 620
63 152 758
152 63 758
300 285 868
285 300 868
197 244 918
244 197 918
57 269 68
269 57 68
335 153 948
153 335 948
166 250 950
250 166 950
269 248 486
248 269 486
197 190 215
190 197 215
248 75 630
75 248 630
32 291 596
291 32 596
164 311 376
311 164 376
160 280 464
280 160 464
247 67 610
67 247 610
367 123 257
123 367 257
318 5 105
5 318 105
182 229 708
229 182 708
105 156 790
156 105 790
122 167 388
167 122 388
3 272 999
272 3 999
122 100 206
100 122 206
358 310 512
310 358 512
37 95 108
95 37 108
336 315 127
315 336 127
310 136 481
136 310 481
251 18 560
18 251 560
303 189 426
189 303 426
308 221 80
221 308 80
235 84 343
84 235 343
166 18 254
18 166 254
377 65 793
65 377 793
98 229 457
229 98 457
112 155 565
155 112 565
24 252 229
252 24 229
301 350 259
350 301 259
26 315 144
315 26 144
250 193 290
193 250 290
21 198 497
198 21 497
106 256 992
256 106 992
201 265 89
265 201 89
114 217 955
217 114 955
257 215 689
215 257 689
13 173 158
173 13 158
110 261 342
261 110 342
57 29 784
29 57 784
81 175 694
175 81 694
114 98 508
98 114 508
1 195 400
195 1 400
161 303 908
303 161 908
362 244 192
244 362 192
112 249 187
249 112 187
257 223 729
223 257 729
259 357 444
357 259 444
326 218 705
218 326 705
213 140 920
140 213 920
52 312 951
312 52 951
147 106 451
106 147 451
290 276 499
276 290 499
192 227 569
227 192 569
119 327 0
327 119 0
46 157 137
157 46 137
276 86 895
86 276 895
128 323 229
323 128 229
330 265 111
265 330 111
367 329 946
329 367 946
184 218 293
218 184 293
362 303 505
303 362 505
265 1 167
1 265 167
266 125 863
125 266 863
234 36 448
36 234 448
144 87 679
87 144 679
227 81 68
81 227 68
115 20 772
20 115 772
12 165 976
165 12 976
264 91 724
91 264 724
220 375 913
375 220 913
334 311 47
311 334 47
360 24 212
24 360 212
277 241 599
241 277 599
169 98 553
98 169 553
375 218 4
218 375 4
279 167 543
167 279 543
325 199 316
199 325 316
273 203 550
203 273 550
369 338 619
338 369 619
119 140 770
140 119 770
130 295 429
295 130 429
324 21 319
21 324 319
370 294 785
294 370 785
372 176 991
176 372 991
291 253 884
253 291 884
181 334 157
334 181 157
300 232 112
232 300 112
45 252 285
252 45 285
20 248 393
248 20 393
59 303 233
303 59 233
16 104 958
104 16 958
191 46 158
46 191 158
305 183 598
183 305 598
368 28 64
28 368 64
242 240 445
240 242 445
100 14 746
14 100 746
229 113 444
113 229 444
245 206 958
206 245 958
67 105 906
105 67 906
275 286 722
286 275 722
43 224 32
224 43 32
143 182 270
182 143 270
314 343 298
343 314 298
299 324 822
324 299 822
320 340 762
340 320 762
223 173 346
173 223 346
168 365 14
365 168 14
29 109 839
109 29 839
294 320 883
320 294 883
232 258 140
258 232 140
343 85 628
85 343 628
364 30 978
30 364 978
35 139 584
139 35 584
42 244 76
244 42 76
322 189 496
189 322 496
210 244 860
244 210 860
93 164 99
164 93 99
125 254 222
254 125 222
153 73 679
73 153 679
124 96 206
96 124 206
187 356 763
356 187 763
87 76 161
76 87 161
32 304 996
304 32 996
76 271 872
271 76 872
63 138 476
138 63 476
239 189 283
189 239 283
364 206 794
206 364 794
197 370 676
370 197 676
249 83 893
83 249 893
328 74 35
74 328 35
185 371 14
371 185 14
319 12 170
12 319 170
120 233 206
233 120 206
181 137 354
137 181 354
136 191 424
191 136 424
10 34 851
34 10 851
352 152 607
152 352 607
91 74 178
74 91 178
180 350 643
350 180 643
190 108 715
108 190 715
80 290 23
290 80 23
302 320 865
320 302 865
32 131 891
131 32 891
330 239 324
239 330 324
271 198 294
198 271 294
161 254 254
254 161 254
336 367 143
367 336 143
232 376 57
376 232 57
2 103 287
103 2 287
357 107 259
107 357 259
239 34 501
34 239 501
136 254 125
254 136 125
373 299 173
299 373 173
244 297 236
297 244 236
328 26 392
26 328 392
275 372 83
372 275 83
83 85 844
85 83 844
281 189 983
189 281 983
87 130 914
130 87 914
69 242 423
242 69 423
64 242 252
242 64 252
58 135 274
135 58 274
196 43 482
43 196 482
356 331 168
331 356 168
313 88 365
88 313 365
11 61 154
61 11 154
332 298 807
298 332 807
378 47 564
47 378 564
139 203 27
203 139 27
278 166 884
166 278 884
304 30 947
30 304 947
328 6 249
6 328 249
95 189 902
189 95 902
366 172 172
172 366 172
224 88 792
88 224 792
217 254 759
254 217 759
360 304 471
304 360 471
63 157 421
157 63 421
195 248 517
248 195 517
2 142 394
142 2 394
9 242 505
242 9 505
318 44 876
44 318 876
277 34 11
34 277 11
152 71 984
71 152 984
276 178 461
178 276 461
128 148 422
148 128 422
343 330 405
330 343 405
232 188 78
188 232 78
6 322 248
322 6 248
102 375 878
375 102 878
274 333 523
333 274 523
35 336 456
336 35 456
61 56 727
56 61 727
330 67 614
67 330 614
183 310 296
310 183 296
48 106 151
106 48 151
377 207 366
207 377 366
90 132 513
132 90 513
247 260 259
260 247 259
67 294 490
294 67 490
348 63 623
63 348 623
211 303 484
303 211 484
298 193 142
193 298 142
315 180 960
180 315 960
163 258 357
258 163 357
320 68 389
68 320 389
178 150 410
150 178 410
129 146 305
146 129 305
128 235 863
235 128 863
237 114 441
114 237 441
138 104 526
104 138 526
195 310 143
310 195 143
376 367 774
367 376 774
34 59 856
59 34 856
4 315 939
315 4 939
99 232 443
232 99 443
298 374 928
374 298 928
351 242 53
242 351 53
209 226 991
226 209 991
117 162 707
162 117 707
72 11 611
11 72 611
318 117 812
117 318 812
197 138 962
138 197 962
31 213 177
213 31 177
330 21 624
21 330 624
32 302 690
302 32 690
355 316 21
316 355 21
187 195 851
195 187 851
174 237 402
237 174 402
58 39 371
39 58 371
354 277 596
277 354 596
282 113 716
113 282 716
229 0 14
0 229 14
259 34 279
34 259 279
194 39 213
39 194 213
314 327 326
327 314 326
31 251 508
251 31 508
355 326 626
326 355 626
16 84 417
84 16 417
322 60 963
60 322 963
250 216 55
216 250 55
190 192 32
192 190 32
184 4 663
4 184 663
167 10 87
10 167 87
103 174 339
174 103 339
218 183 948
183 218 948
213 114 731
114 213 731
157 303 994
303 157 994
293 305 672
305 293 672
233 28 1000
28 233 1000
65 187 934
187 65 934
258 342 917
342 258 917
184 131 469
131 184 469
54 345 524
345 54 524
232 95 731
95 232 731
24 187 458
187 24 458
358 111 162
111 358 162
187 103 784
103 187 784
44 141 672
141 44 672
70 309 791
309 70 791
70 47 764
47 70 764
65 177 702
177 65 702
209 25 701
25 209 701
329 53 282
53 329 282
55 238 364
238 55 364
310 335 821
335 310 821
296 302 41
302 296 41
187 130 997
130 187 997
293 13 417
13 293 417
14 65 907
65 14 907
339 239 647
239 339 647
133 185 719
185 133 719
144 325 593
325 144 593
107 161 214
161 107 214
241 291 48
291 241 48
106 96 135
96 106 135
95 119 720
119 95 720
132 89 414
89 132 414
236 154 760
154 236 760
252 223 148
223 252 148
364 189 659
189 364 659
3 253 978
253 3 978
92 191 590
191 92 590
77 344 274
344 77 274
151 142 412
142 151 412
265 302 885
302 265 885
238 297 536
297 238 536
72 71 654
71 72 654
284 165 791
165 284 791
105 59 137
59 105 137
12 321 6
321 12 6
102 74 857
74 102 857
378 258 592
258 378 592
101 277 381
277 101 381
3 151 461
151 3 461
258 362 496
362 258 496
77 335 539
335 77 539
185 152 323
152 185 323
87 314 795
314 87 795
196 223 491
223 196 491
365 127 531
127 365 531
306 20 147
20 306 147
325 96 848
96 325 848
15 239 151
239 15 151
19 337 159
337 19 159
210 314 660
314 210 660
235 113 680
113 235 680
35 88 274
88 35 274
235 298 360
298 235 360
206 49 488
49 206 488
78 16 834
16 78 834
100 279 926
279 100 926
57 300 524
300 57 524
343 17 795
17 343 795
10 171 742
171 10 742
314 90 350
90 314 350
181 155 255
155 181 255
145 131 486
131 145 486
55 334 445
334 55 445
213 276 558
276 213 558
229 257 519
257 229 519
70 307 583
307 70 583
41 307 965
307 41 965
90 278 349
278 90 349
32 28 494
28 32 494
103 197 830
197 103 830
4 237 670
237 4 670
341 26 760
26 341 760
188 343 699
343 188 699
188 29 944
29 188 944
46 39 491
39 46 491
242 122 950
122 242 950
317 14 712
14 317 712
344 265 899
265 344 899
366 118 218
118 366 218
339 254 465
254 339 465
289 204 845
204 289 845
111 0 626
0 111 626
86 305 592
305 86 592
249 43 581
43 249 581
60 337 524
337 60 524
301 144 242
144 301 242
334 248 302
248 334 302
350 142 261
142 350 261
350 335 601
335 350 601
266 374 243
374 266 243
106 160 638
160 106 638
218 378 329
378 218 329
276 337 864
337 276 864
117 222 177
222 117 177
335 311 727
311 335 727
376 12 915
12 376 915
252 240 209
240 252 209
336 278 614
278 336 614
41 192 255
192 41 255
313 191 553
191 313 553
292 375 300
375 292 300
175 182 524
182 175 524
11 354 864
354 11 864
89 305 748
305 89 748
360 46 196
46 360 196
327 192 851
192 327 851
94 125 469
125 94 469
152 139 513
139 152 513
344 260 498
260 344 498
103 239 868
239 103 868
108 163 894
163 108 894
129 14 55
14 129 55
12 173 342
173 12 342
54 82 629
82 54 629
186 95 448
95 186 448
174 271 920
271 174 920
269 65 383
65 269 383
20 280 91
280 20 91
188 152 997
152 188 997
60 8 518
8 60 518
316 122 596
122 316 596
181 258 978
258 181 978
348 376 98
376 348 98
368 237 20
237 368 20
75 209 319
209 75 319
8 253 891
253 8 891
144 313 131
313 144 131
145 323 543
323 145 543
285 205 302
205 285 302
54 31 604
31 54 604
107 293 133
293 107 133
250 232 507
232 250 507
40 378 752
378 40 752
324 342 209
342 324 209
338 167 919
167 338 919
52 89 997
89 52 997
281 285 891
285 281 891
253 316 359
316 253 359
219 122 491
122 219 491
359 44 773
44 359 773
102 342 83
342 102 83
186 163 632
163 186 632
50 205 810
205 50 810
106 230 225
230 106 225
263 337 843
337 263 843
3 102 591
102 3 591
128 216 428
216 128 428
189 378 496
378 189 496
219 75 515
75 219 515
100 20 685
20 100 685
225 374 324
374 225 324
206 86 236
86 206 236
353 320 751
320 353 751
233 128 724
128 233 724
114 25 358
25 114 358
199 182 361
182 199 361
219 253 992
253 219 992
135 283 292
283 135 292
365 144 67
144 365 67
225 262 116
262 225 116
16 351 97
351 16 97
367 293 732
293 367 732
347 337 432
337 347 432
170 348 549
348 170 549
226 153 756
153 226 756
72 104 451
104 72 451
249 262 524
262 249 524
297 343 853
343 297 853
175 179 739
179 175 739
314 222 128
222 314 128
313 120 554
120 313 554
169 326 671
326 169 671
210 121 631
121 210 631
134 367 779
367 134 779
145 269 215
269 145 215
81 295 400
295 81 400
277 33 548
33 277 548
78 13 518
13 78 518
108 300 767
300 108 767
198 195 33
195 198 33
11 166 246
166 11 246
97 106 387
106 97 387
89 72 908
72 89 908
271 142 538
142 271 538
285 283 503
283 285 503
8 1 946
1 8 946
25 181 133
181 25 133
192 226 563
226 192 563
267 244 654
244 267 654
156 43 615
43 156 615
178 247 934
247 178 934
53 108 819
108 53 819
126 149 645
149 126 645
68 291 359
291 68 359
343 158 718
158 343 718
325 210 998
210 325 998
285 193 220
193 285 220
257 362 217
362 257 217
155 337 242
337 155 242
18 126 93
126 18 93
192 148 855
148 192 855
353 346 401
346 353 401
268 230 737
230 268 737
206 5 304
5 206 304
111 191 629
191 111 629
64 292 379
292 64 379
371 57 669
57 371 669
191 124 881
124 191 881
167 352 943
352 167 943
372 51 496
51 372 496
135 337 529
337 135 529
218 200 756
200 218 756
280 378 118
378 280 118
310 361 327
361 310 327
362 188 77
188 362 77
21 1 205
1 21 205
180 244 714
244 180 714
329 351 743
351 329 743
230 221 404
221 230 404
261 337 451
337 261 451
131 344 644
344 131 644
330 165 539
165 330 539
114 68 501
68 114 501
377 165 599
165 377 599
256 272 439
272 256 439
104 102 216
102 104 216
113 6 142
6 113 142
86 335 433
335 86 433
251 171 306
171 251 306
77 272 87
272 77 87
362 90 662
90 362 662
85 25 506
25 85 506
79 244 43
244 79 43
275 313 699
313 275 699
253 277 476
277 253 476
170 230 599
230 170 599
117 231 575
231 117 575
262 94 243
94 262 243
183 13 695
13 183 695
366 49 798
49 366 798
257 54 977
54 257 977
292 353 955
353 292 955
60 276 13
276 60 13
107 337 723
337 107 723
204 128 785
128 204 785
337 320 994
320 337 994
165 45 635
45 165 635
153 35 108
35 153 108
212 97 276
97 212 276
57 81 591
81 57 591
232 150 429
150 232 429
75 254 76
254 75 76
105 27 60
27 105 60
164 321 260
321 164 260
320 89 399
89 320 399
294 180 668
180 294 668
350 191 606
191 350 606
304 337 253
337 304 253
201 147 463
147 201 463
100 71 783
71 100 783
139 358 592
358 139 592
257 271 132
271 257 132
313 258 732
258 313 732
169 341 546
341 169 546
2 63 305
63 2 305
97 134 664
134 97 664
238 342 242
342 238 242
4 53 924
53 4 924
121 185 376
185 121 376
378 56 26
56 378 26
14 325 458
325 14 458
297 215 795
215 297 795
80 15 636
15 80 636
329 81 625
81 329 625
169 367 199
367 169 199
29 155 273
155 29 273
379 14 724
14 379 724
117 285 496
285 117 496
126 104 527
104 126 527
196 287 623
287 196 623
292 32 973
32 292 973
0 73 15
73 0 15
3 303 267
303 3 267
254 328 881
328 254 881
345 355 31
355 345 31
190 174 330
174 190 330
57 186 942
186 57 942
1 258 420
258 1 420
189 247 126
247 189 126
61 41 779
41 61 779
304 126 452
126 304 452
0 141 857
141 0 857
354 127 869
127 354 869
190 352 373
352 190 373
309 379 89
379 309 89
125 27 134
27 125 134
33 130 972
130 33 972
88 163 395
163 88 395
341 240 243
240 341 243
264 320 738
320 264 738
33 358 58
358 33 58
128 180 615
180 128 615
270 298 285
298 270 285
242 125 684
125 242 684
359 160 0
160 359 0
337 197 95
197 337 95
303 160 463
160 303 463
285 276 383
276 285 383
279 312 472
312 279 472
170 236 175
236 170 175
56 96 15
96 56 15
318 263 109
263 318 109
268 188 212
188 268 212
363 203 117
203 363 117
146 298 910
298 146 910
123 318 557
318 123 557
324 344 758
344 324 758
157 79 943
79 157 943
55 265 168
265 55 168
134 317 169
317 134 169
300 73 171
73 300 171
193 311 851
311 193 851
312 339 574
339 312 574
221 316 983
316 221 983
13 25 317
25 13 317
370 143 786
143 370 786
248 3 262
3 248 262
112 314 235
314 112 235
91 184 608
184 91 608
84 95 857
95 84 857
334 47 435
47 334 435
149 302 603
302 149 603
358 68 239
68 358 239
284 164 525
164 284 525
239 23 643
23 239 643
230 81 901
81 230 901
36 151 352
151 36 352
182 94 190
94 182 190
332 288 331
288 332 331
325 294 381
294 325 381
23 57 807
57 23 807
231 80 691
80 231 691
224 360 104
360 224 104
347 209 529
209 347 529
281 175 974
175 281 974
163 68 339
68 163 339
365 67 33
67 365 33
62 241 913
241 62 913
81 193 376
193 81 376
48 285 580
285 48 580
295 35 502
35 295 502
287 122 89
122 287 89
186 257 710
257 186 710
111 137 414
137 111 414
176 205 212
205 176 212
338 301 23
301 338 23
203 26 734
26 203 734
110 39 936
39 110 936
216 285 631
285 216 631
180 103 459
103 180 459
311 168 718
168 311 718
284 101 39
101 284 39
277 164 388
164 277 388
325 241 390
241 325 390
184 129 779
129 184 779
149 17 289
17 149 289
28 78 567
78 28 567
197 60 445
60 197 445
238 344 689
344 238 689
28 228 408
228 28 408
128 43 939
43 128 939
178 5 941
5 178 941
322 304 615
304 322 615
298 77 560
77 298 560
200 40 428
40 200 428
309 184 790
184 309 790
270 164 38
164 270 38
329 87 981
87 329 981
193 174 67
174 193 67
362 250 339
250 362 339
17 262 24
262 17 24
289 303 159
303 289 159
281 292 898
292 281 898
72 85 181
85 72 181
192 290 234
290 192 234
353 251 10
251 353 10
198 244 933
244 198 933
359 190 691
190 359 691
43 251 296
251 43 296
211 193 318
193 211 318
34 171 163
171 34 163
240 6 917
6 240 917
379 330 119
330 379 119
23 348 289
348 23 289
348 121 309
121 348 309
144 290 600
290 144 600
82 258 778
258 82 778
288 35 61
35 288 61
351 120 848
120 351 848
177 20 952
20 177 952
18 218 316
218 18 316
271 158 386
158 271 386
35 329 41
329 35 41
75 8 377
8 75 377
155 177 316
177 155 316
331 197 33
197 331 33
289 46 159
46 289 159
259 92 481
92 259 481
353 309 142
309 353 142
360 364 138
364 360 138
318 131 726
131 318 726
369 187 795
187 369 795
330 113 206
113 330 206
25 159 443
159 25 443
152 12 484
12 152 484
36 252 513
252 36 513
49 92 552
92 49 552
318 293 875
293 318 875
266 209 870
209 266 870
373 15 133
15 373 133
152 183 518
183 152 518
210 209 900
209 210 900
137 61 96
61 137 96
209 221 917
221 209 917
266 349 936
349 266 936
74 364 715
364 74 715
312 236 401
236 312 401
83 350 579
350 83 579
73 8 156
8 73 156
192 24 870
24 192 870
7 179 290
179 7 290
194 84 382
84 194 382
360 302 1
302 360 1
337 117 758
117 337 758
172 336 214
336 172 214
198 293 190
293 198 190
113 199 752
199 113 752
118 207 128
207 118 128
148 170 836
170 148 836
133 307 176
307 133 176
355 377 832
377 355 832
74 63 647
63 74 647
97 146 812
146 97 812
109 378 647
378 109 647
139 361 194
361 139 194
238 113 632
113 238 632
111 50 248
50 111 248
194 96 787
96 194 787
318 233 793
233 318 793
2 125 365
125 2 365
290 320 339
320 290 339
17 264 34
264 17 34
358 335 276
335 358 276
54 274 762
274 54 762
32 112 81
112 32 81
243 353 426
353 243 426
155 359 273
359 155 273
250 341 999
341 250 999
254 251 259
251 254 259
200 88 649
88 200 649
12 270 509
270 12 509
63 246 624
246 63 624
45 306 417
306 45 417
80 73 694
73 80 694
75 232 5
232 75 5
275 245 162
245 275 162
268 0 911
0 268 911
24 166 597
166 24 597
271 285 936
285 271 936
290 325 556
325 290 556
340 18 896
18 340 896
236 122 460
122 236 460
45 213 984
213 45 984
243 164 373
164 243 373
113 316 428
316 113 428
7 47 491
47 7 491
250 304 697
304 250 697
348 238 824
238 348 824
188 215 923
215 188 923
14 204 15
204 14 15
207 114 629
114 207 629
109 241 775
241 109 775
144 29 157
29 144 157
359 301 390
301 359 390
134 230 737
230 134 737
325 147 258
147 325 258
101 163 955
163 101 955
54 169 2
169 54 2
298 31 101
31 298 101
228 139 180
139 228 180
211 117 534
117 211 534
184 358 328
358 184 328
219 49 434
49 219 434
62 91 122
91 62 122
139 192 322
192 139 322
117 151 739
151 117 739
284 262 622
262 284 622
168 294 511
294 168 511
184 168 970
168 184 970
10 11 432
11 10 432
182 119 671
119 182 671
89 304 37
304 89 37
294 269 568
269 294 568
185 205 729
205 185 729
339 275 504
275 339 504
359 9 358
9 359 358
222 126 536
126 222 536
134 255 761
255 134 761
348 311 921
311 348 921
315 150 189
150 315 189
322 229 621
229 322 621
234 375 315
375 234 315
43 35 224
35 43 224
33 317 807
317 33 807
245 18 643
18 245 643
189 292 323
292 189 323
193 73 158
73 193 158
199 151 503
151 199 503
99 313 537
313 99 537
112 93 793
93 112 793
46 21 944
21 46 944
15 104 403
104 15 403
9 353 917
353 9 917
259 33 314
33 259 314
116 84 143
84 116 143
378 101 956
101 378 956
99 226 45
226 99 45
339 199 482
199 339 482
131 272 536
272 131 536
66 133 643
133 66 643
300 368 138
368 300 138
368 232 82
232 368 82
298 234 942
234 298 942
116 81 934
81 116 934
200 75 337
75 200 337
318 25 639
25 318 639
280 55 313
55 280 313
355 83 594
83 355 594
90 155 672
155 90 672
315 24 414
24 315 414
218 147 93
147 218 93
30 82 966
82 30 966
28 282 685
282 28 685
140 262 148
262 140 148
301 158 780
158 301 780
329 60 789
60 329 789
1 32 73
32 1 73
293 300 329
300 293 329
69 319 819
319 69 819
56 110 251
110 56 251
94 288 999
288 94 999
189 311 348
311 189 348
20 292 158
292 20 158
33 335 600
335 33 600
192 134 746
134 192 746
227 225 89
225 227 89
330 305 167
305 330 167
182 234 678
234 182 678
5 113 115
113 5 115
221 361 777
361 221 777
249 174 341
174 249 341
197 114 674
114 197 674
353 298 654
298 353 654
47 92 868
92 47 868
125 54 486
54 125 486
350 338 730
338 350 730
88 232 918
232 88 918
328 379 52
379 328 52
221 191 400
191 221 400
91 28 679
28 91 679
105 328 144
328 105 144
331 70 154
70 331 154
215 37 854
37 215 854
196 187 913
187 196 913
97 135 83
135 97 83
267 366 102
366 267 102
283 298 865
298 283 865
196 0 543
0 196 543
27 231 273
231 27 273
160 183 178
183 160 178
4 196 267
196 4 267
153 29 844
29 153 844
112 185 216
185 112 216
320 244 836
244 320 836
41 128 753
128 41 753
374 122 854
122 374 854
8 258 528
258 8 528
329 298 469
298 329 469
154 133 357
133 154 357
225 58 231
58 225 231
17 369 128
369 17 128
193 208 101
208 193 101
21 107 123
107 21 123
74 67 204
67 74 204
38 324 560
324 38 560
305 292 881
292 305 881
110 253 997
253 110 997
320 65 923
65 320 923
84 52 899
52 84 899
342 180 18
180 342 18
57 265 636
265 57 636
278 182 200
182 278 200
146 271 726
271 146 726
55 363 450
363 55 450
225 55 49
55 225 49
374 202 541
202 374 541
364 371 576
371 364 576
236 230 674
230 236 674
262 103 325
103 262 325
187 250 338
250 187 338
109 244 739
244 109 739
230 339 998
339 230 998
39 65 825
65 39 825
133 197 86
197 133 86
364 51 872
51 364 872
293 55 56
55 293 56
361 363 683
363 361 683
226 101 691
101 226 691
161 124 749
124 161 749
153 21 978
21 153 978
314 353 974
353 314 974
202 156 694
156 202 694
334 103 214
103 334 214
144 186 40
186 144 40
376 230 228
230 376 228
169 155 907
155 169 907
252 230 11
230 252 11
269 228 794
228 269 794
63 101 592
101 63 592
238 116 953
116 238 953
227 212 904
212 227 904
177 27 350
27 177 350
88 241 502
241 88 502
268 82 528
82 268 528
40 134 810
134 40 810
9 321 410
321 9 410
111 243 952
243 111 952
196 212 950
212 196 950
129 130 219
130 129 219
5 81 770
81 5 770
132 196 438
196 132 438
39 362 132
362 39 132
251 26 194
26 251 194
270 289 963
289 270 963
1 131 890
131 1 890
342 10 861
10 342 861
59 94 601
94 59 601
31 330 496
330 31 496
13 65 959
65 13 959
61 208 991
208 61 991
31 113 863
113 31 863
333 367 39
367 333 39
231 230 92
230 231 92
112 97 904
97 112 904
16 293 150
293 16 150
368 375 661
375 368 661
41 90 102
90 41 102
33 262 500
262 33 500
44 243 587
243 44 587
201 295 621
295 201 621
93 376 583
376 93 583
134 68 293
68 134 293
97 133 428
133 97 428
97 114 963
114 97 963
36 116 182
116 36 182
260 82 282
82 260 282
280 214 173
214 280 173
252 313 344
313 252 344
236 25 772
25 236 772
8 178 11
178 8 11
157 114 351
114 157 351
208 258 948
258 208 948
127 253 126
253 127 126
268 369 493
369 268 493
187 140 304
140 187 304
79 314 892
314 79 892
5 173 353
173 5 353
258 92 91
92 258 91
95 148 966
148 95 966
162 155 810
155 162 810
156 183 163
183 156 163
105 179 571
179 105 571
246 160 696
160 246 696
18 336 69
336 18 69
175 284 29
284 175 29
24 229 828
229 24 828
374 55 134
55 374 134
217 268 304
268 217 304
245 165 500
165 245 500
134 155 623
155 134 623
214 165 424
165 214 424
339 132 871
132 339 871
251 267 826
267 251 826
6 338 431
338 6 431
181 27 890
27 181 890
9 247 797
247 9 797
293 358 841
358 293 841
303 287 708
287 303 708
364 21 605
