12 27 41
27 12 41
8 12 414
12 8 414
28 12 991
12 28 991
17 8 597
8 17 597
6 17 142
17 6 142
11 12 773
12 11 773
3 17 818
17 3 818
13 8 317
8 13 317
4 12 920
12 4 920
18 3 573
3 18 573
5 6 444
6 5 444
20 4 655
4 20 655
14 13 488
13 14 488
26 14 533
14 26 533
9 27 824
27 9 824
21 27 95
27 21 95
25 20 727
20 25 727
24 27 626
27 24 626
19 18 249
18 19 249
15 8 195
8 15 195
7 3 822
3 7 822
2 25 458
25 2 458
0 8 327
8 0 327
23 9 111
9 23 111
16 25 298
25 16 298
1 25 340
25 1 340
29 11 986
11 29 986
22 26 93
26 22 93
10 18 589
18 10 589
3 4 188
4 3 188
11 1 191
1 11 191
12 19 672
19 12 672
13 9 70
9 13 70
8 7 775
7 8 775
17 22 153
22 17 153
10 12 862
12 10 862
8 22 716
22 8 716
10 1 553
1 10 553
7 20 857
20 7 857
2 21 282
21 2 282
21 16 241
16 21 241
29 22 695
22 29 695
24 1 972
1 24 972
14 24 281
24 14 281
26 9 676
9 26 676
15 2 938
2 15 938
16 5 84
5 16 84
18 28 498
28 18 498
24 15 343
15 24 343
29 3 16
3 29 16
0 13 119
13 0 119
2 3 380
3 2 380
16 6 340
6 16 340
14 1 63
1 14 63
28 16 149
16 28 149
29 2 224
2 29 224
12 1 587
1 12 587
15 10 958
10 15 958
25 19 696
19 25 696
8 27 127
27 8 127
15 11 620
11 15 620
1 28 400
28 1 400
8 5 853
5 8 853
28 19 22
19 28 22
11 6 735
6 11 735
28 9 215
9 28 215
0 16 62
16 0 62
10 7 23
7 10 23
25 14 635
14 25 635
28 13 71
13 28 71
3 8 662
8 3 662
4 5 446
5 4 446
6 12 515
12 6 515
26 12 610
12 26 610
28 2 400
2 28 400
11 13 367
13 11 367
22 0 481
0 22 481
1 22 940
22 1 940
24 6 714
6 24 714
7 11 989
11 7 989
23 12 807
12 23 807
7 6 865
6 7 865
6 18 542
18 6 542
13 19 943
19 13 943
26 7 179
7 26 179
27 7 419
7 27 419
22 24 895
24 22 895
21 10 318
10 21 318
15 5 397
5 15 397
1 7 256
7 1 256
17 25 707
25 17 707
27 26 759
26 27 759
8 18 756
18 8 756
12 25 287
25 12 287
17 23 976
23 17 976
9 5 624
5 9 624
4 7 367
7 4 367
24 29 635
29 24 635
17 2 317
2 17 317
20 0 424
0 20 424
1 15 82
15 1 82
27 19 196
19 27 196
2 18 163
18 2 163
3 15 458
15 3 458
20 2 896
2 20 896
7 24 895
24 7 895
14 12 411
12 14 411
29 14 790
14 29 790
7 2 47
2 7 47
6 26 65
26 6 65
13 2 161
2 13 161
26 21 906
21 26 906
9 10 574
10 9 574
19 23 0
23 19 0
22 12 506
12 22 506
18 4 857
4 18 857
26 16 842
16 26 842
22 16 425
16 22 425
11 25 986
25 11 986
15 0 133
0 15 133
27 20 972
20 27 972
7 14 323
14 7 323
27 11 14
11 27 14
2 23 2
23 2 2
1 21 626
21 1 626
28 11 121
11 28 121
19 15 203
15 19 203
29 4 286
4 29 286
2 6 102
6 2 102
9 29 944
29 9 944
20 15 83
15 20 83
27 13 935
13 27 935
26 28 882
28 26 882
13 17 669
17 13 669
21 15 660
15 21 660
5 28 892
28 5 892
17 29 19
29 17 19
12 7 265
7 12 265
25 18 969
18 25 969
5 24 931
24 5 931
29 12 866
12 29 866
0 2 622
2 0 622
15 9 729
9 15 729
15 22 469
22 15 469
15 14 381
14 15 381
29 25 182
25 29 182
11 20 601
20 11 601
4 27 141
27 4 141
17 18 345
18 17 345
16 2 95
2 16 95