195 98 41
98 195 41
66 195 414
195 66 414
203 195 991
195 203 991
124 66 597
66 124 597
55 124 142
124 55 142
74 195 773
195 74 773
24 124 818
124 24 818
67 66 317
66 67 317
26 195 920
195 26 920
183 55 483
55 183 483
151 195 362
195 151 362
118 55 625
55 118 625
173 203 989
203 173 989
150 24 453
24 150 453
142 124 63
124 142 63
152 98 95
98 152 95
200 118 727
118 200 727
186 98 626
98 186 626
135 183 249
183 135 249
89 66 195
66 89 195
160 24 244
24 160 244
38 200 458
200 38 458
23 66 327
66 23 327
144 142 111
142 144 111
85 200 298
200 85 298
34 200 340
200 34 340
158 74 986
74 158 986
177 200 601
200 177 601
82 150 93
150 82 93
176 85 394
85 176 394
93 186 247
186 93 247
84 151 193
151 84 193
52 66 627
66 52 627
201 152 487
152 201 487
17 55 695
55 17 695
39 26 945
26 39 945
9 55 919
55 9 919
167 85 857
85 167 857
163 200 534
200 163 534
72 173 916
173 72 916
187 34 593
34 187 593
87 177 504
177 87 504
112 55 332
55 112 332
197 24 498
24 197 498
190 72 343
72 190 343
58 142 16
142 58 16
88 24 722
24 88 722
69 23 813
23 69 813
51 160 436
160 51 436
16 74 801
74 16 801
46 197 224
197 46 224
12 39 649
39 12 649
180 167 696
167 180 696
22 195 127
195 22 127
64 167 850
167 64 850
202 24 400
24 202 400
31 23 853
23 31 853
41 66 620
66 41 620
5 118 984
118 5 984
70 190 126
190 70 126
169 173 744
173 169 744
20 5 695
5 20 695
6 201 435
201 6 435
40 52 71
52 40 71
91 26 662
26 91 662
116 197 446
197 116 446
75 24 515
24 75 515
174 55 610
55 174 610
42 16 204
16 42 204
106 190 926
190 106 926
181 160 714
160 181 714
86 24 807
24 86 807
63 89 350
89 63 350
107 142 611
142 107 611
172 38 13
38 172 13
189 12 921
12 189 921
127 190 397
190 127 397
165 84 157
84 165 157
117 195 468
195 117 468
147 183 343
183 147 343
148 55 557
55 148 557
57 200 245
200 57 245
156 169 360
169 156 360
129 39 689
39 129 689
78 172 969
172 78 969
194 148 874
148 194 874
132 152 732
152 132 732
65 51 766
51 65 766
97 156 82
156 97 82
0 189 196
189 0 196
154 87 163
87 154 163
50 177 652
177 50 652
105 69 727
69 105 727
153 86 895
86 153 895
101 124 411
124 101 411
162 86 428
86 162 428
184 129 726
129 184 726
8 160 456
160 8 456
14 52 718
52 14 718
36 31 540
31 36 540
121 181 618
181 121 618
191 98 905
98 191 905
7 6 333
6 7 333
80 5 51
5 80 51
110 144 561
144 110 561
161 183 857
183 161 857
192 152 15
152 192 15
108 194 427
194 108 427
83 98 218
98 83 218
2 154 772
154 2 772
1 110 691
110 1 691
139 165 100
165 139 100
53 142 622
142 53 622
182 85 894
85 182 894
92 17 705
17 92 705
49 118 487
118 49 487
119 147 83
147 119 83
10 17 935
17 10 935
133 191 811
191 133 811
33 2 262
2 33 262
44 156 533
156 44 533
204 197 117
197 204 117
48 17 871
17 48 871
11 55 41
55 11 41
73 132 265
132 73 265
178 72 969
72 178 969
123 33 581
33 123 581
19 178 729
178 19 729
146 1 381
1 146 381
179 190 212
190 179 212
130 107 9
107 130 9
54 167 277
167 54 277
120 194 808
194 120 808
134 23 346
23 134 346
18 183 276
183 18 276
62 167 597
167 62 597
113 50 404
50 113 404
56 172 117
172 56 117
188 169 956
169 188 956
27 165 183
165 27 183
32 127 412
127 32 412
166 129 306
129 166 306
96 158 101
158 96 101
122 48 485
48 122 485
79 132 127
132 79 127
109 82 716
82 109 716
114 83 38
83 114 38
76 78 752
78 76 752
155 163 941
163 155 941
37 122 384
122 37 384
196 38 67
38 196 67
198 160 202
160 198 202
171 202 62
202 171 62
100 66 100
66 100 100
103 166 531
166 103 531
77 182 942
182 77 942
136 155 731
155 136 731
175 64 433
64 175 433
25 153 225
153 25 225
71 155 795
155 71 795
45 2 196
2 45 196
111 82 65
82 111 65
4 134 462
134 4 462
61 176 509
176 61 509
137 91 212
91 137 212
15 64 638
64 15 638
59 34 202
34 59 202
157 162 370
162 157 370
193 167 107
167 193 107
168 9 577
9 168 577
141 4 696
4 141 696
149 120 507
120 149 507
126 123 510
123 126 510
128 141 895
141 128 895
35 56 624
56 35 624
47 66 348
66 47 348
145 148 837
148 145 837
90 26 537
26 90 537
29 91 617
91 29 617
30 184 596
184 30 596
95 30 826
30 95 826
138 152 819
152 138 819
21 54 889
54 21 889
13 152 230
152 13 230
68 183 307
183 68 307
3 182 338
182 3 338
99 167 889
167 99 889
170 101 517
101 170 517
159 18 514
18 159 514
28 109 92
109 28 92
143 54 776
54 143 776
140 135 764
135 140 764
115 12 296
12 115 296
164 171 427
171 164 427
131 14 622
14 131 622
94 55 672
55 94 672
43 159 186
159 43 186
102 146 583
146 102 583
104 78 67
78 104 67
185 75 965
75 185 965
125 43 417
43 125 417
81 8 63
8 81 63
60 61 957
61 60 957
199 169 293
169 199 293
3 78 56
78 3 56
26 48 427
48 26 427
39 73 911
73 39 911
100 21 83
21 100 83
149 90 155
90 149 155
0 110 36
110 0 36
77 133 395
133 77 395
119 118 103
118 119 103
33 104 155
104 33 155
55 67 612
67 55 612
175 52 645
52 175 645
57 34 716
34 57 716
27 15 354
15 27 354
51 8 802
8 51 802
102 104 502
104 102 502
177 142 624
142 177 624
29 133 629
133 29 629
45 194 666
194 45 666
93 128 730
128 93 730
25 172 807
172 25 807
84 14 818
14 84 818
172 28 893
28 172 893
128 54 881
54 128 881
125 69 39
69 125 39
185 36 455
36 185 455
101 115 195
115 101 195
49 154 808
154 49 808
45 135 979
135 45 979
151 183 497
183 151 497
91 74 967
74 91 967
120 168 582
168 120 582
109 64 235
64 109 235
23 102 839
102 23 839
71 104 514
104 71 514
90 134 430
134 90 430
146 165 968
165 146 968
82 9 436
9 82 436
122 108 945
108 122 945
160 34 425
34 160 425
152 85 425
85 152 425
102 163 751
163 102 751
24 81 457
81 24 457
2 35 427
35 2 427
24 123 941
123 24 941
156 13 258
13 156 258
89 0 72
0 89 72
93 154 708
154 93 708
24 65 356
65 24 356
190 66 850
66 190 850
5 105 72
105 5 72
198 39 212
39 198 212
98 12 674
12 98 674
149 99 960
99 149 960
93 143 7
143 93 7
172 153 706
153 172 706
74 100 238
100 74 238
39 88 464
88 39 464
177 204 352
204 177 352
95 116 133
116 95 133
24 180 370
180 24 370
78 44 983
44 78 983
107 172 959
172 107 959
32 111 334
111 32 334
88 196 82
196 88 82
34 62 594
62 34 594
165 72 385
72 165 385
9 84 823
84 9 823
31 147 520
147 31 520
20 70 772
70 20 772
88 107 381
107 88 381
192 193 47
193 192 47
52 171 21
171 52 21
36 135 719
135 36 719
186 52 430
52 186 430
189 27 426
27 189 426
159 39 605
39 159 605
108 189 652
189 108 652
0 160 254
160 0 254
53 45 378
45 53 378
4 18 59
18 4 59
162 80 8
80 162 8
161 3 922
3 161 922
57 139 208
139 57 208
101 172 975
172 101 975
33 23 973
23 33 973
88 60 111
60 88 111
106 177 571
177 106 571
103 47 157
47 103 157
60 29 456
29 60 456
191 88 786
88 191 786
192 2 178
2 192 178
6 49 348
49 6 348
120 39 363
39 120 363
10 45 652
45 10 652
38 48 773
48 38 773
12 172 1
172 12 1
90 182 633
182 90 633
10 195 223
195 10 223
189 82 787
82 189 787
45 127 558
127 45 558
103 163 434
163 103 434
30 140 482
140 30 482
23 126 509
126 23 509
164 5 556
5 164 556
131 7 286
7 131 286
45 55 123
55 45 123
42 141 41
141 42 41
98 91 407
91 98 407
134 76 727
76 134 727
121 53 104
53 121 104
143 40 362
40 143 362
86 115 688
115 86 688
16 198 87
198 16 87
26 186 811
186 26 811
75 165 546
165 75 546
132 176 542
176 132 542
6 131 167
131 6 167
200 161 881
161 200 881
107 86 532
86 107 532
201 109 535
109 201 535
71 180 544
180 71 544
34 110 978
110 34 978
111 188 413
188 111 413
159 104 925
104 159 925
125 181 299
181 125 299
53 101 581
101 53 581
71 17 160
17 71 160
93 90 123
90 93 123
184 191 605
191 184 605
133 17 573
17 133 573
141 189 362
189 141 362
45 44 760
44 45 760
161 64 488
64 161 488
73 145 513
145 73 513
148 178 667
178 148 667
142 189 146
189 142 146
28 178 53
178 28 53
25 64 26
64 25 26
0 33 400
33 0 400
66 134 68
134 66 68
35 89 702
89 35 702
159 141 404
141 159 404
195 50 42
50 195 42
82 175 3
175 82 3
42 4 716
4 42 716
107 3 922
3 107 922
41 39 769
39 41 769
109 63 195
63 109 195
34 1 471
1 34 471
21 129 393
129 21 393
112 129 431
129 112 431
137 35 445
35 137 445
9 182 955
182 9 955
95 9 536
9 95 536
147 52 213
52 147 213
88 53 357
53 88 357
81 14 437
14 81 437
73 14 747
14 73 747
202 60 200
60 202 200
139 12 600
12 139 600
95 118 927
118 95 927
14 67 239
67 14 239
111 160 891
160 111 891
88 105 58
105 88 58
28 4 693
4 28 693
197 5 625
5 197 625
189 77 88
77 189 88
30 130 769
130 30 769
86 43 898
43 86 898
0 119 55
119 0 55
45 90 528
90 45 528
168 15 977
15 168 977
27 170 956
170 27 956
2 76 465
76 2 465
73 91 721
91 73 721
44 64 345
64 44 345
174 183 44
183 174 44
173 187 358
187 173 358
98 107 670
107 98 670
195 17 65
17 195 65
125 83 696
83 125 696
202 103 406
103 202 406
166 202 464
202 166 464
51 194 622
194 51 622
34 103 904
103 34 904
160 60 326
60 160 326
57 113 466
113 57 466
156 91 29
91 156 29
120 151 194
151 120 194
153 89 214
89 153 214
134 65 192
65 134 192
46 40 688
40 46 688
3 170 308
170 3 308
117 54 880
54 117 880
8 91 493
91 8 493
65 138 245
138 65 245
151 165 956
165 151 956
32 186 9
186 32 9
119 178 741
178 119 741
139 118 939
118 139 939
110 178 471
178 110 471
139 176 87
176 139 87
89 169 101
169 89 101
131 163 423
163 131 423
22 139 627
139 22 627
135 83 572
83 135 572
115 36 40
36 115 40
58 6 501
6 58 501
202 84 860
84 202 860
181 0 327
0 181 327
1 158 570
158 1 570
63 77 554
77 63 554
125 46 728
46 125 728
172 104 452
104 172 452
130 100 473
100 130 473
113 111 267
111 113 267
42 5 16
5 42 16
176 136 802
136 176 802
138 85 176
85 138 176
99 161 254
161 99 254
64 86 900
86 64 900
170 157 6
157 170 6
159 113 527
113 159 527
83 118 124
118 83 124
8 137 279
137 8 279
176 170 578
170 176 578
154 41 691
41 154 691
21 30 559
30 21 559
193 86 226
86 193 226
159 169 66
169 159 66
54 165 690
165 54 690
156 5 382
5 156 382
71 204 293
204 71 293
155 112 140
112 155 140
203 32 516
32 203 516
156 105 599
105 156 599
111 74 831
74 111 831
52 121 158
121 52 158
190 135 138
135 190 138
131 12 800
12 131 800
102 123 583
123 102 583
94 90 992
90 94 992
22 70 750
70 22 750
52 5 778
5 52 778
8 0 623
0 8 623
196 52 644
52 196 644
123 158 630
158 123 630
74 134 610
134 74 610
154 73 466
73 154 466
117 203 981
203 117 981
202 59 166
59 202 166
193 178 828
178 193 828
170 48 559
48 170 559
147 30 868
30 147 868
89 116 140
116 89 140
100 191 720
191 100 720
69 148 804
148 69 804
107 8 966
8 107 966
142 180 39
180 142 39
147 68 765
68 147 765
6 132 883
132 6 883
139 141 743
141 139 743
157 31 266
31 157 266
65 141 166
141 65 166
165 124 364
124 165 364
109 56 59
56 109 59
99 45 154
45 99 154
0 55 502
55 0 502
71 142 25
142 71 25
169 151 12
151 169 12
31 59 334
59 31 334
200 142 353
142 200 353
193 108 139
108 193 139
64 182 445
182 64 445
39 154 319
154 39 319
190 15 336
15 190 336
3 125 765
125 3 765
80 184 9
184 80 9
80 75 546
75 80 546
62 170 703
170 62 703
30 10 777
10 30 777
183 122 943
122 183 943
93 80 976
80 93 976
14 112 3
112 14 3
19 17 636
17 19 636
193 130 860
130 193 860
99 29 151
29 99 151
89 129 243
129 89 243
190 6 968
6 190 968
55 28 806
28 55 806
35 96 172
96 35 172
21 89 437
89 21 437
171 34 635
34 171 635
71 119 727
119 71 727
167 136 616
136 167 616
183 40 348
40 183 348
170 99 385
99 170 385
74 71 954
71 74 954
26 123 91
123 26 91
154 107 687
107 154 687
167 119 241
119 167 241
146 154 166
154 146 166
170 140 414
140 170 414
194 42 822
42 194 822
178 36 15
36 178 15
117 18 922
18 117 922
63 27 480
27 63 480
67 43 544
43 67 544
109 32 268
32 109 268
35 26 466
26 35 466
121 13 122
13 121 122
7 65 507
65 7 507
173 55 279
55 173 279
159 67 260
67 159 260
128 76 719
76 128 719
102 107 702
107 102 702
131 180 780
180 131 780
18 54 348
54 18 348
8 40 213
40 8 213
82 122 337
122 82 337
20 37 690
37 20 690
13 62 697
62 13 697
0 187 938
187 0 938
163 129 866
129 163 866
143 66 598
66 143 598
173 122 159
122 173 159
65 50 298
50 65 298
71 172 330
172 71 330
178 185 413
185 178 413
171 2 174
2 171 174
98 125 144
125 98 144
79 151 452
151 79 452
84 132 951
132 84 951
66 13 491
13 66 491
168 193 797
193 168 797
91 143 626
143 91 626
69 200 562
200 69 562
108 181 972
181 108 972
197 18 173
18 197 173
152 157 654
157 152 654
72 76 112
76 72 112
146 45 815
45 146 815
188 100 393
100 188 393
115 1 272
1 115 272
117 86 13
86 117 13
83 104 839
104 83 839
21 181 968
181 21 968
116 113 539
113 116 539
32 148 350
148 32 350
69 30 801
30 69 801
2 81 145
81 2 145
195 140 523
140 195 523
163 185 676
185 163 676
29 185 576
185 29 576
8 50 475
50 8 475
26 96 934
96 26 934
110 111 628
111 110 628
199 164 233
164 199 233
124 50 541
50 124 541
72 128 199
128 72 199
45 0 642
0 45 642
29 123 19
123 29 19
99 6 585
6 99 585
169 106 189
106 169 189
164 192 79
192 164 79
109 182 242
182 109 242
28 138 460
138 28 460
179 30 102
30 179 102
69 87 451
87 69 451
152 83 649
83 152 649
121 42 258
42 121 258
1 102 364
102 1 364
77 156 92
156 77 92
165 24 504
24 165 504
66 131 256
131 66 256
46 131 407
131 46 407
8 1 794
1 8 794
111 71 689
71 111 689
14 90 901
90 14 901
26 155 476
155 26 476
0 79 129
79 0 129
122 95 285
95 122 285
156 74 407
74 156 407
44 120 138
120 44 138
183 89 579
89 183 579
65 195 71
195 65 71
69 21 113
21 69 113
141 56 482
56 141 482
151 147 950
147 151 950
74 147 402
147 74 402
84 131 650
131 84 650
106 80 686
80 106 686
39 9 413
9 39 413
165 179 61
179 165 61
187 84 914
84 187 914
201 48 722
48 201 722
61 21 782
21 61 782
68 151 747
151 68 747
120 166 707
166 120 707
28 90 646
90 28 646
14 58 352
58 14 352
199 155 832
155 199 832
160 89 573
89 160 573
197 75 206
75 197 206
199 116 335
116 199 335
29 95 259
95 29 259
185 116 529
116 185 529
49 163 774
163 49 774
182 32 156
32 182 156
26 45 599
45 26 599
190 61 524
61 190 524
67 115 323
115 67 323
186 51 663
51 186 663
81 49 625
49 81 625
169 119 534
119 169 534
72 95 341
95 72 341
59 201 487
201 59 487
43 166 58
166 43 58
188 160 840
160 188 840
54 132 2
132 54 2
102 89 106
89 102 106
83 103 360
103 83 360
79 92 343
92 79 343
162 130 370
130 162 370
111 176 139
176 111 139
148 58 751
58 148 751
84 124 345
124 84 345
103 51 45
51 103 45
110 137 63
137 110 63
90 117 815
117 90 815
14 173 614
173 14 614
94 60 728
60 94 728
112 154 940
154 112 940
135 80 55
80 135 55
139 0 618
0 139 618
175 115 261
115 175 261
149 117 576
117 149 576
49 110 185
110 49 185
24 49 821
49 24 821
75 69 972
69 75 972
14 152 366
152 14 366
144 93 26
93 144 26
97 55 181
55 97 181
7 136 707
136 7 707
59 203 330
203 59 330
49 32 763
32 49 763
145 178 487
178 145 487
89 173 548
173 89 548
191 81 802
81 191 802
75 137 528
137 75 528
144 89 341
89 144 341
154 85 482
85 154 482
67 163 930
163 67 930
54 71 824
71 54 824
63 26 0
26 63 0
162 194 160
194 162 160
27 90 150
90 27 150
187 197 798
197 187 798
72 4 696
4 72 696
20 25 336
25 20 336
74 48 981
48 74 981
71 126 407
126 71 407
151 31 246
31 151 246
111 86 336
86 111 336
112 70 360
70 112 360
31 187 899
187 31 899
192 10 372
10 192 372
122 17 395
17 122 395
122 43 13
43 122 13
187 155 5
155 187 5
35 14 735
14 35 735
197 167 19
167 197 19
74 57 522
57 74 522
98 26 48
26 98 48
102 177 586
177 102 586
77 9 797
9 77 797
163 149 805
149 163 805
184 125 27
125 184 27
192 1 581
1 192 581
35 78 728
78 35 728
6 17 372
17 6 372
179 64 546
64 179 546
191 186 132
186 191 132
80 122 674
122 80 674
97 144 441
144 97 441
1 20 482
20 1 482
184 31 938
31 184 938
121 169 660
169 121 660
48 121 942
121 48 942
76 200 855
200 76 855
40 106 906
106 40 906
134 101 555
101 134 555
55 100 626
100 55 626
104 44 897
44 104 897
70 106 41
106 70 41
77 57 888
57 77 888
199 36 987
36 199 987
71 158 547
158 71 547
118 39 730
39 118 730
36 74 786
74 36 786
192 99 891
99 192 891
36 2 946
2 36 946
34 138 471
138 34 471
100 10 165
10 100 165
112 132 485
132 112 485
110 72 604
72 110 604
86 131 515
131 86 515
177 153 353
153 177 353
39 71 366
71 39 366
94 44 645
44 94 645
54 140 55
140 54 55
16 91 181
91 16 181
68 155 332
155 68 332
172 184 649
184 172 649
183 107 564
107 183 564
2 67 698
67 2 698
110 174 384
174 110 384
3 180 355
180 3 355
201 52 112
52 201 112
77 154 169
154 77 169
24 2 590
2 24 590
121 10 77
10 121 77
61 95 724
95 61 724
128 135 796
135 128 796
108 188 743
188 108 743
32 17 173
17 32 173
163 180 168
180 163 168
41 24 537
24 41 537
201 178 365
178 201 365
25 170 294
170 25 294
21 60 343
60 21 343
35 176 821
176 35 821
80 43 883
43 80 883
75 72 350
72 75 350
71 19 991
19 71 991
129 62 711
62 129 711
9 162 757
162 9 757
28 166 312
166 28 312
70 162 354
162 70 354
14 33 523
33 14 523
165 80 416
80 165 416
85 128 996
128 85 996
163 9 5
9 163 5
155 198 649
198 155 649
30 54 109
54 30 109
90 104 662
104 90 662
90 12 610
12 90 610
61 100 525
100 61 525
177 174 705
174 177 705
99 136 172
136 99 172
162 160 812
160 162 812
26 66 118
66 26 118
50 13 492
13 50 492
148 158 692
158 148 692
92 153 598
153 92 598
90 40 682
40 90 682
11 102 234
102 11 234
72 96 564
96 72 564
135 104 876
104 135 876
179 112 26
112 179 26
61 87 899
87 61 899
54 80 622
80 54 622
193 180 448
180 193 448
95 35 414
35 95 414
75 55 601
55 75 601
201 14 175
14 201 175
139 122 54
122 139 54
162 38 659
38 162 659
37 7 342
7 37 342
5 146 894
146 5 894
49 183 491
183 49 491
175 34 275
34 175 275
146 73 564
73 146 564
137 36 484
36 137 484
75 58 235
58 75 235
56 105 163
105 56 163
127 103 851
103 127 851
39 49 70
49 39 70
200 204 402
204 200 402
122 166 94
166 122 94
75 48 235
48 75 235
177 172 144
172 177 144
50 144 141
144 50 141
157 150 842
150 157 842
168 17 600
17 168 600
96 16 7
16 96 7
67 7 571
7 67 571
29 115 616
115 29 616
73 138 706
138 73 706
158 44 572
44 158 572
65 104 351
104 65 351
144 35 5
35 144 5
169 41 509
41 169 509
117 106 230
106 117 230
66 178 363
178 66 363
179 132 93
132 179 93
135 165 587
165 135 587
108 31 756
31 108 756
153 184 881
184 153 881
164 9 237
9 164 237
63 46 760
46 63 760
102 48 675
48 102 675
185 154 289
154 185 289
8 77 132
77 8 132
104 176 410
176 104 410
0 19 889
19 0 889
33 41 671
41 33 671
95 101 647
101 95 647
154 181 367
181 154 367
191 94 784
94 191 784
138 86 887
86 138 887
34 204 925
204 34 925
107 176 456
176 107 456
163 65 955
65 163 955
20 28 191
28 20 191
194 123 234
123 194 234
177 128 393
128 177 393
14 10 525
10 14 525
10 122 848
122 10 848
175 202 691
202 175 691
191 19 318
19 191 318
11 5 322
5 11 322
54 35 1
35 54 1
23 148 403
148 23 403
41 2 49
2 41 49
114 43 41
43 114 41
80 23 269
23 80 269
46 68 334
68 46 334
190 177 185
177 190 185
199 90 372
90 199 372
24 5 975
5 24 975
151 66 391
66 151 391
62 195 132
195 62 132
82 100 620
100 82 620
46 89 758
89 46 758
133 16 868
16 133 868
98 120 918
120 98 918
25 161 68
161 25 68
113 190 948
190 113 948
5 41 950
41 5 950
161 184 486
184 161 486
98 1 215
1 98 215
184 131 42
131 184 42
136 174 29
174 136 29
155 65 720
65 155 720
153 194 693
194 153 693
49 61 137
61 49 137
198 54 94
54 198 94
40 34 731
34 40 731
34 42 24
42 34 24
145 39 635
39 145 635
43 157 139
157 43 139
184 180 586
180 184 586
157 148 206
148 157 206
192 179 512
179 192 512
176 96 108
96 176 108
145 44 127
44 145 127
179 182 481
182 179 481
190 49 560
49 190 560
194 84 426
84 194 426
91 162 80
162 91 80
122 146 343
146 122 343
5 49 254
49 5 254
97 48 793
48 97 793
110 74 457
74 110 457
68 195 565
195 68 565
7 102 456
102 7 456
31 83 246
83 31 246
40 204 486
204 40 486
39 139 290
139 39 290
50 59 497
59 50 497
171 167 992
167 171 992
120 35 89
35 120 89
69 189 955
189 69 955
54 45 689
45 54 689
93 142 158
142 93 158
132 26 342
26 132 342
25 187 784
187 25 784
133 14 694
14 133 694
69 110 508
110 69 508
51 87 400
87 51 400
118 125 970
125 118 970
43 194 908
194 43 908
164 128 849
128 164 849
120 69 741
69 120 741
156 58 531
58 156 531
56 138 871
138 56 871
198 1 155
1 198 155
111 47 632
47 111 632
178 109 951
109 178 951
22 171 451
171 22 451
67 20 499
20 67 499
100 148 569
148 100 569
99 16 0
16 99 0
151 142 137
142 151 137
20 53 895
53 20 895
149 77 229
77 149 229
193 35 111
35 193 111
115 54 435
54 115 435
137 111 293
111 137 293
128 194 505
194 128 505
35 51 167
51 35 167
101 166 863
166 101 863
154 21 448
21 154 448
36 139 679
139 36 679
148 133 68
133 148 68
9 202 772
202 9 772
82 140 159
140 82 159
36 10 724
10 36 724
56 180 913
180 56 913
153 30 47
30 153 47
55 7 212
7 55 212
38 110 599
110 38 599
79 81 421
81 79 421
56 111 4
111 56 4
141 201 543
201 141 543
61 73 316
73 61 316
184 188 550
188 184 550
152 89 619
89 152 619
99 178 770
178 99 770
203 12 429
12 203 429
136 115 368
115 136 368
117 160 762
160 117 762
55 169 628
169 55 628
24 37 884
37 24 884
130 153 157
153 130 157
133 116 112
116 133 112
196 182 285
182 196 285
202 184 393
184 202 393
28 146 949
146 28 949
194 41 843
41 194 843
196 75 958
75 196 958
38 151 158
151 38 158
147 71 598
71 147 598
122 11 64
11 122 64
134 204 445
204 134 445
148 8 746
8 148 746
74 82 444
82 74 444
103 168 958
168 103 958
201 164 145
164 201 145
24 176 722
176 24 722
2 6 32
6 2 32
45 42 270
42 45 270
8 82 352
82 8 352
107 101 630
101 107 630
4 69 762
69 4 762
56 142 346
142 56 346
130 32 14
32 130 14
187 178 839
178 187 839
55 4 883
4 55 883
116 129 140
129 116 140
65 85 628
85 65 628
96 161 978
161 96 978
81 164 69
164 81 69
40 109 106
109 40 106
120 135 881
135 120 881
37 84 496
84 37 496
67 120 860
120 67 860
185 31 355
31 185 355
144 166 856
166 144 856
95 64 181
64 95 181
145 193 984
193 145 984
41 191 206
191 41 206
103 90 763
90 103 763
139 97 161
97 139 161
174 13 996
13 174 996
97 27 872
27 97 872
46 64 476
64 46 476
147 84 283
84 147 283
96 168 794
168 96 794
43 98 85
98 43 85
193 156 315
156 193 315
30 185 972
185 30 972
57 67 86
67 57 86
77 203 299
203 77 299
82 87 728
87 82 728
106 46 525
46 106 525
32 65 885
65 32 885
182 38 424
38 182 424
19 62 851
62 19 851
80 89 607
89 80 607
10 57 178
57 10 178
172 169 643
169 172 643
1 149 715
149 1 715
63 67 23
67 63 23
66 4 865
4 66 865
174 135 891
135 174 891
193 147 324
147 193 324
27 59 294
59 27 294
118 185 725
185 118 725
6 145 529
145 6 529
17 116 611
116 17 611
150 125 397
125 150 397
192 181 596
181 192 596
31 40 973
40 31 973
147 62 501
62 147 501
182 95 125
95 182 125
108 101 173
101 108 173
120 173 236
173 120 236
30 204 392
204 30 392
24 169 83
169 24 83
165 85 844
85 165 844
58 84 983
84 58 983
139 203 914
203 139 914
140 50 538
50 140 538
110 93 539
93 110 539
6 123 288
123 6 288
174 7 441
7 174 441
33 90 959
90 33 959
150 87 726
87 150 726
134 154 207
154 134 207
6 167 226
167 6 226
199 127 807
127 199 807
9 88 564
88 9 564
40 188 27
188 40 27
58 5 884
5 58 884
13 161 947
161 13 947
30 72 249
72 30 249
164 96 131
96 164 131
76 112 762
112 76 762
6 134 792
134 6 792
189 199 888
199 189 888
60 95 759
95 60 759
55 13 471
13 55 471
81 46 63
46 81 63
110 87 390
87 110 390
146 14 217
14 146 217
8 62 538
62 8 538
178 34 129
34 178 129
38 62 11
62 38 11
89 143 248
143 89 248
28 121 461
121 28 461
149 106 422
106 149 422
65 193 405
193 65 405
116 68 78
68 116 78
131 72 600
72 131 600
20 159 214
159 20 214
151 164 874
164 151 874
173 179 828
179 173 828
200 145 456
145 200 456
6 92 727
92 6 727
104 164 677
164 104 677
201 171 641
171 201 641
179 107 13
107 179 13
171 9 359
9 171 359
168 154 375
154 168 375
189 19 657
19 189 657
47 40 136
40 47 136
55 204 826
204 55 826
99 46 623
46 99 623
121 194 484
194 121 484
127 139 142
139 127 142
44 172 960
172 44 960
29 129 357
129 29 357
4 100 389
100 4 389
121 76 410
76 121 410
90 19 305
19 90 305
149 115 578
115 149 578
70 69 441
69 70 441
64 75 526
75 64 526
87 179 143
179 87 143
198 115 921
115 198 921
62 104 933
104 62 933
146 137 487
137 146 487
132 116 443
116 132 443
127 49 928
49 127 928
15 134 53
134 15 53
81 3 198
3 81 198
91 119 707
119 91 707
200 124 206
124 200 206
198 34 876
34 198 876
91 60 965
60 91 965
98 64 962
64 98 962
88 175 177
175 88 177
193 50 624
50 193 624
174 66 690
66 174 690
157 124 21
124 157 21
103 87 851
87 103 851
117 70 402
70 117 402
123 159 371
159 123 371
0 38 596
38 0 596
2 185 118
185 2 118
29 74 786
74 29 786
197 203 608
203 197 608
62 42 361
42 62 361
159 180 891
180 159 891
8 16 326
16 8 326
88 190 508
190 88 508
157 167 626
167 157 626
196 146 417
146 196 417
37 71 963
71 37 963
41 98 55
98 41 55
1 100 32
100 1 32
137 201 514
201 137 514
160 192 317
192 160 317
129 111 938
111 129 938
71 175 193
175 71 193
138 142 347
142 138 347
17 147 672
147 17 672
143 106 497
106 143 497
48 103 934
103 48 934
129 42 917
42 129 917
137 135 469
135 137 469
115 72 919
72 115 919
158 130 265
130 158 265
96 138 414
138 96 414
103 182 431
182 103 431
141 72 622
72 141 622
192 94 129
94 192 129
35 157 832
157 35 832
102 125 115
125 102 115
155 43 114
43 155 114
88 143 986
143 88 986
48 172 702
172 48 702
3 85 701
85 3 701
131 108 268
108 131 268
106 185 113
185 106 113
111 154 521
154 111 521
113 135 8
135 113 8
183 103 15
103 183 15
102 17 909
17 102 909
93 8 802
8 93 802
48 147 647
147 48 647
17 160 719
160 17 719
36 61 593
61 36 593
143 31 49
31 143 49
180 110 936
110 180 936
24 118 613
118 24 613
185 191 135
191 185 135
96 99 720
99 96 720
189 80 414
80 189 414
188 150 760
150 188 760
182 56 148
56 182 148
96 84 659
84 96 659
180 37 978
37 180 978
112 38 590
38 112 590
33 63 274
63 33 274
40 22 412
22 40 412
35 66 885
66 35 885
111 173 536
173 111 536
102 200 897
200 102 897
66 86 158
86 66 158
43 39 852
39 43 852
164 146 137
146 164 137
82 78 6
78 82 6
159 57 857
57 159 857
9 129 592
129 9 592
140 152 88
152 140 88
101 180 259
180 101 259
92 129 698
129 92 698
11 33 548
33 11 548
134 160 82
160 134 82
147 139 392
139 147 392
102 56 491
56 102 491
32 83 531
83 32 531
186 202 147
202 186 147
61 191 848
191 61 848
179 147 151
147 179 151
186 39 159
39 186 159
67 8 660
8 67 660
122 168 69
168 122 69
134 174 578
174 134 578
127 0 960
0 127 960
168 3 488
3 168 488
191 196 834
196 191 834
148 28 685
28 148 685
25 133 524
133 25 524
65 5 795
5 65 795
19 26 742
26 19 742
8 185 1000
185 8 1000
105 132 811
132 105 811
130 195 255
195 130 255
114 135 486
135 114 486
177 1 784
1 177 784
175 20 558
20 175 558
74 54 519
54 74 519
177 183 583
183 177 583
154 183 965
183 154 965
105 58 349
58 105 349
174 11 494
11 174 494
115 192 1
192 115 1
137 43 241
43 137 241
59 204 760
204 59 760
68 65 699
65 68 699
185 68 164
68 185 164
151 159 491
159 151 491
134 157 950
157 134 950
87 8 712
8 87 712
63 35 899
35 63 899
76 48 218
48 76 218
74 95 465
95 74 465
25 171 845
171 25 845
141 197 626
197 141 626
53 147 592
147 53 592
156 2 581
2 156 581
94 71 147
71 94 147
130 83 400
83 130 400
70 153 390
153 70 390
172 22 261
22 172 261
169 113 601
113 169 601
101 49 243
49 101 243
171 194 638
194 171 638
111 9 329
9 111 329
20 39 864
39 20 864
164 91 563
91 164 563
197 113 721
113 197 721
95 198 117
198 95 117
182 204 209
204 182 209
145 58 614
58 145 614
154 100 255
100 154 255
95 38 553
38 95 553
123 180 300
180 123 300
14 42 524
42 14 524
46 0 864
0 46 864
80 147 748
147 80 748
55 151 196
151 55 196
16 100 851
100 16 851
187 166 469
166 187 469
89 40 513
40 89 513
63 47 498
47 63 498
192 147 868
147 192 868
149 28 957
28 149 957
29 90 394
90 29 394
173 82 913
82 173 913
142 78 163
78 142 163
131 174 629
174 131 629
13 96 448
96 13 448
117 27 920
27 117 920
161 48 383
48 161 383
202 126 91
126 202 91
68 89 997
89 68 997
81 71 93
71 81 93
146 124 875
124 146 875
157 155 525
155 157 525
129 99 836
99 129 836
198 144 922
144 198 922
122 70 20
70 122 20
183 125 97
125 183 97
3 117 93
117 3 93
37 36 726
36 37 726
84 43 913
43 84 913
114 77 543
77 114 543
16 181 302
181 16 302
72 88 604
88 72 604
31 17 133
17 31 133
41 116 507
116 41 507
125 127 148
127 125 148
170 136 277
136 170 277
12 89 139
89 12 139
193 80 997
80 193 997
58 16 891
16 58 891
37 124 359
124 37 359
113 157 491
157 113 491
126 84 773
84 126 773
159 42 83
42 159 83
13 29 632
29 13 632
47 181 810
181 47 810
171 170 225
170 171 225
195 39 843
39 195 843
180 114 691
114 180 691
98 192 130
192 98 130
9 11 551
11 9 551
183 19 326
19 183 326
202 141 178
141 202 178
49 148 680
148 49 680
53 5 963
5 53 963
15 4 751
4 15 751
106 95 193
95 106 193
85 97 501
97 85 501
42 0 551
0 42 551
37 86 223
86 37 223
63 32 401
32 63 401
152 197 384
197 152 384
82 196 930
196 82 930
15 144 529
144 15 529
17 21 891
21 17 891
119 39 432
39 119 432
116 99 549
99 116 549
51 164 810
164 51 810
190 159 70
159 190 70
75 139 997
139 75 997
156 162 524
162 156 524
173 65 853
65 173 853
14 170 739
170 14 739
8 27 128
27 8 128
43 95 729
95 43 729
56 79 155
79 56 155
59 67 312
67 59 312
136 53 528
53 136 528
164 114 425
114 164 425
180 133 208
133 180 208
36 38 99
38 36 99
113 191 124
191 113 124
146 149 477
149 146 477
143 59 171
59 143 171
67 46 238
46 67 238
169 144 612
144 169 612
162 200 908
200 162 908
27 22 538
22 27 538
16 64 503
64 16 503
23 51 946
51 23 946
85 130 133
130 85 133
100 51 563
51 100 563
114 120 654
120 114 654
175 2 615
2 175 615
121 61 934
61 121 934
75 149 819
149 75 819
33 4 645
4 33 645
100 125 29
125 100 29
97 65 787
65 97 787
125 12 718
12 125 718
61 67 998
67 61 998
16 139 220
139 16 220
54 22 845
22 54 845
195 70 464
70 195 464
33 100 282
100 33 282
15 107 401
107 15 401
129 170 737
170 129 737
168 138 304
138 168 304
141 38 629
38 141 629
93 123 379
123 93 379
77 25 669
25 77 669
38 41 881
41 38 881
201 80 943
80 201 943
169 124 496
124 169 496
86 39 529
39 86 529
111 153 756
153 111 756
126 9 118
9 126 118
179 57 327
57 179 327
128 68 77
68 128 77
50 51 205
51 50 205
172 120 714
120 172 714
108 15 743
15 108 743
170 162 404
162 170 404
26 139 78
139 26 78
63 45 677
45 63 677
163 134 192
134 163 192
100 73 358
73 100 358
163 167 897
167 163 897
109 83 271
83 109 271
159 22 119
22 159 119
72 17 452
17 72 452
113 108 959
108 113 959
190 26 306
26 190 306
140 33 586
33 140 586
160 128 375
128 160 375
137 85 103
85 137 103
178 20 532
20 178 532
183 24 881
24 183 881
95 128 823
128 95 823
37 38 476
38 37 476
116 170 599
170 116 599
91 96 812
96 91 812
162 187 243
187 162 243
71 93 695
93 71 695
76 3 798
3 76 798
54 72 977
72 54 977
123 15 955
15 123 955
71 20 13
20 71 13
31 39 723
39 31 723
171 149 785
149 171 785
39 4 994
4 39 994
163 196 635
196 163 635
190 200 108
200 190 108
181 144 276
144 181 276
25 114 798
114 25 798
116 76 429
76 116 429
183 95 76
95 183 76
39 92 60
92 39 60
65 78 260
78 65 260
4 80 399
80 4 399
55 172 668
172 55 668
169 22 794
22 169 794
38 13 147
13 38 147
6 120 218
120 6 218
92 148 997
148 92 997
66 40 430
40 66 430
76 54 560
54 76 560
52 95 339
95 52 339
21 79 671
79 21 671
62 14 946
14 62 946
46 189 97
189 46 97
53 15 650
15 53 650
42 70 820
70 42 820
137 102 313
102 137 313
160 153 148
153 160 148
92 74 395
74 92 395
61 182 53
182 61 53
45 102 789
102 45 789
63 179 636
179 63 636
43 108 479
108 43 479
77 79 761
79 77 761
54 51 164
51 54 164
195 174 109
174 195 109
8 95 263
95 8 263
16 11 901
11 16 901
33 75 527
75 33 527
7 52 623
52 7 623
123 174 973
174 123 973
197 145 15
145 197 15
180 194 267
194 180 267
95 158 673
158 95 673
24 1 317
1 24 317
57 25 737
25 57 737
51 129 420
129 51 420
104 84 985
84 104 985
61 93 255
93 61 255
154 164 738
164 154 738
33 53 177
53 33 177
35 0 437
0 35 437
1 80 373
80 1 373
155 158 89
158 155 89
166 92 134
92 166 134
144 203 972
203 144 972
134 29 395
29 134 395
59 70 402
70 59 402
4 13 98
13 4 98
192 150 691
150 192 691
172 171 174
171 172 174
127 181 539
181 127 539
93 166 684
166 93 684
126 194 0
194 126 0
39 98 95
98 39 95
194 140 345
140 194 345
92 16 248
16 92 248
101 141 585
141 101 585
10 116 558
116 10 558
112 92 409
92 112 409
203 34 4
34 203 4
158 129 742
129 158 742
180 117 557
117 180 557
82 19 796
19 82 796
127 23 104
23 127 104
188 136 295
136 188 295
159 142 251
142 159 251
177 35 168
35 177 168
53 87 169
87 53 169
133 145 171
145 133 171
139 30 851
30 139 851
109 74 574
74 109 574
162 124 983
124 162 983
93 85 317
85 93 317
160 45 786
45 160 786
184 91 740
91 184 740
8 41 474
41 8 474
137 198 516
198 137 516
96 153 191
153 96 191
108 4 825
4 108 825
66 37 431
37 66 431
100 5 290
5 100 290
65 130 321
130 65 321
44 71 873
71 44 873
131 170 478
170 131 478
28 21 925
21 28 925
40 65 279
65 40 279
102 187 190
187 102 190
202 10 331
10 202 331
61 55 381
55 61 381
44 25 807
25 44 807
29 63 691
63 29 691
6 55 104
55 6 104
119 3 529
3 119 529
58 29 616
29 58 616
129 32 136
32 129 136
67 73 423
73 67 423
133 81 976
81 133 976
139 153 12
153 139 12
16 79 208
79 16 208
200 73 134
73 200 134
157 38 736
38 157 736
54 145 687
145 54 687
32 7 628
7 32 628
181 180 80
180 181 80
83 55 557
55 83 557
204 21 761
21 204 761
132 159 936
159 132 936
98 16 631
16 98 631
172 131 887
131 172 887
43 192 459
192 43 459
30 29 290
29 30 290
152 26 88
26 152 88
65 184 658
184 65 658
110 184 800
184 110 800
137 90 779
90 137 779
4 43 237
43 4 237
86 11 995
11 86 995
191 32 0
32 191 0
71 1 650
1 71 650
63 149 496
149 63 496
163 191 690
191 163 690
2 121 731
121 2 731
94 37 739
37 94 739
171 127 480
127 171 480
27 153 311
153 27 311
192 155 661
155 192 661
43 112 354
112 43 354
26 108 449
108 26 449
139 117 67
117 139 67
128 41 339
41 128 339
5 162 24
162 5 24
25 194 159
194 25 159
58 123 898
123 58 898
200 100 32
100 200 32
41 15 183
15 41 183
66 59 532
59 66 532
126 1 691
1 126 691
2 190 296
190 2 296
121 139 318
139 121 318
62 26 163
26 62 163
204 72 917
72 204 917
158 193 119
193 158 119
44 99 289
99 44 289
99 199 312
199 99 312
127 36 33
36 127 33
37 174 339
174 37 339
164 10 69
10 164 69
142 131 666
131 142 666
138 172 225
172 138 225
49 111 316
111 49 316
27 12 386
12 27 386
200 108 41
108 200 41
183 60 947
60 183 947
23 153 7
153 23 7
172 117 59
117 172 59
98 67 639
67 98 639
151 163 895
163 151 895
198 112 481
112 198 481
15 89 599
89 15 599
17 28 574
28 17 574
201 60 104
60 201 104
135 95 66
95 135 66
103 102 676
102 103 676
82 46 840
46 82 840
85 11 443
11 85 443
89 82 484
82 89 484
21 182 513
182 21 513
3 112 552
112 3 552
34 17 875
17 34 875
101 3 870
3 101 870
108 179 133
179 108 133
89 71 518
71 89 518
67 3 900
3 67 900
32 6 96
6 32 96
3 162 917
162 3 917
101 18 936
18 101 936
57 96 715
96 57 715
109 188 401
188 109 401
165 169 579
169 165 579
145 23 156
23 145 156
100 7 870
7 100 870
104 105 752
105 104 752
86 0 517
0 86 517
101 55 8
55 101 8
98 159 697
159 98 697
145 180 668
180 145 668
17 88 118
88 17 118
73 170 495
170 73 495
168 84 282
84 168 282
116 183 176
183 116 176
157 97 832
97 157 832
143 57 204
57 143 204
45 144 513
144 45 513
60 178 148
178 60 148
45 40 328
40 45 328
69 111 118
111 69 118
175 141 706
141 175 706
20 0 818
0 20 818
191 34 980
34 191 980
106 102 950
102 106 950
14 166 365
166 14 365
67 4 339
4 67 339
5 36 34
36 5 34
115 113 276
113 115 276
104 199 163
199 104 163
75 151 762
151 75 762
174 68 81
68 174 81
78 15 426
15 78 426
195 102 694
102 195 694
174 41 671
41 174 671
104 95 183
95 104 183
40 153 948
153 40 948
134 111 116
111 134 116
112 123 204
123 112 204
79 196 75
196 79 75
80 63 833
63 80 833
145 126 43
126 145 43
116 195 30
195 116 30
199 103 162
103 199 162
129 197 911
197 129 911
7 5 597
5 7 597
27 16 936
16 27 936
67 188 771
188 67 771
69 49 896
49 69 896
188 157 460
157 188 460
196 175 984
175 196 984
78 105 119
105 78 119
43 81 17
81 43 17
192 105 190
105 192 190
204 41 739
41 204 739
128 99 882
99 128 882
111 143 742
143 111 742
45 8 782
8 45 782
171 203 682
203 171 682
69 136 766
136 69 766
178 115 401
115 178 401
187 163 695
163 187 695
83 184 455
184 83 455
170 13 658
13 170 658
143 22 258
22 143 258
152 29 955
29 152 955
72 79 2
79 72 2
127 143 189
143 127 189
85 163 256
163 85 256
190 121 262
121 190 262
120 137 431
137 120 431
57 3 434
3 57 434
73 10 122
10 73 122
40 100 322
100 40 322
91 40 739
40 91 739
86 103 526
103 86 526
55 123 959
123 55 959
137 130 970
130 137 970
19 46 432
46 19 432
42 99 671
99 42 671
164 80 739
80 164 739
26 55 424
55 26 424
166 160 974
160 166 974
199 181 729
181 199 729
74 24 504
24 74 504
126 14 971
14 126 971
62 97 562
97 62 562
33 134 455
134 33 455
166 99 720
99 166 720
44 76 189
76 44 189
37 115 25
115 37 25
103 154 215
154 103 215
165 2 68
2 165 68
202 144 169
144 202 169
125 103 464
103 125 464
71 84 956
84 71 956
123 147 866
147 123 866
139 145 158
145 139 158
73 185 978
185 73 978
40 73 349
73 40 349
95 134 740
134 95 740
199 31 793
31 199 793
151 50 944
50 151 944
179 75 403
75 179 403
62 15 917
15 62 917
198 165 915
165 198 915
52 146 143
146 52 143
9 152 956
152 9 956
132 51 45
51 132 45
74 73 482
73 74 482
135 109 536
109 135 536
118 17 643
17 118 643
133 122 138
122 133 138
122 116 82
116 122 82
127 154 942
154 127 942
52 133 934
133 52 934
153 183 337
183 153 337
34 85 639
85 34 639
126 177 313
177 126 313
157 165 594
165 157 594
105 43 7
43 105 7
157 115 486
115 157 486
7 111 219
111 7 219
23 161 875
161 23 875
174 2 685
2 174 685
178 162 148
162 178 148
83 12 780
12 83 780
108 71 789
71 108 789
51 174 73
174 51 73
17 57 371
57 17 371
107 199 829
199 107 829
92 132 251
132 92 251
187 10 999
10 187 999
84 30 348
30 84 348
202 123 158
123 202 158
144 113 600
113 144 600
100 53 746
53 100 746
148 197 89
197 148 89
193 187 278
187 193 278
154 193 730
193 154 730
82 177 387
177 82 387
57 164 335
164 57 335
117 78 876
78 117 876
131 98 193
98 131 193
157 15 309
15 157 309
4 88 173
88 4 173
166 72 486
72 166 486
169 138 536
138 169 536
116 30 108
30 116 108
173 162 762
162 173 762
38 10 496
10 38 496
193 39 723
39 193 723
39 150 943
150 39 943
177 167 647
167 177 647
176 7 622
7 176 622
144 86 83
86 144 83
114 76 102
76 114 102
64 143 921
143 64 921
127 7 923
7 127 923
197 92 719
92 197 719
174 194 641
194 174 641
197 137 827
137 197 827
7 116 914
116 7 914
190 187 844
187 190 844
68 160 216
160 68 216
4 120 836
120 4 836
94 154 691
154 94 691
170 49 889
49 170 889
157 23 339
23 157 339
54 108 816
108 54 816
125 119 828
119 125 828
150 17 357
17 150 357
197 123 231
123 197 231
5 152 128
152 5 128
131 139 444
139 131 444
85 50 769
50 85 769
31 176 330
176 31 330
201 46 242
46 201 242
136 27 322
27 136 322
193 123 881
123 193 881
132 37 997
37 132 997
4 48 923
48 4 923
146 193 899
193 146 899
42 102 303
102 42 303
124 25 700
25 124 700
25 58 278
58 25 278
16 19 561
19 16 561
95 177 319
177 95 319
139 197 112
197 139 112
118 18 541
18 118 541
96 77 576
77 96 576
188 170 674
170 188 674
162 192 325
192 162 325
103 60 345
60 103 345
41 129 506
129 41 506
9 120 739
120 9 739
170 74 998
74 170 998
159 48 825
48 159 825
17 98 86
98 17 86
96 124 872
124 96 872
17 131 892
131 17 892
177 150 328
150 177 328
117 168 198
168 117 198
94 152 691
152 94 691
118 164 235
164 118 235
99 190 916
190 99 916
185 50 978
50 185 978
8 15 974
15 8 974
18 175 694
175 18 694
153 192 214
192 153 214
36 13 40
13 36 40
198 170 228
170 198 228
79 195 907
195 79 907
182 170 11
170 182 11
161 163 794
163 161 794
46 152 592
152 46 592
111 52 953
52 111 953
125 148 768
148 125 768
181 172 795
172 181 795
92 134 423
134 92 423
73 129 828
129 73 828
174 54 890
54 174 890
127 53 810
53 127 810
62 78 410
78 62 410
141 78 952
78 141 952
7 115 287
115 7 287
90 203 219
203 90 219
138 133 770
133 138 770
189 7 438
7 189 438
159 128 132
128 159 132
190 204 194
204 190 194
112 25 963
25 112 963
51 135 890
135 51 890
42 19 861
19 42 861
146 187 601
187 146 601
88 193 496
193 88 496
93 48 959
48 93 959
6 1 991
1 6 991
88 82 863
82 88 863
173 54 39
54 173 39
29 170 92
170 29 92
81 143 740
143 81 740
144 196 140
196 144 140
9 122 214
122 9 214
137 154 374
154 137 374
85 144 385
144 85 385
73 84 343
84 73 343
109 120 208
120 109 208
103 31 781
31 103 781
198 79 454
79 198 454
100 63 97
63 100 97
17 192 859
192 17 859
144 143 925
143 144 925
69 52 182
52 69 182
47 174 282
174 47 282
81 126 332
126 81 332
112 182 727
182 112 727
194 188 102
188 194 102
115 23 405
23 115 405
66 142 193
142 66 193
132 1 905
1 132 905
6 129 948
129 6 948
83 37 126
37 83 126
129 152 493
152 129 493
103 178 304
178 103 304
20 8 892
8 20 892
138 129 173
129 138 173
38 96 282
96 38 282
119 195 810
195 119 810
175 72 876
72 175 876
39 170 571
170 39 571
79 194 696
194 79 696
28 49 864
49 28 864
145 81 398
81 145 398
42 133 290
133 42 290
24 7 879
7 24 879
74 49 830
49 74 830
177 52 826
52 177 826
189 129 304
129 189 304
103 73 819
73 103 819
53 195 623
195 53 623
156 163 424
163 156 424
74 189 871
189 74 871
190 114 826
114 190 826
72 89 431
89 72 431
115 130 884
130 115 884
92 62 657
62 92 657
104 17 929
17 104 929
192 194 135
194 192 135
145 96 368
96 145 368
196 112 832
112 196 832
160 23 248
23 160 248
177 46 489
46 177 489
21 59 965
59 21 965
51 24 812
24 51 812
162 129 270
129 162 270
0 196 258
196 0 258
53 54 767
54 53 767
26 117 894
117 26 894
182 2 933
2 182 933
31 115 754
115 31 754
28 44 15
44 28 15
120 198 747
198 120 747
121 138 819
138 121 819
194 22 977
22 194 977
122 97 300
97 122 300
187 68 733
68 187 733
