216 197 265
197 216 265
263 216 414
216 263 414
155 216 366
216 155 366
302 216 516
216 302 516
71 263 143
263 71 143
48 302 818
302 48 818
130 302 722
302 130 722
316 263 317
263 316 317
51 216 920
216 51 920
174 130 573
130 174 573
53 71 444
71 53 444
167 51 655
51 167 655
108 316 488
316 108 488
237 108 533
108 237 533
139 197 824
197 139 824
294 197 95
197 294 95
215 197 626
197 215 626
267 174 249
174 267 249
176 263 195
263 176 195
309 130 244
130 309 244
76 215 458
215 76 458
46 263 327
263 46 327
279 139 111
139 279 111
164 215 298
215 164 298
67 215 340
215 67 340
299 48 986
48 299 986
305 267 294
267 305 294
246 263 610
263 246 610
213 174 589
174 213 589
132 51 188
51 132 188
103 299 191
299 103 191
16 294 487
294 16 487
36 71 695
71 36 695
74 51 945
51 74 945
20 71 919
71 20 919
311 67 857
67 311 857
300 215 534
215 300 534
135 108 916
108 135 916
241 300 281
300 241 281
259 103 676
103 259 676
205 71 332
71 205 332
66 103 601
103 66 601
194 167 248
167 194 248
8 215 119
215 8 119
127 279 813
279 127 813
100 76 436
76 100 436
34 48 801
48 34 801
88 8 224
8 88 224
26 311 649
311 26 649
323 135 696
135 323 696
43 216 127
216 43 127
116 135 850
135 116 850
77 67 93
67 77 93
227 77 118
77 227 118
21 135 22
135 21 22
122 53 735
53 122 735
81 132 215
132 81 215
38 194 23
194 38 23
265 241 103
241 265 103
166 302 226
302 166 226
45 205 308
205 45 308
223 305 184
305 223 184
39 16 478
16 39 478
24 167 716
167 24 716
251 67 266
67 251 266
231 166 858
166 231 858
113 299 989
299 113 989
37 309 865
309 37 865
110 194 542
194 110 542
169 139 611
139 169 611
288 46 13
46 288 13
310 116 921
116 310 921
206 127 397
127 206 397
170 176 574
176 170 574
230 216 468
216 230 468
248 174 343
174 248 343
249 71 557
71 249 557
96 215 245
215 96 245
258 45 360
45 258 360
204 311 689
311 204 689
124 230 969
230 124 969
304 124 874
124 304 874
210 294 732
294 210 732
107 26 766
26 107 766
146 210 82
210 146 82
0 248 196
248 0 196
243 66 163
66 243 163
86 246 652
246 86 652
158 88 727
88 158 727
312 0 581
0 312 581
308 77 32
77 308 32
144 158 581
158 144 581
151 107 726
107 151 726
13 76 456
76 13 456
22 36 718
36 22 718
60 81 540
81 60 540
322 223 929
223 322 929
202 249 773
249 202 773
1 302 506
302 1 506
123 241 857
241 123 857
178 48 828
48 178 828
301 77 192
77 301 192
203 124 85
124 203 85
315 144 133
144 315 133
5 43 972
43 5 972
256 77 323
77 256 323
2 305 14
305 2 14
273 60 2
60 273 2
317 0 541
0 317 541
233 167 195
167 233 195
52 249 664
249 52 664
82 52 309
52 82 309
112 86 186
86 112 186
42 166 874
166 42 874
159 204 83
204 159 83
10 20 935
20 10 935
183 301 811
301 183 811
55 233 262
233 55 262
62 210 533
210 62 533
329 210 660
210 329 660
145 237 892
237 145 892
70 20 871
20 70 871
9 71 41
71 9 41
93 243 265
243 93 265
232 259 969
259 232 969
157 329 581
329 157 581
19 273 767
273 19 767
289 157 729
157 289 729
271 183 655
183 271 655
188 22 892
22 188 892
228 127 212
127 228 212
165 170 9
170 165 9
68 135 277
135 68 277
149 0 808
0 149 808
168 279 346
279 168 346
272 51 42
51 272 42
125 205 153
205 125 153
260 170 369
170 260 369
182 36 300
36 182 300
58 70 748
70 58 748
114 167 315
167 114 315
89 68 746
68 89 746
33 249 412
249 33 412
156 248 424
248 156 424
57 67 574
67 57 574
225 145 345
145 225 345
171 103 490
103 171 490
63 19 436
19 63 436
18 249 343
249 18 343
324 241 941
241 324 941
91 156 384
156 91 384
297 46 67
46 297 67
47 323 767
323 47 767
118 139 394
139 118 394
6 67 403
67 6 403
275 165 296
165 275 296
222 232 807
232 222 807
285 21 433
21 285 433
50 13 225
13 50 225
140 18 795
18 140 795
97 233 196
233 97 196
191 213 65
213 191 65
17 149 462
149 17 462
117 132 509
132 117 509
212 251 212
251 212 212
28 21 638
21 28 638
92 299 202
299 92 202
247 60 370
60 247 370
286 135 107
135 286 107
318 93 151
93 318 151
295 203 653
203 295 653
234 68 507
68 234 507
185 19 510
19 185 510
121 260 624
260 121 624
134 263 348
263 134 348
187 304 36
304 187 36
287 300 895
300 287 895
152 118 802
118 152 802
98 322 596
322 98 596
180 329 67
329 180 67
59 165 889
165 59 889
29 294 230
294 29 230
87 174 307
174 87 307
11 42 338
42 11 338
109 135 889
135 109 889
274 22 517
22 274 517
236 168 514
168 236 514
27 225 92
225 27 92
313 47 78
47 313 78
262 116 296
116 262 296
327 47 427
47 327 427
291 1 622
1 291 622
154 71 672
71 154 672
3 313 186
313 3 186
199 271 583
271 199 583
177 146 67
146 177 67
314 113 965
113 314 965
201 314 417
314 201 417
252 202 63
202 252 63
119 117 957
117 119 957
95 45 293
45 95 293
224 237 964
237 224 964
15 9 427
9 15 427
65 232 911
232 65 911
284 118 734
118 284 734
40 234 715
234 40 715
73 312 421
312 73 421
23 275 477
275 23 477
150 183 48
183 150 48
54 329 796
329 54 796
79 71 33
71 79 33
221 285 135
285 221 135
239 304 107
304 239 107
261 58 664
58 261 664
143 26 392
26 143 392
290 201 796
201 290 796
195 246 902
246 195 902
32 275 717
275 32 717
192 222 647
222 192 647
147 28 127
28 147 127
269 29 636
29 269 636
133 95 869
95 133 869
75 1 818
1 75 818
137 262 893
262 137 893
278 73 124
73 278 124
219 147 804
147 219 804
101 51 800
51 101 800
184 112 380
112 184 380
320 88 466
88 320 466
172 224 647
224 172 647
44 53 923
53 44 923
30 93 261
93 30 261
14 68 682
68 14 682
255 225 896
225 255 896
120 38 95
38 120 95
282 252 514
252 282 514
321 149 430
149 321 430
240 96 968
96 240 968
80 300 436
300 80 436
268 273 945
273 268 945
64 80 107
80 64 107
211 294 101
294 211 101
214 201 159
201 214 159
25 224 457
224 25 457
226 134 427
134 226 427
31 19 941
19 31 941
186 11 258
11 186 258
78 312 72
312 78 72
99 308 708
308 99 708
35 86 356
86 35 356
129 263 850
263 129 850
160 150 374
150 160 374
83 297 914
297 83 914
115 77 3
77 115 3
153 247 689
247 153 689
105 155 300
155 105 300
242 167 955
167 242 955
175 310 191
310 175 191
281 81 488
81 281 488
235 165 133
165 235 133
41 256 370
256 41 370
229 211 983
211 229 983
208 91 959
91 208 959
238 13 607
13 238 607
90 116 546
116 90 546
220 204 385
204 220 385
306 230 968
230 306 968
84 42 323
42 84 323
198 93 242
93 198 242
280 13 298
13 280 298
162 261 679
261 162 679
12 113 615
113 12 615
7 95 79
95 7 79
277 300 135
300 277 135
190 47 563
47 190 563
193 310 605
310 193 605
200 297 652
297 200 652
173 194 254
194 173 254
217 313 652
313 217 652
254 213 385
213 254 385
207 302 427
302 207 427
326 117 451
117 326 451
128 262 300
262 128 300
253 100 973
100 253 973
111 21 283
21 111 283
94 111 620
111 94 620
106 184 950
184 106 950
245 13 786
13 245 786
257 269 178
269 257 178
148 30 348
30 148 348
298 310 363
310 298 363
283 8 494
8 283 494
141 324 1
324 141 1
292 282 7
282 292 7
142 297 117
297 142 117
209 217 623
217 209 623
126 195 723
195 126 723
325 34 694
34 325 694
181 55 556
55 181 556
293 73 286
73 293 286
264 53 123
53 264 123
104 309 0
309 104 0
131 15 538
15 131 538
266 224 455
224 266 455
61 271 362
271 61 362
161 123 609
123 161 609
56 267 72
267 56 72
163 275 546
275 163 546
196 166 542
166 196 542
138 210 69
210 138 69
276 63 289
63 276 289
319 37 587
37 319 587
328 2 544
2 328 544
72 54 978
54 72 978
250 173 413
173 250 413
296 89 299
89 296 299
189 262 581
262 189 581
303 169 160
169 303 160
49 45 390
45 49 390
218 104 479
104 218 479
85 94 684
94 85 684
179 59 647
59 179 647
136 221 223
221 136 223
244 35 711
35 244 711
307 191 504
191 307 504
4 101 307
101 4 307
69 83 53
83 69 53
102 108 363
108 102 363
270 119 909
119 270 909
71 198 68
198 71 68
205 224 6
224 205 6
11 76 118
76 11 118
189 216 276
216 189 276
69 18 744
18 69 744
10 310 769
310 10 769
141 171 195
171 141 195
77 133 471
133 77 471
286 177 172
177 286 172
286 143 663
143 286 663
133 230 458
230 133 458
230 84 323
84 230 323
231 256 932
256 231 932
22 101 357
101 22 357
252 32 826
32 252 826
129 252 747
252 129 747
82 123 449
123 82 449
315 293 727
293 315 727
67 201 34
201 67 34
62 244 86
244 62 86
22 213 760
213 22 760
4 86 238
86 4 238
319 297 627
297 319 627
8 229 769
229 8 769
57 180 421
180 57 421
255 305 647
305 255 647
238 254 952
254 238 952
147 126 465
126 147 465
35 188 721
188 35 721
214 233 345
233 214 345
272 76 44
76 272 44
299 210 358
210 299 358
216 63 670
63 216 670
155 288 65
288 155 65
192 112 993
112 192 993
276 15 571
15 276 571
112 30 197
30 112 197
185 276 104
276 185 104
138 194 813
194 138 813
17 212 548
212 17 548
14 28 261
28 14 261
237 306 45
306 237 45
322 27 82
27 322 82
2 84 354
84 2 354
60 203 257
203 60 257
118 50 529
50 118 529
177 188 493
188 177 493
187 70 45
70 187 45
275 326 74
326 275 74
302 120 507
120 302 507
137 164 939
164 137 939
79 160 471
160 79 471
278 166 87
166 278 87
205 9 101
9 205 101
96 79 905
79 96 905
317 278 627
278 317 627
241 32 572
32 241 572
95 309 981
309 95 981
144 19 501
19 144 501
82 251 860
251 82 860
89 180 327
180 89 327
133 227 570
227 133 570
225 319 554
319 225 554
203 91 796
91 203 796
219 208 619
208 219 619
282 277 649
277 282 649
68 182 237
182 68 237
316 166 629
166 316 629
323 86 750
86 323 750
221 19 223
19 221 223
57 155 759
155 57 759
277 208 438
208 277 438
67 223 393
223 67 393
182 166 994
166 182 994
257 87 235
87 257 235
217 156 226
156 217 226
70 36 530
36 70 530
222 92 239
92 222 239
327 85 491
85 327 491
225 325 175
325 225 175
169 130 566
130 169 566
175 92 375
92 175 375
181 307 25
307 181 25
231 224 158
224 231 158
312 41 78
41 312 78
110 5 800
5 110 800
115 298 785
298 115 785
317 329 750
329 317 750
113 62 778
62 113 778
177 180 623
180 177 623
104 113 644
113 104 644
153 21 630
21 153 630
108 198 610
198 108 610
87 35 466
35 87 466
285 48 981
48 285 981
82 253 668
253 82 668
210 83 828
83 210 828
31 217 321
217 31 321
259 165 140
165 259 140
196 284 720
284 196 720
322 191 804
191 322 804
18 177 966
177 18 966
132 256 39
256 132 39
97 19 351
19 97 351
278 159 266
159 278 266
187 210 312
210 187 312
316 29 587
29 316 587
193 213 749
213 193 749
179 249 361
249 179 361
53 129 642
129 53 642
103 167 247
167 103 247
279 48 231
48 279 231
92 74 840
74 92 840
103 187 995
187 103 995
290 110 913
110 290 913
233 320 445
320 233 445
310 87 319
87 310 319
312 247 745
247 312 745
150 199 9
199 150 9
150 168 546
168 150 546
12 282 777
282 12 777
76 257 943
257 76 943
223 150 976
150 223 976
252 243 3
243 252 3
105 169 636
169 105 636
208 230 81
230 208 81
247 145 860
145 247 860
312 157 968
157 312 968
53 0 760
0 53 760
106 0 735
0 106 735
259 32 949
32 259 949
161 77 635
77 161 635
85 255 727
255 85 727
248 72 616
72 248 616
309 271 348
271 309 348
291 108 640
108 291 640
267 115 91
115 267 91
87 18 687
18 87 687
249 255 241
255 249 241
281 29 166
29 281 166
73 234 276
234 73 276
160 95 15
95 160 15
50 162 922
162 50 922
171 207 480
207 171 480
215 12 584
12 215 584
326 149 956
149 326 956
176 14 404
14 176 404
45 40 354
40 45 354
83 299 21
299 83 21
182 215 260
215 182 260
126 63 702
63 126 702
256 280 528
280 256 528
121 314 854
314 121 854
289 256 118
256 289 118
257 247 824
247 257 824
93 293 690
293 93 690
12 180 166
180 12 166
96 286 866
286 96 866
302 181 835
181 302 835
299 257 159
257 299 159
187 109 298
109 187 298
218 324 330
324 218 330
83 40 615
40 83 615
147 243 1
243 147 1
310 46 452
46 310 452
24 121 951
121 24 951
302 226 931
226 302 931
228 328 192
328 228 192
20 207 958
207 20 958
195 89 972
89 195 972
158 162 173
162 158 173
16 69 161
69 16 161
209 122 964
122 209 964
175 136 815
136 175 815
173 196 393
196 173 393
133 272 318
272 133 318
57 48 438
48 57 438
33 165 550
165 33 550
198 128 325
128 198 325
134 322 722
322 134 722
269 310 865
310 269 865
155 41 159
41 155 159
245 177 369
177 245 369
321 267 575
267 321 575
54 307 628
307 54 628
10 316 370
316 10 370
280 124 696
124 280 696
1 136 362
136 1 362
85 115 19
115 85 19
19 283 913
283 19 913
9 58 189
58 9 189
143 241 586
241 143 586
320 145 761
145 320 761
172 235 916
235 172 916
43 60 168
60 43 168
278 36 950
36 278 950
32 244 404
244 32 404
182 271 447
271 182 447
29 319 335
319 29 335
100 222 30
222 100 30
160 71 780
71 160 780
289 203 780
203 289 780
15 314 446
314 15 446
307 218 689
218 307 689
252 176 596
176 252 596
240 59 849
59 240 849
298 24 577
24 298 577
89 92 841
92 89 841
167 15 485
15 167 485
306 110 42
110 306 42
205 257 885
257 205 885
287 11 4
11 287 4
20 322 734
322 20 734
122 193 482
193 122 482
46 97 950
97 46 950
167 97 402
97 167 402
24 307 281
307 24 281
23 310 609
310 23 609
230 40 887
40 230 887
275 41 61
41 275 61
210 24 914
24 210 914
37 31 722
31 37 722
102 279 747
279 102 747
220 46 843
46 220 843
253 136 396
136 253 396
144 187 819
187 144 819
181 66 82
66 181 82
94 158 832
158 94 832
168 203 819
203 168 819
68 92 717
92 68 717
271 165 529
165 271 529
14 258 774
258 14 774
320 326 156
326 320 156
176 136 599
136 176 599
312 102 524
102 312 524
215 97 837
97 215 837
311 202 663
202 311 663
14 319 244
319 14 244
255 306 163
306 255 163
318 110 487
110 318 487
253 213 556
213 253 556
66 90 351
90 66 351
216 259 106
259 216 106
32 276 360
276 32 360
298 44 343
44 298 343
154 229 370
229 154 370
307 166 139
166 307 139
191 53 186
53 191 186
24 51 345
51 24 345
276 202 45
202 276 45
79 103 715
103 79 715
50 252 933
252 50 933
299 56 785
56 299 785
0 87 940
87 0 940
241 150 55
150 241 55
278 59 618
59 278 618
189 188 688
188 189 688
285 245 869
245 285 869
30 79 185
79 30 185
139 30 821
30 139 821
168 322 972
322 168 972
201 16 366
16 201 366
26 39 26
39 26 26
98 174 181
174 98 181
40 250 707
250 40 707
48 212 467
212 48 467
128 83 487
83 128 487
205 299 548
299 205 548
284 149 28
149 284 28
238 26 856
26 238 856
205 318 367
318 205 367
323 64 991
64 323 991
294 96 930
96 294 930
238 218 824
218 238 824
225 267 0
267 225 0
291 234 160
234 291 160
254 230 164
230 254 164
158 124 655
124 158 655
93 49 336
49 93 336
167 186 981
186 167 981
218 15 45
15 218 45
159 9 650
9 159 650
156 247 174
247 156 174
145 180 231
180 145 231
210 143 474
143 210 474
274 257 141
257 274 141
314 257 789
257 314 789
48 210 952
210 48 952
325 263 703
263 325 703
252 86 152
86 252 152
51 212 522
212 51 522
216 176 48
176 216 48
81 141 626
141 81 626
230 96 689
96 230 689
3 108 428
108 3 428
75 148 935
148 75 935
318 157 944
157 318 944
169 274 522
274 169 522
233 7 409
7 233 409
300 231 417
231 300 417
257 98 989
98 257 989
26 147 917
147 26 917
75 232 482
232 75 482
199 159 938
159 199 938
224 70 660
70 224 660
31 15 942
15 31 942
126 20 855
20 126 855
271 114 906
114 271 906
198 262 555
262 198 555
53 196 626
196 53 626
211 145 282
145 211 282
309 319 329
319 309 329
119 218 109
218 119 109
7 164 147
164 7 147
119 108 786
108 119 786
143 95 443
95 143 443
77 120 618
120 77 618
282 304 173
304 282 173
121 211 420
211 121 420
124 104 940
104 124 940
57 242 115
242 57 115
27 187 146
187 27 146
85 87 784
87 85 784
211 179 531
179 211 531
305 123 898
123 305 898
228 312 740
312 228 740
325 28 303
28 325 303
3 244 42
244 3 42
18 326 441
326 18 441
215 54 275
54 215 275
291 256 355
256 291 355
37 113 112
113 37 112
328 29 169
29 328 169
139 147 590
147 139 590
15 321 77
321 15 77
102 241 796
241 102 796
195 173 743
173 195 743
128 169 173
169 128 173
96 256 168
256 96 168
10 139 537
139 10 537
110 160 365
160 110 365
49 171 733
171 49 733
295 166 821
166 295 821
150 149 920
149 150 920
124 134 643
134 124 643
105 286 545
286 105 545
170 291 757
291 170 757
253 275 240
275 253 240
154 287 399
287 154 399
64 41 313
41 64 313
150 23 832
23 150 832
323 96 151
96 323 151
263 266 649
266 263 649
238 227 713
227 238 713
315 61 659
61 315 659
163 229 113
229 163 113
272 72 172
72 272 172
291 194 812
194 291 812
267 71 118
71 267 118
109 31 325
31 109 325
21 44 377
44 21 377
181 271 682
271 181 682
99 183 944
183 99 944
124 106 564
106 124 564
241 235 942
235 241 942
0 108 847
108 0 847
270 146 899
146 270 899
238 150 622
150 238 622
256 137 725
137 256 725
73 168 21
168 73 21
293 37 941
37 293 941
201 243 906
243 201 906
278 257 54
257 278 54
291 8 659
8 291 659
264 73 342
73 264 342
62 281 894
281 62 894
14 309 491
309 14 491
189 116 275
116 189 275
281 129 564
129 281 564
95 211 271
211 95 271
144 183 553
183 144 553
274 124 309
124 274 309
276 206 467
206 276 467
20 25 402
25 20 402
257 150 569
150 257 569
34 168 493
168 34 493
183 122 303
122 183 303
310 11 831
11 310 831
88 169 674
169 88 674
213 169 600
169 213 600
94 178 7
178 94 7
294 73 571
73 294 571
163 129 731
129 163 731
227 211 572
211 227 572
287 134 893
134 287 893
26 263 247
263 26 247
10 115 858
115 10 858
50 58 230
58 50 230
302 83 363
83 302 363
235 121 93
121 235 93
241 275 587
275 241 587
290 159 756
159 290 756
27 199 881
199 27 881
170 55 294
55 170 294
301 31 675
31 301 675
87 156 393
156 87 393
328 231 851
231 328 851
45 284 363
284 45 363
105 64 234
64 105 234
327 136 937
136 327 937
87 269 284
269 87 284
87 284 785
284 87 785
156 77 491
77 156 491
18 45 456
45 18 456
96 187 955
187 96 955
93 22 951
22 93 951
185 153 234
153 185 234
122 177 998
177 122 998
252 321 525
321 252 525
282 257 848
257 282 848
296 82 691
82 296 691
65 242 318
242 65 318
99 62 322
62 99 322
90 197 94
197 90 94
64 191 403
191 64 403
10 147 49
147 10 49
292 309 416
309 292 416
34 149 205
149 34 205
92 308 115
308 92 115
144 274 28
274 144 28
62 46 8
46 62 8
199 7 4
7 199 4
231 265 841
265 231 841
196 138 957
138 196 957
301 205 758
205 301 758
240 178 868
178 240 868
197 220 918
220 197 918
303 221 68
221 303 68
277 312 948
312 277 948
62 10 950
10 62 950
221 199 486
199 221 486
197 75 215
75 197 215
199 76 630
76 199 630
125 237 596
237 125 596
287 27 846
27 287 846
234 30 656
30 234 656
37 61 529
61 37 529
34 289 967
289 34 967
116 182 24
182 116 24
310 189 790
189 310 790
110 3 212
3 110 212
141 17 206
17 141 206
143 235 512
235 143 512
45 94 108
94 45 108
214 39 521
39 214 521
320 268 182
268 320 182
30 254 347
254 30 347
251 239 260
239 251 260
154 259 578
259 154 578
175 295 839
295 175 839
62 30 254
30 62 254
98 31 793
31 98 793
54 167 457
167 54 457
155 326 414
326 155 414
184 42 439
42 184 439
9 271 488
271 9 488
214 310 233
310 214 233
278 57 368
57 278 368
78 161 954
161 78 954
248 306 700
306 248 700
8 60 307
60 8 307
90 136 689
136 90 689
223 132 158
132 223 158
134 267 342
267 134 342
303 304 784
304 303 784
80 252 694
252 80 694
60 54 508
54 60 508
202 146 400
146 202 400
164 185 908
185 164 908
220 60 741
60 220 741
92 151 531
151 92 531
200 266 596
266 200 596
133 249 648
249 133 648
296 160 920
160 296 920
283 317 612
317 283 612
278 294 248
294 278 248
99 196 863
196 99 863
191 253 748
253 191 748
123 197 44
197 123 44
103 37 248
37 103 248
219 319 229
319 219 229
21 238 435
238 21 435
244 225 906
225 244 906
185 160 701
160 185 701
202 210 381
210 202 381
111 29 734
29 111 734
137 119 449
119 137 449
191 80 68
80 191 68
230 82 772
82 230 772
38 258 976
258 38 976
95 321 724
321 95 724
193 2 913
2 193 913
27 279 21
279 27 21
73 256 89
256 73 89
79 181 583
181 79 583
54 193 215
193 54 215
244 263 983
263 244 983
110 162 658
162 110 658
35 285 389
285 35 389
173 190 67
190 173 67
259 196 993
196 259 993
160 130 208
130 160 208
261 250 775
250 261 775
11 50 85
50 11 85
53 70 628
70 53 628
237 264 884
264 237 884
229 27 157
27 229 157
240 165 112
165 240 112
131 184 285
184 131 285
82 199 393
199 82 393
281 185 233
185 281 233
104 168 958
168 104 958
127 46 158
46 127 158
97 218 598
218 97 598
245 78 64
78 245 64
198 226 445
226 198 445
17 314 746
314 17 746
167 265 444
265 167 444
138 37 779
37 138 779
310 139 121
139 310 121
147 157 32
157 147 32
179 182 270
182 179 270
177 265 352
265 177 352
18 327 630
327 18 630
4 322 762
322 4 762
200 132 346
132 200 346
208 326 14
326 208 14
304 83 839
83 304 839
53 4 883
4 53 883
165 286 140
286 165 140
187 323 628
323 187 628
106 239 978
239 106 978
74 289 584
289 74 584
77 220 76
220 77 76
293 251 496
251 293 496
215 220 860
220 215 860
42 287 99
287 42 99
111 52 181
52 111 181
183 65 206
65 183 206
276 137 356
137 276 356
204 125 738
125 204 738
152 254 872
254 152 872
301 233 476
233 301 476
140 251 283
251 140 283
106 197 85
197 106 85
92 212 35
212 92 35
194 328 14
328 194 14
18 38 170
38 18 170
58 203 525
203 58 525
128 287 885
287 128 885
320 127 424
127 320 424
242 12 851
12 242 851
150 205 607
205 150 607
321 212 178
212 321 178
91 9 643
9 91 643
75 225 32
225 75 32
53 302 653
302 53 653
125 241 891
241 125 891
140 191 560
191 140 560
171 164 802
164 171 802
19 238 143
238 19 143
165 61 57
61 165 57
201 261 287
261 201 287
325 159 259
159 325 259
140 12 501
12 140 501
320 223 433
223 320 433
327 0 533
0 327 533
299 55 723
55 299 723
25 177 31
177 25 31
70 205 315
205 70 315
323 151 925
151 323 925
251 137 15
137 251 15
109 198 423
198 109 423
39 198 252
198 39 252
153 156 274
156 153 274
40 147 482
147 40 482
213 107 726
107 213 726
84 29 207
29 84 207
19 249 226
249 19 226
118 170 190
170 118 190
326 289 557
289 326 557
108 144 238
144 108 238
239 204 249
204 239 249
94 251 902
251 94 902
126 0 762
0 126 762
157 84 792
84 157 792
47 174 739
174 47 739
120 301 63
301 120 63
54 146 390
146 54 390
175 201 217
201 175 217
314 7 538
7 314 538
160 116 129
116 160 129
8 12 11
12 8 11
205 93 763
93 205 763
224 114 422
114 224 422
187 224 264
224 187 264
241 204 600
204 241 600
93 2 878
2 93 878
279 305 523
305 279 523
74 184 254
184 74 254
172 37 614
37 172 614
218 235 296
235 218 296
48 161 151
161 48 151
98 87 375
87 98 375
297 105 657
105 297 657
271 37 23
37 271 23
226 301 623
301 226 623
15 185 484
185 15 484
118 278 142
278 118 142
214 91 960
91 214 960
286 152 873
152 286 873
4 163 389
163 4 389
224 209 410
209 224 410
105 257 863
257 105 863
329 60 441
60 329 441
233 168 526
168 233 526
146 235 143
235 146 143
61 238 774
238 61 774
12 281 856
281 12 856
214 121 265
121 214 265
269 118 467
118 269 467
198 299 808
299 198 808
1 228 469
228 1 469
20 51 206
51 20 206
61 116 876
116 61 876
228 197 845
197 228 845
233 13 632
13 233 632
86 11 624
11 86 624
125 302 690
302 125 690
316 174 622
174 316 622
146 285 985
285 146 985
329 95 842
95 329 842
153 109 878
109 153 878
59 8 596
8 59 596
269 265 716
265 269 716
167 86 14
86 167 14
266 12 279
12 266 279
180 256 891
256 180 891
177 123 326
123 177 326
13 308 508
308 13 508
249 328 605
328 249 605
175 23 600
23 175 600
85 10 927
10 85 927
216 305 446
305 216 446
196 294 661
294 196 661
110 242 87
242 110 87
261 285 339
285 261 339
244 218 948
218 244 948
296 60 731
60 296 731
103 185 994
185 103 994
169 97 672
97 169 672
58 78 1000
78 58 1000
31 276 934
276 31 934
286 260 917
260 286 917
241 255 823
255 241 823
124 21 524
21 124 524
165 94 731
94 165 731
73 276 458
276 73 458
143 124 622
124 143 622
261 24 702
24 261 702
81 181 791
181 81 791
81 22 764
22 81 764
31 324 702
324 31 702
43 195 268
195 43 268
114 122 650
122 114 650
29 235 845
235 29 845
277 135 8
135 277 8
309 276 15
276 309 15
169 223 417
223 169 417
314 31 907
31 314 907
108 140 647
140 108 647
288 194 719
194 288 719
119 209 767
209 119 767
159 164 214
164 159 214
79 237 48
237 79 48
161 65 135
65 161 135
94 297 416
297 94 416
73 217 56
217 73 56
184 200 148
200 184 148
106 251 659
251 106 659
256 264 978
264 256 978
0 127 590
127 0 590
268 171 274
171 268 274
271 273 412
273 271 412
302 307 882
307 302 882
299 84 792
84 299 792
20 69 291
69 20 291
258 310 852
310 258 852
281 37 960
37 281 960
38 318 6
318 38 6
212 170 338
170 212 338
209 16 88
16 209 88
262 256 259
256 262 259
172 286 698
286 172 698
78 268 548
268 78 548
198 194 82
194 198 82
97 137 392
137 97 392
40 200 491
200 40 491
326 32 531
32 326 531
300 82 147
82 300 147
270 65 848
65 270 848
41 140 151
140 41 151
311 206 159
206 311 159
215 177 660
177 215 660
257 265 680
265 257 680
74 84 274
84 74 274
257 118 360
118 257 360
25 284 605
284 25 605
17 303 477
303 17 477
229 187 237
187 229 237
242 176 742
176 242 742
177 236 350
236 177 350
229 155 255
155 229 255
292 241 486
241 292 486
122 27 445
27 122 445
296 93 558
93 296 558
167 90 519
90 167 519
81 309 583
309 81 583
87 309 965
309 87 965
236 144 349
144 236 349
125 78 494
78 125 494
261 197 830
197 261 830
329 25 760
25 329 760
187 46 779
46 187 779
226 107 853
107 226 853
314 171 701
171 314 701
126 186 218
186 126 218
108 30 638
30 108 638
56 86 626
86 56 626
219 97 592
97 219 592
92 147 581
147 92 581
85 206 524
206 85 524
192 119 242
119 192 242
27 91 246
91 27 246
273 188 985
188 273 985
9 277 601
277 9 601
262 14 243
14 262 243
161 234 638
234 161 638
244 170 329
170 244 329
93 206 864
206 93 864
228 207 177
207 228 177
277 61 117
61 277 117
184 226 209
226 184 209
144 56 366
56 144 366
196 19 726
19 196 726
127 193 508
193 127 508
2 324 399
324 2 399
182 229 206
229 182 206
59 23 322
23 59 322
174 46 196
46 174 196
123 196 851
196 123 851
210 111 469
111 210 469
205 289 513
289 205 513
171 99 429
99 171 429
140 314 55
314 140 55
38 132 342
132 38 342
124 272 629
272 124 629
94 137 316
137 94 316
254 221 873
221 254 873
31 327 225
327 31 225
127 205 997
205 127 997
85 100 518
100 85 518
316 325 525
325 316 525
286 61 98
61 286 98
245 329 20
329 245 20
76 88 843
88 76 843
50 100 835
100 50 835
264 119 726
119 264 726
251 292 964
292 251 964
319 162 981
162 319 981
178 89 302
89 178 302
124 13 604
13 124 604
159 169 133
169 159 133
10 165 507
165 10 507
6 170 752
170 6 752
250 260 209
260 250 209
259 110 919
110 259 919
23 151 203
151 23 203
264 316 359
316 264 359
190 226 694
226 190 694
24 260 83
260 24 83
296 161 754
161 296 754
82 263 915
263 82 915
206 256 758
256 206 758
142 216 428
216 142 428
251 170 496
170 251 496
190 76 515
76 190 515
17 82 685
82 17 685
158 14 324
14 158 324
219 55 963
55 219 963
4 58 691
58 4 691
60 98 501
98 60 501
182 180 551
180 182 551
264 156 223
156 264 223
225 326 401
326 225 401
36 158 384
158 36 384
38 104 930
104 38 930
88 238 872
238 88 872
169 120 147
120 169 147
290 68 917
68 290 917
277 1 779
1 277 779
312 20 271
20 312 271
278 92 385
92 278 385
229 299 352
299 229 352
252 177 562
177 252 562
24 200 582
200 24 582
249 215 312
215 249 312
250 101 528
101 250 528
292 221 215
221 292 215
80 315 400
315 80 400
8 26 548
26 8 548
284 223 518
223 284 518
240 146 33
146 240 33
203 62 246
62 203 246
88 161 387
161 88 387
23 20 908
20 23 908
254 273 538
273 254 538
178 52 503
52 178 503
100 202 946
202 100 946
43 229 133
229 43 133
196 1 563
1 196 563
142 220 654
220 142 654
189 147 615
147 189 615
224 102 934
102 224 934
149 64 655
64 149 655
179 163 807
163 179 807
237 98 353
98 237 353
5 270 35
270 5 35
178 278 220
278 178 220
90 273 845
273 90 845
155 206 242
206 155 242
30 64 93
64 30 93
196 114 855
114 196 855
63 119 336
119 63 336
297 127 629
127 297 629
39 115 379
115 39 379
328 303 669
303 328 669
127 183 881
183 127 881
110 150 943
150 110 943
70 51 496
51 70 496
156 206 529
206 156 529
244 313 756
313 244 756
170 265 520
265 170 520
117 17 699
17 117 699
135 11 925
11 135 925
202 301 302
301 202 302
220 195 666
195 220 666
154 224 36
224 154 36
206 278 78
278 206 78
171 179 677
179 171 677
258 198 192
198 258 192
163 35 358
35 163 358
258 181 152
181 258 152
141 192 271
192 141 271
273 265 964
265 273 964
204 288 452
288 204 452
277 290 959
290 277 959
308 176 306
176 308 306
268 141 87
141 268 87
236 323 103
323 236 103
83 232 532
232 83 532
76 139 881
139 76 881
264 8 476
8 264 476
68 181 263
181 68 263
106 291 166
291 106 166
145 218 124
218 145 124
126 90 163
90 126 163
115 93 13
93 115 13
159 206 723
206 159 723
56 206 884
206 56 884
4 258 868
258 4 868
131 189 181
189 131 181
74 227 286
227 74 286
88 260 637
260 88 637
80 142 798
142 80 798
165 209 429
209 165 429
76 135 144
135 76 144
44 132 355
132 44 355
318 188 652
188 318 652
23 252 927
252 23 927
53 91 668
91 53 668
9 273 794
273 9 794
127 131 738
131 127 738
206 157 893
157 206 893
306 317 463
317 306 463
17 71 783
71 17 783
289 143 592
143 289 592
90 254 132
254 90 132
286 298 671
298 286 671
7 201 946
201 7 946
301 297 97
297 301 97
101 307 276
307 101 276
145 149 924
149 145 924
275 194 376
194 275 376
170 172 26
172 170 26
314 270 458
270 314 458
299 136 795
136 299 795
225 41 636
41 225 636
195 80 625
80 195 625
298 238 199
238 298 199
304 155 273
155 304 273
227 314 724
314 227 724
228 178 496
178 228 496
64 168 527
168 64 527
40 113 623
113 40 623
115 125 973
125 115 973
86 130 212
130 86 212
185 68 725
68 185 725
21 139 446
139 21 446
285 212 636
212 285 636
202 286 420
286 202 420
251 102 126
102 251 126
19 87 779
87 19 779
64 219 177
219 64 177
59 32 869
32 59 869
75 150 373
150 75 373
181 227 89
227 181 89
111 44 134
44 111 134
26 130 972
130 26 972
84 314 670
314 84 670
226 145 402
145 226 402
4 26 431
26 4 431
213 91 615
91 213 615
243 118 285
118 243 285
198 111 684
111 198 684
234 197 992
197 234 992
206 197 95
197 206 95
185 234 463
234 185 463
178 93 383
93 178 383
283 282 267
282 283 267
217 243 960
243 217 960
172 65 15
65 172 15
116 263 109
263 116 109
247 256 319
256 247 319
173 38 513
38 173 513
118 34 104
34 118 104
173 171 758
171 173 758
103 232 943
232 103 943
122 107 455
107 122 455
107 240 264
240 107 264
146 278 721
278 146 721
283 108 574
108 283 574
154 316 983
316 154 983
223 43 317
43 223 317
66 179 786
179 66 786
199 256 262
256 199 262
177 183 474
183 177 474
266 175 573
175 266 573
27 22 435
22 27 435
69 302 603
302 69 603
143 163 239
163 143 239
57 287 525
287 57 525
140 211 643
211 140 643
80 271 352
271 80 352
182 210 190
210 182 190
112 282 331
282 112 331
270 53 381
53 270 381
211 303 807
303 211 807
225 157 21
157 225 21
116 120 746
120 116 746
238 151 202
151 238 202
252 163 339
163 252 339
326 37 33
37 326 33
129 79 913
79 129 913
80 278 376
278 80 376
48 148 208
148 48 208
74 129 134
129 74 134
8 90 710
90 8 710
128 73 628
73 128 628
89 256 80
256 89 80
192 53 557
53 192 557
25 134 756
134 25 756
216 178 631
178 216 631
91 261 459
261 91 459
208 57 65
57 208 65
176 8 354
8 176 354
3 270 422
270 3 422
199 69 789
69 199 789
55 156 496
156 55 496
284 128 0
128 284 0
85 133 650
133 85 650
171 78 157
78 171 157
65 147 939
147 65 939
224 293 739
293 224 739
56 118 480
118 56 480
254 313 311
313 254 311
261 181 661
181 261 661
243 287 38
287 243 38
195 137 981
137 195 981
278 285 67
285 278 67
10 286 236
286 10 236
291 167 639
167 291 639
185 258 187
258 185 187
115 20 794
20 115 794
323 312 965
312 323 965
196 183 664
183 196 664
308 71 669
71 308 669
220 75 691
75 220 691
147 308 296
308 147 296
15 278 318
278 15 318
12 176 163
176 12 163
226 204 917
204 226 917
227 265 484
265 227 484
156 275 309
275 156 309
119 294 600
294 119 600
272 286 778
286 272 778
282 74 61
74 282 61
324 82 952
82 324 952
30 244 316
244 30 316
254 5 386
5 254 386
74 195 41
195 74 41
76 27 7
27 76 7
324 285 59
285 324 59
197 49 44
49 197 44
258 266 888
266 258 888
0 268 664
268 0 664
205 181 142
181 205 142
174 106 138
106 174 138
116 241 726
241 116 726
36 276 795
276 36 795
265 203 840
203 265 840
43 99 443
99 43 443
205 38 484
38 205 484
184 105 744
105 184 744
0 193 104
193 0 104
169 262 747
262 169 747
290 41 133
41 290 133
205 218 518
218 205 518
215 128 254
128 215 254
88 154 917
154 88 917
262 280 936
280 262 936
212 106 715
106 212 715
283 217 401
217 283 401
222 9 579
9 222 579
100 96 619
96 100 619
73 274 752
274 73 752
57 175 382
175 57 382
174 302 1
302 174 1
206 228 758
228 206 758
2 169 190
169 2 190
265 35 752
35 265 752
186 24 282
24 186 282
68 288 893
288 68 893
309 86 939
86 309 939
98 212 204
212 98 204
136 88 513
88 136 513
83 170 647
170 83 647
289 117 194
117 289 194
307 265 632
265 307 632
93 180 818
180 93 818
65 116 980
116 65 980
58 201 570
201 58 570
29 4 339
4 29 339
55 95 34
95 55 34
143 277 276
277 143 276
124 149 47
149 124 47
125 259 342
259 125 342
239 155 792
155 239 792
272 10 671
10 272 671
308 271 378
271 308 378
84 244 116
244 84 116
243 115 204
115 243 204
148 319 607
319 148 607
300 23 292
23 300 292
76 165 5
165 76 5
139 138 162
138 139 162
247 86 911
86 247 911
73 62 597
62 73 597
254 178 936
178 254 936
294 270 556
270 294 556
322 30 896
30 322 896
217 172 607
172 217 607
296 295 986
295 296 986
287 274 119
274 287 119
316 261 372
261 316 372
22 226 890
226 22 890
10 307 824
307 10 824
136 314 782
314 136 782
56 130 682
130 56 682
60 72 766
72 60 766
83 79 775
79 83 775
119 304 157
304 119 157
192 199 455
199 192 455
270 317 258
317 270 258
16 124 930
124 16 930
298 216 308
216 298 308
13 323 157
323 13 157
289 312 407
312 289 407
228 306 924
306 228 924
143 117 551
117 143 551
195 129 475
129 195 475
45 289 619
289 45 619
97 228 258
228 97 258
57 291 622
291 57 622
208 53 511
53 208 511
208 242 207
242 208 207
290 182 748
182 290 748
23 267 988
267 23 988
53 221 568
221 53 568
194 89 729
89 194 729
108 139 504
139 108 504
252 7 358
7 252 358
207 64 536
64 207 536
101 253 761
253 101 761
214 209 189
209 214 189
293 167 621
167 293 621
29 2 315
2 29 315
147 74 224
74 147 224
26 138 464
138 26 464
85 251 956
251 85 956
115 97 866
97 115 866
278 258 500
258 278 500
271 129 349
129 271 349
84 46 369
46 84 369
41 168 403
168 41 403
7 266 98
266 7 98
222 231 516
231 222 516
288 170 65
170 288 65
121 1 45
1 121 45
108 35 482
35 108 482
241 141 536
141 241 536
67 288 643
288 67 643
240 245 138
245 240 138
245 165 82
165 245 82
118 29 942
29 118 942
231 80 934
80 231 934
313 76 337
76 313 337
116 43 639
43 116 639
122 275 673
275 122 673
222 126 374
126 222 374
144 155 672
155 144 672
214 73 414
73 214 414
244 317 93
317 244 93
239 272 966
272 239 966
78 269 685
269 78 685
160 291 148
291 160 148
192 5 780
5 192 780
195 85 789
85 195 789
202 125 73
125 202 73
169 240 329
240 169 329
109 18 819
18 109 819
172 134 251
134 172 251
210 282 999
282 210 999
251 121 822
121 251 822
82 115 158
115 82 158
26 277 600
277 26 600
196 101 746
101 196 746
191 158 89
158 191 89
97 210 278
210 97 278
29 265 115
265 29 115
154 117 777
117 154 777
92 285 341
285 92 341
197 60 674
60 197 674
118 69 191
69 118 191
0 111 162
111 0 162
214 9 81
9 214 81
84 165 918
165 84 918
227 299 387
299 227 387
127 119 474
119 127 474
78 310 723
310 78 723
310 213 943
213 310 943
81 249 647
249 81 647
45 276 913
276 45 913
88 156 83
156 88 83
142 126 102
126 142 102
52 118 865
118 52 865
40 86 543
86 40 543
44 272 782
272 44 782
234 218 178
218 234 178
40 68 914
68 40 914
312 304 844
304 312 844
194 273 652
273 194 652
220 87 691
87 220 691
14 100 339
100 14 339
238 195 816
195 238 816
118 255 828
255 118 828
246 288 357
288 246 357
158 153 231
153 158 231
55 36 128
36 55 128
278 133 101
133 278 101
11 159 123
159 11 123
212 37 204
37 212 204
145 250 560
250 145 560
97 134 603
134 97 603
4 31 923
31 4 923
175 260 792
260 175 792
91 51 637
51 91 637
303 144 278
144 303 278
123 105 561
105 123 561
122 50 450
50 122 450
158 122 49
122 158 49
14 162 541
162 14 541
106 328 576
328 106 576
217 291 891
291 217 891
261 191 622
191 261 622
234 10 338
10 234 338
83 220 739
220 83 739
108 31 825
31 108 825
288 197 86
197 288 86
106 51 872
51 106 872
169 122 56
122 169 56
117 50 683
50 117 683
1 16 691
16 1 691
164 183 749
183 164 749
312 11 978
11 312 978
177 162 634
162 177 634
27 261 214
261 27 214
119 309 610
309 119 610
42 298 7
298 42 7
184 71 424
71 184 424
96 301 64
301 96 64
209 307 132
307 209 132
191 33 904
33 191 904
324 44 350
44 324 350
84 79 502
79 84 502
247 272 528
272 247 528
6 101 810
101 6 810
7 318 410
318 7 410
295 40 916
40 295 916
33 130 219
130 33 219
80 297 412
297 80 412
192 231 941
231 192 941
308 25 194
25 308 194
243 49 963
49 243 963
202 241 890
241 202 890
260 242 861
242 260 861
281 210 601
210 281 601
13 78 124
78 13 124
31 133 991
133 31 991
13 265 863
265 13 863
305 238 39
238 305 39
100 88 904
88 100 904
104 169 150
169 104 150
245 2 661
2 245 661
87 236 102
236 87 102
26 291 500
291 26 500
24 295 587
295 24 587
306 315 621
315 306 621
42 61 583
61 42 583
101 163 293
163 101 293
88 288 428
288 88 428
88 60 963
60 88 963
231 308 946
308 231 946
272 114 811
114 272 811
28 0 456
0 28 456
234 217 102
217 234 102
100 224 11
224 100 11
103 60 351
60 103 351
133 19 821
19 133 821
286 32 603
32 286 603
39 247 67
247 39 67
31 160 304
160 31 304
232 177 892
177 232 892
132 187 339
187 132 339
0 94 282
94 0 282
255 155 810
155 255 810
189 218 163
218 189 163
310 111 580
111 310 580
234 74 810
74 234 810
252 182 479
182 252 479
57 237 414
237 57 414
167 14 830
14 167 830
122 113 826
113 122 826
47 247 304
247 47 304
138 258 500
258 138 500
101 155 623
155 101 623
28 258 424
258 28 424
108 297 871
297 108 871
308 142 826
142 308 826
204 259 431
259 204 431
229 44 890
44 229 890
7 102 797
102 7 797
169 143 841
143 169 841
185 113 708
113 185 708
106 11 605
11 106 605
0 66 95
66 0 95
93 81 207
81 93 207
25 202 28
202 25 28
291 247 270
247 291 270
59 104 258
104 59 258
219 90 767
90 219 767
176 50 894
50 176 894
184 269 933
269 184 933
42 211 15
211 42 15
306 61 747
61 306 747
224 234 219
234 224 219
245 152 300
152 245 300
210 312 743
312 210 743
33 301 828
301 33 828
166 180 753
180 166 753
154 258 309
258 154 309
188 303 847
303 188 847
146 73 28
73 146 28
241 22 948
22 241 948
252 54 80
54 252 80
241 298 255
298 241 255
277 74 221
74 277 221
212 44 571
44 212 571
276 323 791
323 276 791
0 124 784
124 0 784
138 264 622
264 138 622
164 68 218
68 164 218
277 103 505
103 277 505
300 316 664
316 300 664
164 266 192
266 164 192
243 160 772
160 243 772
301 220 297
220 301 297
292 148 89
148 292 89
248 262 866
262 248 866
217 197 904
197 217 904
189 295 671
295 189 671