197 432 41
432 197 41
132 197 414
197 132 414
473 197 991
197 473 991
246 132 597
132 246 597
460 197 516
197 460 516
71 132 143
132 71 143
390 432 633
432 390 633
414 246 931
246 414 931
276 132 317
132 276 317
50 197 920
197 50 920
444 50 338
50 444 338
245 414 103
414 245 103
184 71 323
71 184 323
320 50 934
50 320 934
106 414 488
414 106 488
232 414 63
414 232 63
425 432 95
432 425 95
379 245 727
245 379 727
438 432 626
432 438 626
261 50 249
50 261 249
386 50 720
50 386 720
466 132 195
132 466 195
492 379 227
379 492 227
125 246 822
246 125 822
290 320 93
320 290 93
41 50 896
50 41 896
272 106 111
106 272 111
160 425 298
425 160 298
378 473 560
473 378 560
177 41 944
41 177 944
293 71 986
71 293 986
435 379 455
379 435 455
47 125 324
125 47 324
313 106 297
106 313 297
98 245 841
245 98 841
100 132 627
132 100 627
359 232 487
232 359 487
35 460 695
460 35 695
417 414 897
414 417 897
81 132 862
132 81 862
43 313 699
313 43 699
216 47 282
47 216 282
291 106 869
106 291 869
120 291 603
291 120 603
464 41 593
41 464 593
153 160 504
160 153 504
369 43 717
43 369 717
449 466 84
466 449 84
182 417 118
417 182 118
274 359 645
359 274 645
189 245 248
245 189 248
8 153 277
153 8 277
65 464 225
464 65 225
212 274 174
274 212 174
191 272 835
272 191 835
32 71 801
71 32 801
84 212 714
212 84 714
128 132 836
132 128 836
333 81 931
81 333 931
311 35 696
35 311 696
40 197 127
197 40 127
370 245 620
245 370 620
487 100 122
100 487 122
229 444 379
444 229 379
490 320 37
320 490 37
354 132 199
132 354 199
109 106 490
106 109 490
124 390 959
390 124 959
401 132 557
132 401 557
252 245 855
245 252 855
155 414 226
414 155 226
39 35 358
35 39 358
262 492 62
492 262 62
303 333 40
333 303 40
357 245 716
245 357 716
235 290 266
290 235 266
215 311 858
311 215 858
344 386 714
386 344 714
408 41 989
41 408 989
468 390 807
390 468 807
411 261 865
261 411 865
95 291 542
291 95 542
151 106 611
106 151 611
270 466 13
466 270 13
289 8 921
8 289 921
349 490 939
490 349 939
190 151 365
151 190 365
238 270 256
270 238 256
91 155 707
155 91 707
6 128 759
128 6 759
49 216 756
216 49 756
25 401 287
401 25 287
85 177 780
177 85 780
306 464 624
464 306 624
180 349 367
349 180 367
375 411 874
411 375 874
395 232 732
232 395 732
198 182 766
182 198 766
265 151 82
151 265 82
0 235 196
235 0 196
450 216 163
216 450 163
152 160 652
160 152 652
292 449 727
449 292 727
436 39 895
39 436 895
268 246 411
246 268 411
457 39 428
39 457 428
502 270 726
270 502 726
27 386 456
386 27 456
42 47 718
47 42 718
104 84 540
84 104 540
323 155 618
155 323 618
497 432 905
432 497 905
22 487 333
487 22 333
206 502 478
502 206 478
31 292 842
292 31 842
279 125 561
125 279 561
422 50 857
50 422 857
484 232 15
232 484 15
267 349 427
349 267 427
210 432 218
432 210 218
10 49 772
49 10 772
2 268 691
268 2 691
358 344 100
344 358 100
133 106 622
106 133 622
442 290 894
290 442 894
205 98 705
98 205 705
127 245 487
245 127 487
277 261 22
261 277 22
187 31 819
31 187 819
80 490 136
490 80 136
453 238 117
238 453 117
111 155 871
155 111 871
14 50 41
50 14 41
146 354 571
354 146 571
224 85 960
85 224 960
398 50 866
50 398 866
494 205 729
205 494 729
454 422 655
422 454 655
312 180 892
180 312 892
381 464 212
464 381 212
266 303 9
303 266 9
99 35 277
35 99 277
239 349 808
349 239 808
263 492 346
492 263 346
445 276 42
276 445 42
194 43 153
43 194 153
419 303 369
303 419 369
294 381 132
381 294 132
213 378 489
378 213 489
170 245 315
245 170 315
131 14 746
14 131 746
56 215 412
215 56 412
243 235 424
235 243 424
78 290 574
290 78 574
356 10 345
10 356 345
255 293 490
293 255 490
87 127 436
127 87 436
28 215 343
215 28 343
118 216 641
216 118 641
424 375 825
375 424 825
481 466 67
466 481 67
66 274 767
274 66 767
168 106 394
106 168 394
7 290 403
290 7 403
421 111 296
111 421 296
343 442 807
442 343 807
448 191 433
191 448 433
67 306 225
306 67 225
203 213 795
213 203 795
136 104 196
104 136 196
286 378 65
378 286 65
21 146 462
146 21 462
162 177 509
177 162 509
321 490 212
490 321 212
503 50 970
50 503 970
172 118 149
118 172 149
86 274 469
274 86 469
309 25 559
25 309 559
123 41 610
41 123 610
389 359 577
359 389 577
331 168 696
168 331 696
342 14 507
14 342 507
260 127 510
127 260 510
165 454 624
454 165 624
179 132 348
132 179 348
259 95 36
95 259 36
428 359 895
359 428 895
217 78 802
78 217 802
130 395 596
395 130 596
247 260 723
260 247 723
391 232 819
232 391 819
70 111 889
111 70 889
34 232 230
232 34 230
112 50 307
50 112 307
13 112 864
112 13 864
380 270 882
270 380 882
142 35 889
35 142 889
393 180 517
180 393 517
332 224 514
224 332 514
30 194 92
194 30 92
446 112 614
112 446 614
69 391 436
391 69 436
183 303 548
303 183 548
364 358 865
358 364 865
340 356 600
356 340 600
209 364 20
364 209 20
1 130 186
130 1 186
278 187 583
187 278 583
230 289 67
289 230 67
437 109 965
109 437 965
282 142 417
142 282 417
347 1 392
1 347 392
59 43 656
43 59 656
117 40 293
40 117 293
314 320 964
320 314 964
37 358 427
358 37 427
138 442 911
442 138 911
77 21 715
21 77 715
147 1 361
1 147 361
383 276 626
276 383 626
430 198 469
198 430 469
52 290 482
290 52 482
149 460 33
460 149 33
134 481 331
481 134 331
103 123 562
123 103 562
335 182 392
182 335 392
467 160 902
160 467 902
61 255 717
255 61 717
447 87 647
87 447 647
328 343 127
343 328 127
297 446 869
446 297 869
135 265 818
265 135 818
298 247 893
247 298 893
122 111 881
111 122 881
195 276 800
276 195 800
387 22 380
22 387 380
199 279 365
279 199 365
76 444 923
444 76 923
45 133 261
133 45 261
24 14 682
14 24 682
227 128 95
128 227 95
496 309 536
309 496 536
420 187 312
187 420 312
121 359 436
359 121 436
427 387 86
387 427 86
113 457 64
457 113 64
107 457 792
457 107 792
173 428 977
428 173 977
33 69 457
69 33 457
237 503 427
503 237 427
16 127 941
127 16 941
456 113 332
113 456 332
377 229 80
229 377 80
202 379 124
379 202 124
207 86 30
86 207 30
200 309 182
309 200 182
5 484 838
484 5 838
219 100 610
100 219 610
477 262 212
262 477 212
3 436 674
436 3 674
368 487 765
487 368 765
9 170 377
170 9 377
382 245 955
245 382 955
339 267 879
267 339 879
90 180 464
180 90 464
73 121 352
121 73 352
400 111 133
111 400 133
20 457 370
457 20 370
211 496 983
496 211 983
178 131 959
131 178 959
488 448 188
448 488 188
346 43 105
43 346 105
318 87 160
87 318 160
236 357 968
357 236 968
88 206 323
206 88 323
310 133 242
133 310 242
440 306 298
306 440 298
240 117 679
117 240 679
38 109 615
109 38 615
18 446 79
446 18 79
413 359 135
359 413 135
271 243 563
243 271 563
269 39 605
39 269 605
280 56 652
56 280 652
231 291 254
291 231 254
295 130 652
130 295 652
337 378 385
378 337 385
264 246 427
246 264 427
455 7 451
7 455 451
144 247 300
247 144 300
315 153 973
153 315 973
137 191 283
191 137 283
82 231 620
231 82 620
434 344 814
344 434 814
451 61 950
61 451 950
275 306 786
306 275 786
288 430 178
430 288 178
169 135 348
135 169 348
352 39 363
39 352 363
322 120 494
120 322 494
485 436 301
436 485 301
4 447 633
447 4 633
325 473 223
473 325 223
214 128 787
128 214 787
416 78 558
78 416 558
406 408 434
408 406 434
474 227 94
227 474 94
462 202 778
202 462 778
164 240 780
240 164 780
296 239 647
239 296 647
23 40 276
40 23 276
465 261 0
261 465 0
185 183 538
183 185 538
403 69 455
69 403 455
83 187 362
187 83 362
218 0 609
0 218 609
68 379 72
379 68 72
196 255 546
255 196 546
254 311 542
311 254 542
186 151 69
151 186 69
324 294 289
294 324 289
385 124 587
124 385 587
388 324 215
324 388 215
397 65 420
65 397 420
472 240 413
240 472 413
222 213 452
213 222 452
300 144 643
144 300 643
110 468 126
468 110 126
97 13 410
13 97 410
458 45 142
45 458 142
426 243 362
243 426 362
482 496 760
496 482 760
334 323 488
323 334 488
374 200 325
200 374 325
384 334 981
334 384 981
57 467 307
467 57 307
119 377 53
377 119 53
491 104 26
104 491 26
299 227 400
227 299 400
15 211 68
211 15 68
74 69 6
69 74 6
307 386 118
386 307 118
499 197 276
197 499 276
248 279 144
279 248 144
475 419 195
419 475 195
96 52 471
52 96 471
285 380 172
380 285 172
287 314 663
314 287 663
367 357 458
357 367 458
141 20 323
20 141 323
126 457 932
457 126 932
166 467 357
467 166 357
351 77 826
77 351 826
429 332 747
332 429 747
201 0 449
0 201 449
181 322 727
322 181 727
54 393 34
393 54 34
225 397 86
397 225 86
171 259 58
259 171 58
161 267 625
267 161 625
302 185 88
185 302 88
478 445 789
445 478 789
348 437 469
437 348 469
58 388 713
388 58 713
486 15 979
15 486 979
409 288 465
288 409 465
470 80 721
80 470 721
459 104 345
104 459 345
257 386 44
386 257 44
60 151 358
151 60 358
11 294 670
294 11 670
17 155 65
155 17 65
418 287 227
287 418 227
399 231 943
231 399 943
234 135 197
135 234 197
355 23 104
23 355 104
101 168 330
168 101 330
301 298 914
298 301 914
174 80 29
80 174 29
284 466 194
466 284 194
208 43 214
43 208 214
471 20 354
20 471 354
114 292 257
292 114 257
371 418 753
418 371 753
163 118 529
118 163 529
480 380 260
380 480 260
281 172 892
172 281 892
404 2 45
2 404 45
175 271 74
271 175 74
19 195 507
195 19 507
412 134 48
134 412 48
476 282 505
282 476 505
273 103 120
103 273 120
62 43 246
43 62 246
72 412 157
412 72 157
251 42 451
42 251 451
372 417 837
417 372 837
258 295 772
295 258 772
249 261 981
261 249 981
129 127 501
127 129 501
150 490 860
490 150 860
188 389 327
389 188 327
317 212 570
212 317 570
193 465 554
465 193 554
143 58 303
58 143 303
329 382 619
382 329 619
341 236 649
236 341 649
176 312 237
312 176 237
29 311 629
311 29 629
498 274 176
274 498 176
504 347 254
347 504 254
156 445 900
445 156 900
469 473 759
473 469 759
394 382 438
382 394 438
51 370 393
370 51 393
479 312 121
312 479 121
415 260 235
260 415 235
501 409 720
409 501 720
405 491 288
491 405 288
159 301 851
301 159 851
204 47 530
47 204 530
250 475 335
475 250 335
192 391 643
391 192 643
376 194 596
194 376 596
139 252 829
252 139 829
26 269 516
269 26 516
308 428 599
428 308 599
46 51 132
51 46 132
360 408 999
408 360 999
154 368 78
368 154 78
115 412 211
412 115 211
441 315 785
315 441 785
226 210 750
210 226 750
108 415 239
415 108 239
365 389 623
389 365 623
116 385 510
385 116 510
94 83 853
83 94 853
48 211 610
211 48 610
363 237 466
237 363 466
338 71 981
71 338 981
253 280 668
280 253 668
92 491 900
491 92 900
316 394 976
394 316 976
410 113 559
113 410 559
221 161 868
161 221 868
63 111 140
111 63 140
362 340 720
340 362 720
140 159 324
159 140 324
463 213 393
213 463 393
53 457 39
457 53 39
241 11 765
11 241 765
167 503 883
503 167 883
330 307 743
307 330 743
439 57 231
57 439 231
223 172 687
172 223 687
105 255 17
255 105 17
305 82 552
82 305 552
55 399 645
399 55 645
145 389 22
389 145 22
396 324 62
324 396 62
36 358 46
358 36 46
12 31 968
31 12 968
500 448 68
448 500 68
79 172 995
172 79 995
392 401 913
401 392 913
244 447 445
447 244 445
220 260 319
260 220 319
242 482 336
482 242 336
423 13 9
13 423 9
431 105 270
105 431 270
461 404 42
404 461 42
157 230 976
230 157 976
407 190 3
190 407 3
336 252 636
252 336 636
489 491 526
491 489 526
483 234 716
234 483 716
93 81 337
81 93 337
228 154 848
154 228 848
148 205 968
205 148 968
44 156 917
156 44 917
233 284 806
284 233 806
493 337 172
337 493 172
89 77 949
77 89 949
452 65 635
65 452 635
366 348 153
348 366 153
75 187 348
187 75 348
361 184 640
184 361 640
102 202 91
202 102 91
373 213 687
213 373 687
256 122 241
122 256 241
350 342 166
342 350 166
443 163 414
163 443 414
326 454 822
454 326 822
353 89 402
89 353 402
64 118 543
118 64 543
327 413 480
413 327 480
158 72 544
72 158 544
402 271 268
271 402 268
495 438 466
438 495 466
345 257 122
257 345 122
433 86 507
86 433 507
283 50 279
50 283 279
304 80 697
80 304 697
319 126 780
126 319 780
457 19 541
19 457 541
339 321 395
321 339 395
345 308 995
308 345 995
277 457 118
457 277 118
455 283 337
283 455 337
156 64 965
64 156 965
407 133 600
133 407 600
475 459 545
459 475 545
287 140 361
140 287 361
151 423 888
423 151 888
396 344 338
344 396 338
226 471 839
471 226 839
246 352 835
352 246 835
41 455 159
455 41 159
361 172 371
172 361 371
213 186 300
186 213 300
421 377 801
377 421 801
209 474 441
474 209 441
190 432 807
432 190 807
39 315 44
315 39 44
335 229 349
229 335 349
489 246 971
246 489 971
257 427 931
427 257 931
452 15 838
15 452 838
299 258 263
258 299 263
471 185 192
185 471 192
98 413 958
413 98 958
138 99 972
99 138 972
139 91 542
91 139 542
349 435 674
435 349 674
300 468 593
468 300 593
32 493 516
493 32 516
388 341 556
341 388 556
164 380 772
380 164 772
52 398 318
398 52 318
445 71 438
71 445 438
258 405 735
405 258 735
239 452 264
452 239 264
88 211 567
211 88 567
66 503 194
503 66 194
302 129 442
129 302 442
143 39 865
39 143 865
473 371 523
371 473 523
408 150 676
150 408 676
171 157 800
157 171 800
264 380 369
380 264 369
199 75 37
75 199 37
337 220 421
220 337 421
472 403 817
403 472 817
504 175 233
175 504 233
396 414 370
414 396 370
178 283 963
283 178 963
411 287 199
287 411 199
388 331 642
331 388 642
225 202 19
202 225 19
399 355 255
355 399 255
137 105 247
105 137 247
381 306 967
306 381 967
404 336 430
336 404 430
417 82 458
82 417 458
10 284 730
284 10 730
328 92 521
92 328 521
55 469 829
469 55 829
161 189 980
189 161 980
375 270 451
270 375 451
157 47 950
47 157 950
77 397 404
397 77 404
233 312 258
312 233 258
149 241 775
241 149 775
251 342 624
342 251 624
448 153 314
153 448 314
106 456 11
456 106 11
19 277 207
277 19 207
19 183 395
183 19 395
149 372 650
372 149 650
186 248 398
248 186 398
181 53 842
53 181 842
438 169 476
169 438 476
331 376 582
376 331 582
229 264 727
264 229 727
99 448 841
448 99 841
245 183 485
183 245 485
461 400 138
400 461 138
386 43 579
43 386 579
92 86 369
86 92 369
132 98 195
98 132 195
470 32 687
32 470 687
310 227 44
227 310 44
481 489 861
489 481 861
441 102 967
102 441 967
245 481 402
481 245 402
500 229 783
229 500 783
472 381 416
381 472 416
499 39 609
39 499 609
357 209 887
209 357 887
255 368 61
368 255 61
151 229 914
229 151 914
124 244 492
244 124 492
302 110 733
110 302 733
412 60 47
60 412 47
418 204 532
204 418 532
466 204 568
204 466 568
351 208 714
208 351 714
388 393 972
393 388 972
25 172 819
172 25 819
352 479 84
479 352 84
43 295 178
295 43 178
479 224 206
224 479 206
29 14 335
14 29 335
225 478 259
478 225 259
129 111 529
111 129 529
228 298 931
298 228 931
408 281 921
281 408 921
447 271 156
271 447 156
438 388 599
388 438 599
6 110 524
110 6 524
425 55 775
55 425 775
481 501 969
501 481 969
100 198 663
198 100 663
143 298 625
298 143 625
2 51 469
51 2 469
400 411 726
411 400 726
136 220 670
220 136 670
401 420 790
420 401 790
280 378 556
378 280 556
216 159 530
159 216 530
503 197 832
197 503 832
251 81 106
81 251 106
77 23 360
23 77 360
315 297 343
297 315 343
26 34 524
34 26 524
179 154 882
154 179 882
472 311 139
311 472 139
66 407 23
407 66 23
85 234 128
234 85 128
276 21 907
21 276 907
23 198 45
198 23 45
282 458 63
458 282 63
54 118 815
118 54 815
332 244 53
244 332 53
474 476 813
476 474 813
58 349 366
349 58 366
431 308 949
308 431 949
417 230 55
230 417 55
103 331 618
331 103 618
36 68 774
68 36 774
80 248 317
248 80 317
264 108 823
108 264 823
135 282 185
282 135 185
106 135 821
135 106 821
224 395 972
395 224 972
393 435 366
435 393 366
182 487 26
487 182 26
123 50 181
50 123 181
209 83 707
83 209 707
374 145 13
145 374 13
421 298 809
298 421 809
269 208 892
208 269 892
201 377 487
377 201 487
43 363 52
363 43 52
236 253 411
253 236 411
193 150 879
150 193 879
407 146 28
146 407 28
426 339 98
339 426 98
46 192 82
192 46 82
136 260 978
260 136 978
274 227 991
227 274 991
232 344 930
344 232 930
339 186 824
186 339 824
194 350 37
350 194 37
432 70 345
70 432 345
468 89 561
89 468 561
181 357 164
357 181 164
91 249 942
249 91 942
411 300 696
300 411 696
133 493 899
493 133 899
228 254 336
254 228 336
452 245 494
245 452 494
256 439 640
439 256 640
285 183 45
183 285 45
31 358 650
358 31 650
263 67 174
67 263 174
353 10 360
10 353 360
31 151 899
151 31 899
314 199 372
199 314 372
140 455 141
455 140 141
142 455 789
455 142 789
71 151 952
151 71 952
169 132 703
132 169 703
332 470 820
470 332 820
238 235 19
235 238 19
245 204 331
204 245 331
368 197 39
197 368 39
125 372 947
372 125 947
84 82 626
82 84 626
357 258 156
258 357 156
248 188 388
188 248 388
317 184 428
184 317 428
149 144 935
144 149 935
126 136 728
136 126 728
205 157 141
157 205 141
259 368 221
368 259 221
318 364 74
364 318 74
354 278 579
278 354 579
119 123 989
123 119 989
182 383 917
383 182 917
149 442 482
442 149 482
13 31 938
31 13 938
69 2 660
2 69 660
113 183 942
183 113 942
288 98 855
98 288 855
187 266 906
266 187 906
211 247 555
247 211 555
444 164 626
164 444 626
249 496 897
496 249 897
10 266 41
266 10 41
465 7 888
7 465 888
176 30 987
30 176 987
186 212 547
212 186 547
463 116 49
116 463 49
262 486 401
486 262 401
184 273 431
273 184 431
399 221 999
221 399 999
446 430 946
430 446 946
65 486 471
486 65 471
164 387 165
387 164 165
349 321 485
321 349 485
437 411 604
411 437 604
431 92 290
92 431 290
19 5 115
5 19 115
93 217 353
217 93 353
262 324 366
324 262 366
476 496 645
496 476 645
90 163 55
163 90 55
0 463 980
463 0 980
453 6 740
6 453 740
169 343 303
343 169 303
112 397 42
397 112 42
213 271 441
271 213 441
425 367 420
367 425 420
494 70 745
70 494 745
457 86 137
86 457 137
109 32 627
32 109 627
342 270 31
270 342 31
383 451 407
451 383 407
199 35 657
35 199 657
348 478 697
478 348 697
417 258 435
258 417 435
240 11 567
11 240 567
252 349 156
349 252 156
457 270 233
270 457 233
106 20 138
20 106 138
405 456 365
456 405 365
396 241 638
241 396 638
355 419 733
419 355 733
329 286 700
286 329 700
311 498 985
498 311 985
242 94 858
94 242 858
230 72 883
72 230 883
146 396 162
396 146 162
503 324 513
324 503 513
64 203 545
203 64 545
201 303 934
303 201 934
70 319 757
319 70 757
284 280 312
280 284 312
210 53 936
53 210 936
34 86 399
86 34 399
366 227 523
227 366 523
255 326 419
326 255 419
278 479 100
479 278 100
367 402 157
402 367 157
357 132 597
132 357 597
214 397 721
397 214 721
283 228 902
228 283 902
339 212 713
212 339 713
258 426 714
426 258 714
436 416 659
416 436 659
462 283 525
283 462 525
32 398 705
398 32 705
399 403 172
403 399 172
70 291 812
291 70 812
379 460 118
460 379 118
105 179 836
179 105 836
257 113 325
113 257 325
191 96 463
96 191 463
217 352 713
352 217 713
187 74 498
74 187 498
51 372 234
372 51 234
157 411 575
411 157 575
271 192 916
192 271 916
417 249 876
249 417 876
3 461 907
461 3 907
349 184 847
184 349 847
97 108 170
108 97 170
463 339 418
339 463 418
23 491 213
491 23 213
134 478 700
478 134 700
1 224 21
224 1 21
322 124 941
124 322 941
393 190 906
190 393 906
103 455 54
455 103 54
423 70 951
70 423 951
498 120 659
120 498 659
485 1 342
1 485 342
267 477 894
477 267 894
298 261 491
261 298 491
68 8 275
8 68 275
26 477 502
477 26 502
271 458 403
458 271 403
496 224 185
224 496 185
422 310 373
310 422 373
411 78 872
78 411 872
23 139 938
139 23 938
262 298 70
298 262 70
443 98 489
98 443 489
446 455 975
455 446 975
230 280 94
280 230 94
224 113 235
113 224 235
415 32 303
32 415 303
39 165 831
165 39 831
449 252 674
252 449 674
92 378 842
378 92 842
15 252 600
252 15 600
295 450 7
450 295 7
232 253 414
253 232 414
231 225 773
225 231 773
462 16 731
16 462 731
351 212 953
212 351 953
496 295 355
295 496 355
362 249 351
249 362 351
63 182 702
182 63 702
132 358 232
358 132 232
202 360 318
360 202 318
381 31 9
31 381 9
377 331 969
331 377 969
102 3 948
3 102 948
321 153 79
153 321 79
255 82 432
82 255 432
31 301 376
301 31 376
326 13 881
13 326 881
404 303 237
303 404 237
419 148 204
148 419 204
284 372 492
372 284 492
119 53 800
53 119 800
260 263 393
263 260 393
185 354 851
354 185 851
258 40 410
40 258 410
331 200 889
200 331 889
227 422 671
422 227 671
348 391 647
391 348 647
242 260 442
260 242 442
99 260 996
260 99 996
340 476 784
476 340 784
486 263 887
263 486 887
65 427 925
427 65 925
213 40 456
40 213 456
344 172 955
172 344 955
133 284 191
284 133 191
489 373 346
373 489 346
207 422 112
422 207 112
287 380 998
380 287 998
332 199 525
199 332 525
387 433 958
433 387 958
345 455 848
455 345 848
218 497 691
497 218 691
364 5 318
5 364 318
33 267 322
267 33 322
90 141 1
141 90 1
369 227 324
227 369 324
446 105 972
105 446 972
279 159 990
159 279 990
383 304 49
304 383 49
434 62 41
62 434 41
278 369 269
369 278 269
152 11 334
11 152 334
49 84 185
84 49 185
176 54 372
54 176 372
320 267 975
267 320 975
466 246 391
246 466 391
318 132 132
132 318 132
333 159 619
159 333 619
296 228 934
228 296 934
152 43 758
43 152 758
76 450 868
450 76 868
432 73 918
73 432 918
196 226 425
226 196 425
313 236 181
236 313 181
336 267 232
267 336 232
489 347 391
347 489 391
420 469 0
469 420 0
149 502 390
502 149 390
495 412 42
412 495 42
83 102 275
102 83 275
320 169 355
169 320 355
161 217 846
217 161 846
21 96 464
96 21 464
110 124 610
124 110 610
339 369 257
369 339 257
89 8 731
8 89 731
8 312 24
312 8 24
429 39 635
39 429 635
72 119 139
119 72 139
112 457 586
457 112 586
495 119 327
119 495 327
292 314 520
314 292 520
200 40 573
40 200 573
212 429 932
429 212 932
420 487 521
487 420 521
305 447 481
447 305 481
49 135 560
135 49 560
162 490 426
490 162 426
80 34 80
34 80 80
455 219 343
219 455 343
405 159 883
159 405 883
267 135 254
135 267 254
123 113 793
113 123 793
228 437 24
437 228 24
61 60 909
60 61 909
473 271 414
271 473 414
256 412 793
412 256 793
61 206 439
206 61 439
358 187 488
187 358 488
420 39 233
39 420 233
103 445 368
445 103 368
374 173 613
173 374 613
93 489 152
489 93 152
327 139 534
139 327 534
141 120 192
120 141 192
243 93 530
93 243 530
388 248 125
248 388 125
452 177 158
177 452 158
503 379 342
379 503 342
221 196 824
196 221 824
95 476 921
476 95 921
45 332 694
332 45 694
375 437 508
437 375 508
198 289 400
289 198 400
125 188 970
188 125 970
498 72 984
72 498 984
162 439 778
439 162 778
367 376 533
376 367 533
375 60 335
60 375 335
85 90 945
90 85 945
440 58 871
58 440 871
214 169 444
169 214 444
215 397 705
397 215 705
218 456 920
456 218 920
299 137 951
137 299 951
42 406 451
406 42 451
232 133 499
133 232 499
500 164 863
164 500 863
66 280 748
280 66 748
0 432 44
432 0 44
293 124 248
124 293 248
335 362 690
362 335 690
465 206 676
206 465 676
141 191 882
191 141 882
353 281 528
281 353 528
138 407 661
407 138 661
397 194 906
194 397 906
367 162 505
162 367 505
141 198 167
198 141 167
247 231 863
231 247 863
342 470 448
470 342 448
30 134 679
134 30 679
66 226 479
226 66 479
313 357 225
357 313 225
480 128 769
128 480 769
408 102 958
102 408 958
446 75 475
75 446 475
478 310 215
310 478 215
105 217 721
217 105 721
492 50 415
50 492 415
457 120 874
120 457 874
282 352 583
352 282 583
362 193 421
193 362 421
310 502 648
502 310 648
132 350 684
350 132 684
401 488 658
488 401 658
79 237 316
237 79 316
112 240 550
240 112 550
47 81 619
81 47 619
327 399 504
399 327 504
163 390 208
390 163 208
117 83 775
83 117 775
165 118 85
118 165 85
208 444 785
444 208 785
469 2 628
2 469 628
64 316 28
316 64 28
485 92 981
92 485 981
9 217 157
217 9 157
76 111 112
111 76 112
325 61 285
61 325 285
463 360 224
360 463 224
13 380 763
380 13 763
477 336 347
336 477 347
279 204 604
204 279 604
224 148 91
148 224 91
466 408 323
408 466 323
186 352 577
352 186 577
173 435 978
435 173 978
211 427 445
427 211 445
168 142 746
142 168 746
63 245 119
245 63 119
52 296 680
296 52 680
148 443 136
443 148 136
175 39 906
39 175 906
106 311 722
311 106 722
383 205 32
205 383 32
385 312 270
312 385 270
380 333 352
333 380 352
213 391 630
391 213 630
504 222 194
222 504 194
208 250 554
250 208 554
440 177 346
177 440 346
382 271 14
271 382 14
95 79 507
79 95 507
405 444 652
444 405 652
253 111 339
111 253 339
252 172 101
172 252 101
403 337 427
337 403 427
373 193 776
193 373 776
313 277 584
277 313 584
65 73 76
73 65 76
338 322 131
322 338 131
173 425 532
425 173 532
154 129 228
129 154 228
86 182 571
182 86 571
46 478 222
478 46 222
6 201 679
201 6 679
443 422 408
422 443 408
292 23 715
23 292 715
208 134 356
134 208 356
468 494 738
494 468 738
402 55 356
55 402 356
402 18 872
18 402 872
152 104 476
104 152 476
376 424 131
424 376 131
266 337 680
337 266 680
372 62 0
62 372 0
216 491 838
491 216 838
448 87 893
87 448 893
302 75 331
75 302 331
425 291 626
291 425 626
390 213 822
213 390 822
128 289 728
289 128 728
381 433 206
433 381 206
9 269 354
269 9 354
92 447 91
447 92 91
347 5 544
5 347 544
139 230 125
230 139 125
43 325 474
325 43 474
421 91 303
91 421 303
358 324 447
324 358 447
248 54 293
54 248 293
232 444 855
444 232 855
246 222 865
222 246 865
494 417 891
417 494 891
495 491 320
491 495 320
66 345 560
345 66 560
374 433 294
433 374 294
125 150 725
150 125 725
127 108 909
108 127 909
429 339 143
339 429 143
111 416 57
416 111 57
188 393 428
393 188 428
239 169 230
169 239 230
187 424 932
424 187 932
469 346 501
346 469 501
223 447 725
447 223 725
370 37 383
37 370 383
349 73 52
73 349 52
484 302 827
302 484 827
121 380 31
380 121 31
2 43 315
43 2 315
274 250 187
250 274 187
12 490 983
490 12 983
134 390 914
390 134 914
163 179 538
179 163 538
282 487 539
487 282 539
205 207 288
207 205 288
494 209 441
209 494 441
227 54 959
54 227 959
336 378 168
378 336 168
348 439 874
439 348 874
20 342 207
342 20 207
127 215 226
215 127 226
29 78 807
78 29 807
303 180 564
180 303 564
304 277 557
277 304 557
184 25 238
25 184 238
92 159 739
159 92 739
59 407 904
407 59 904
302 89 160
89 302 160
133 404 573
404 133 573
490 241 853
241 490 853
288 287 172
287 288 172
208 205 536
205 208 536
251 243 817
243 251 817
410 48 814
48 410 814
478 174 21
174 478 21
257 195 808
195 257 808
500 226 204
226 500 204
293 437 171
437 293 171
13 219 397
219 13 397
27 142 546
142 27 546
211 456 105
456 211 105
229 48 88
48 229 88
346 460 920
460 346 920
250 305 83
305 250 83
460 443 764
443 460 764
304 133 763
133 304 763
69 328 690
328 69 690
266 319 422
319 266 422
402 172 677
172 402 677
69 111 743
111 69 743
417 105 780
105 417 780
468 322 248
322 468 248
174 502 878
502 174 878
492 175 874
175 492 874
272 368 828
368 272 828
313 429 456
429 313 456
127 328 727
328 127 727
258 145 779
145 258 779
491 124 614
124 491 614
186 53 521
53 186 521
294 71 612
71 294 612
357 123 682
123 357 682
260 428 849
428 260 849
326 56 513
56 326 513
110 166 259
166 110 259
124 444 490
444 124 490
469 234 957
234 469 957
26 94 204
94 26 204
23 183 347
183 23 347
496 78 450
78 496 450
155 420 838
420 155 838
131 44 828
44 131 828
225 220 339
220 225 339
309 116 653
116 309 653
462 112 405
112 462 405
275 340 712
340 275 712
55 200 305
200 55 305
475 415 775
415 475 775
455 115 240
115 455 240
375 383 221
383 375 221
224 382 171
382 224 171
3 155 827
155 3 827
416 339 774
339 416 774
396 346 796
346 396 796
244 477 856
477 244 856
192 426 487
426 192 487
423 321 265
321 423 265
430 78 467
78 430 467
79 334 539
334 79 539
41 193 747
193 41 747
265 64 263
64 265 263
122 351 70
351 122 70
276 292 611
292 276 611
8 48 262
48 8 262
433 329 965
329 433 965
432 250 894
250 432 894
104 233 917
233 104 917
306 218 177
218 306 177
79 353 677
353 79 677
165 465 831
465 165 831
494 246 690
246 494 690
57 414 21
414 57 21
23 423 950
423 23 950
289 139 891
139 289 891
28 443 841
443 28 841
210 446 842
446 210 842
207 301 371
301 207 371
363 331 89
331 363 89
169 430 800
430 169 800
333 225 25
225 333 25
273 238 14
238 273 14
214 346 279
346 214 279
389 301 213
301 389 213
221 461 393
461 221 393
0 168 188
168 0 188
341 49 508
49 341 508
57 215 626
215 57 626
4 219 417
219 4 417
322 324 963
324 322 963
244 338 232
338 244 232
500 197 55
197 500 55
149 145 618
145 149 618
232 458 663
458 232 663
426 483 138
483 426 138
5 291 429
291 5 429
28 203 648
203 28 648
423 186 948
186 423 948
192 218 193
218 192 193
486 293 347
293 486 347
158 252 323
252 158 323
433 57 764
57 433 764
381 173 1000
173 381 1000
113 23 934
23 113 934
203 454 917
454 203 917
458 417 469
417 458 469
504 480 163
480 504 163
145 191 524
191 145 524
111 295 731
295 111 731
1 23 458
23 1 458
314 499 162
499 314 162
23 157 429
157 23 429
476 229 702
229 476 702
57 479 960
479 57 960
251 317 115
317 251 115
352 72 114
72 352 114
360 180 764
180 360 764
326 113 301
113 326 301
126 418 102
418 126 102
141 412 435
412 141 435
146 266 803
266 146 803
32 472 364
472 32 364
3 250 548
250 3 548
498 35 8
35 498 8
261 23 15
23 261 15
402 372 976
372 402 976
252 439 125
439 252 125
278 142 802
142 278 802
345 113 907
113 345 907
184 424 647
424 184 647
405 155 87
155 405 87
171 30 659
30 171 659
275 114 230
114 275 230
125 502 422
502 125 422
242 431 924
431 242 924
320 125 613
125 320 613
129 364 135
364 129 135
295 399 720
399 295 720
56 278 414
278 56 414
105 345 978
345 105 978
26 319 559
319 26 559
160 284 856
284 160 856
61 463 555
463 61 555
303 337 964
337 303 964
36 490 659
490 36 659
457 485 978
485 457 978
349 139 91
139 349 91
451 24 294
24 451 294
494 187 216
187 494 216
209 141 9
141 209 9
92 472 882
472 92 882
41 20 792
20 41 792
258 98 897
98 258 897
460 300 291
300 460 291
408 72 144
72 408 144
26 175 519
175 26 519
124 44 117
44 124 117
102 136 6
136 102 6
174 159 331
159 174 331
46 303 338
303 46 338
275 371 64
371 275 64
120 247 212
247 120 212
187 328 339
328 187 339
367 173 481
173 367 481
236 211 86
211 236 86
43 481 449
481 43 449
380 372 412
372 380 412
440 427 564
427 440 564
77 90 75
90 77 75
79 497 147
497 79 147
97 364 848
364 97 848
362 368 320
368 362 320
357 53 72
53 357 72
262 408 35
408 262 35
380 458 578
458 380 578
333 15 69
15 333 69
20 494 578
494 20 578
78 389 960
389 78 960
15 221 744
221 15 744
121 340 605
340 121 605
415 168 761
168 415 761
307 500 637
500 307 637
76 9 353
9 76 353
484 372 514
372 484 514
438 11 393
11 438 393
129 345 374
345 129 374
503 143 524
143 503 524
473 127 588
127 473 588
417 420 113
420 417 113
217 52 784
52 217 784
218 133 558
133 218 558
245 90 519
90 245 519
84 402 41
402 84 41
315 260 40
260 315 40
493 428 184
428 493 184
321 494 497
494 321 497
107 281 936
281 107 936
241 452 429
452 241 429
432 51 663
51 432 663
62 210 670
210 62 670
384 121 760
121 384 760
11 439 352
439 11 352
367 504 867
504 367 867
250 150 743
150 250 743
95 157 44
157 95 44
175 301 491
301 175 491
211 119 950
119 211 950
270 26 394
26 270 394
181 419 701
419 181 701
463 288 495
288 463 495
42 220 27
220 42 27
478 135 638
135 478 638
474 250 999
250 474 999
499 238 626
238 499 626
335 481 592
481 335 592
448 345 440
345 448 440
144 273 886
273 144 886
92 324 147
324 92 147
9 147 400
147 9 400
10 217 390
217 10 390
131 358 216
358 131 216
80 443 247
443 80 247
236 322 886
322 236 886
489 330 380
330 489 380
493 298 243
298 493 243
406 21 638
21 406 638
397 303 329
303 397 329
133 262 864
262 133 864
175 453 563
453 175 563
238 236 721
236 238 721
348 416 117
416 348 117
305 157 457
157 305 457
427 436 708
436 427 708
25 474 366
474 25 366
164 127 726
127 164 726
498 464 553
464 498 553
202 500 215
500 202 215
170 332 279
332 170 279
9 292 362
292 9 362
441 278 322
278 441 322
399 50 44
50 399 44
198 373 201
373 198 201
164 139 167
139 164 167
226 231 469
231 226 469
43 277 513
277 43 513
419 166 498
166 419 498
117 479 321
479 117 321
108 248 760
248 108 760
228 225 894
225 228 894
181 142 55
142 181 55
92 242 117
242 92 117
105 177 342
177 105 342
304 411 781
411 304 781
398 403 737
403 398 737
295 134 316
134 295 316
18 396 424
396 18 424
116 423 493
423 116 493
391 497 968
497 391 968
96 464 743
464 96 743
43 402 809
402 43 809
324 153 518
153 324 518
414 94 675
94 414 675
169 9 338
9 169 338
373 234 836
234 373 836
416 182 922
182 416 922
264 210 20
210 264 20
386 317 97
317 386 97
204 93 747
93 204 747
118 153 835
153 118 835
485 221 400
221 485 400
348 490 790
490 348 790
105 434 964
434 105 964
336 157 625
157 336 625
488 256 885
256 488 885
241 450 284
450 241 284
131 411 930
411 131 930
306 4 974
4 306 974
31 252 133
252 31 133
140 279 264
279 140 264
377 317 310
317 377 310
303 355 630
355 303 630
454 436 80
436 454 80
401 145 863
145 401 863
299 278 997
278 299 997
361 85 203
85 361 203
221 414 359
414 221 359
88 119 491
119 88 491
285 229 773
229 285 773
415 174 277
174 415 277
43 145 737
145 43 737
225 218 872
218 225 872
351 316 285
316 351 285
143 406 754
406 143 754
497 132 915
132 497 915
262 204 212
204 262 212
174 451 691
451 174 691
197 117 130
117 197 130
303 173 551
173 303 551
386 5 326
5 386 326
75 497 685
497 75 685
91 298 324
298 91 324
15 241 453
241 15 453
484 233 664
233 484 664
222 234 281
234 222 281
475 478 193
478 475 193
189 123 501
123 189 501
312 389 551
389 312 551
485 327 289
327 485 289
323 194 565
194 323 565
30 47 179
47 30 179
70 128 977
128 70 977
4 392 667
392 4 667
449 339 872
339 449 872
252 409 891
409 252 891
423 242 471
242 423 471
262 37 267
37 262 267
55 234 549
234 55 549
265 175 810
175 265 810
6 301 70
301 6 70
224 103 997
103 224 997
448 70 524
70 448 524
41 172 853
172 41 853
253 332 753
332 253 753
257 380 562
380 257 562
229 72 726
72 229 726
58 315 155
315 58 155
384 425 312
425 384 312
83 467 528
467 83 528
175 434 425
434 175 425
502 45 208
45 502 208
30 120 99
120 30 99
236 340 124
340 236 124
477 248 477
248 477 477
114 374 171
374 114 171
232 292 238
292 232 238
358 449 612
449 358 612
34 278 71
278 34 71
439 376 561
376 439 561
27 211 203
211 27 203
323 16 93
16 323 93
198 407 879
407 198 879
189 9 133
9 189 133
164 265 563
265 164 563
451 73 654
73 451 654
68 383 615
383 68 615
69 92 656
92 69 656
220 146 688
146 220 688
29 227 655
227 29 655
385 462 807
462 385 807
320 123 353
123 320 353
433 273 807
273 433 807
268 171 659
171 268 659
425 495 202
495 425 202
103 104 530
104 103 530
367 27 845
27 367 845
473 262 242
262 473 242
135 227 93
227 135 93
164 266 855
266 164 855
482 294 401
294 482 401
67 101 737
101 67 737
148 15 918
15 148 918
486 56 898
56 486 898
499 464 629
464 499 629
487 192 508
192 487 508
130 185 636
185 130 636
374 464 235
464 374 235
338 401 419
401 338 419
461 53 245
53 461 245
48 276 496
276 48 496
263 262 529
262 263 529
441 397 379
397 441 379
301 96 149
96 301 149
333 3 329
3 333 329
168 367 742
367 168 742
35 165 925
165 35 925
51 154 196
154 51 196
152 131 533
131 152 533
54 138 666
138 54 666
11 101 387
101 11 387
69 379 146
379 69 146
103 417 294
417 103 294
385 491 158
491 385 158
211 375 850
375 211 850
462 237 358
237 462 358
408 352 152
352 408 152
140 82 439
82 140 439
224 174 216
174 224 216
333 493 161
493 333 161
155 335 938
335 155 938
108 236 433
236 108 433
148 49 859
49 148 859
438 243 768
243 438 768
24 82 87
82 24 87
367 428 662
428 367 662
336 274 103
274 336 103
377 442 532
442 377 532
386 106 881
106 386 881
348 367 823
367 348 823
485 120 476
120 485 476
159 14 754
14 159 754
352 453 719
453 352 719
337 329 385
329 337 385
151 10 640
10 151 640
370 285 842
285 370 842
288 366 745
366 288 745
249 90 163
90 249 163
102 482 955
482 102 955
324 133 13
133 324 13
31 262 723
262 31 723
474 475 785
475 474 785
63 262 884
262 63 884
222 158 158
158 222 158
108 19 830
19 108 830
159 325 635
325 159 635
6 313 108
313 6 108
239 449 276
449 239 276
196 45 591
45 196 591
249 111 592
111 249 592
117 386 725
386 117 725
35 192 462
192 35 462
177 86 340
86 177 340
80 222 417
222 80 417
332 500 22
500 332 22
304 131 668
131 304 668
358 27 794
27 358 794
464 325 738
325 464 738
262 205 893
205 262 893
400 42 463
42 400 463
168 402 895
402 168 895
460 412 256
412 460 256
314 275 531
275 314 531
18 433 132
433 18 132
348 203 732
203 348 732
315 384 546
384 315 546
393 407 205
407 393 205
56 449 455
449 56 455
482 472 276
472 482 276
10 498 662
498 10 662
146 12 793
12 146 793
255 291 376
291 255 376
303 328 26
328 303 26
142 353 658
353 142 658
447 41 646
41 447 646
372 194 522
194 372 522
196 72 434
72 196 434
45 465 863
465 45 863
315 284 529
284 315 529
265 95 857
95 265 857
473 398 109
398 473 109
360 142 724
142 360 724
453 450 496
450 453 496
53 227 271
227 53 271
382 209 135
209 382 135
23 202 274
202 23 274
75 362 176
362 75 176
201 390 212
390 201 212
162 14 725
14 162 725
302 338 833
338 302 833
191 57 31
57 191 31
149 28 330
28 149 330
196 459 942
459 196 942
198 203 420
203 198 420
249 483 130
483 249 130
443 110 126
110 443 126
127 175 738
175 127 738
220 227 452
227 220 452
238 126 857
126 238 857
331 77 869
77 331 869
149 230 373
230 149 373
352 212 89
212 352 89
231 498 463
498 231 463
109 182 15
182 109 15
75 504 537
504 75 537
363 225 395
225 363 395
384 427 243
427 384 243
446 222 738
222 446 738
182 314 58
314 182 58
475 154 303
154 475 303
474 190 308
190 474 308
99 211 127
211 99 127
231 307 694
307 231 694
21 432 992
432 21 992
262 432 95
432 262 95
162 163 345
163 162 345
297 226 203
226 297 203
133 391 902
391 133 902
307 137 472
137 307 472
14 38 175
38 14 175
44 328 409
328 44 409
390 8 4
8 390 4
212 67 742
67 212 742
457 118 557
118 457 557
128 200 796
200 128 796
78 223 94
223 78 94
8 240 631
240 8 631
419 174 62
174 419 62
442 461 856
461 442 856
32 141 168
141 32 168
467 270 169
270 467 169
76 12 849
12 76 849
201 289 450
289 201 450
161 139 584
139 161 584
184 337 387
337 184 387
414 350 125
350 414 125
189 28 84
28 189 84
385 273 390
273 385 390
457 453 740
453 457 740
380 422 474
422 380 474
458 214 516
214 458 516
295 46 376
46 295 376
180 138 655
138 180 655
156 246 603
246 156 603
314 327 969
327 314 969
462 267 290
267 462 290
86 9 321
9 86 321
496 324 873
324 496 873
19 101 478
101 19 478
53 208 735
208 53 735
12 187 352
187 12 352
312 372 167
372 312 167
180 53 227
53 180 227
396 387 331
387 396 331
97 444 381
444 97 381
496 196 807
196 496 807
493 171 293
171 493 293
475 205 21
205 475 21
283 8 470
8 283 470
418 339 838
339 418 838
36 85 202
85 36 202
415 332 974
332 415 974
225 462 339
462 225 339
271 124 33
124 271 33
16 282 913
282 16 913
45 143 976
143 45 976
463 103 376
103 463 376
71 450 580
450 71 580
436 313 502
313 436 502
109 119 89
119 109 89
459 90 710
90 459 710
499 233 567
233 499 567
1 403 285
403 1 285
457 81 438
81 457 438
444 240 488
240 444 488
470 284 350
284 470 350
301 242 2
242 301 2
450 83 302
83 450 302
139 412 887
412 139 887
439 62 821
62 439 821
117 447 720
447 117 720
382 171 290
171 382 290
435 304 39
304 435 39
120 86 388
86 120 388
97 282 390
282 97 390
129 458 712
458 129 712
175 300 789
300 175 789
484 263 496
263 484 496
158 340 567
340 158 567
432 324 445
324 432 445
472 419 689
419 472 689
173 344 408
344 173 408
475 383 939
383 475 939
64 69 731
69 64 731
431 402 915
402 431 915
476 308 993
308 476 993
322 257 615
257 322 615
78 24 560
24 78 560
130 356 428
356 130 428
501 220 599
220 501 599
458 72 174
72 458 174
86 438 434
438 86 434
134 256 451
256 134 451
28 47 698
47 28 698
279 203 236
203 279 236
70 245 639
245 70 639
162 408 187
408 162 187
159 105 509
105 159 509
463 98 794
98 463 794
274 6 965
6 274 965
164 232 234
232 164 234
482 49 10
49 482 10
374 73 933
73 374 933
431 285 447
285 431 447
475 49 296
49 475 296
183 103 318
103 183 318
256 346 38
346 256 38
411 427 161
427 411 161
55 212 676
212 55 676
333 496 834
496 333 834
234 263 751
263 234 751
176 255 309
255 176 309
30 232 600
232 30 600
405 398 339
398 405 339
175 387 69
387 175 69
177 412 666
412 177 666
58 376 300
376 58 300
497 483 955
483 497 955
135 397 316
397 135 316
18 336 210
336 18 210
34 140 69
140 34 69
138 261 43
261 138 43
329 407 93
407 329 93
217 473 301
473 217 301
28 378 1
378 28 1
232 254 44
254 232 44
408 362 608
362 408 608
410 349 481
349 410 481
482 43 599
43 482 599
155 50 970
50 155 970
284 337 138
337 284 138
341 8 78
8 341 78
348 47 622
47 348 622
372 491 118
491 372 118
292 159 102
159 292 102
228 33 443
33 228 443
43 128 484
128 43 484
470 338 456
338 470 456
200 17 909
17 200 909
349 310 104
310 349 104
252 94 381
94 252 381
418 365 432
365 418 432
368 354 82
354 368 82
186 477 981
477 186 981
425 418 900
418 425 900
269 127 96
127 269 96
418 143 387
143 418 387
55 247 541
247 55 541
242 421 575
421 242 575
54 137 559
137 54 559
30 392 314
392 30 314
358 455 710
455 358 710
153 344 619
344 153 619
1 365 796
365 1 796
353 259 752
259 353 752
445 493 361
493 445 361
219 391 21
391 219 21
246 432 146
432 246 146
453 174 697
174 453 697
429 502 668
502 429 668
12 252 190
252 12 190
333 376 501
376 333 501
355 107 682
107 355 682
229 266 989
266 229 989
14 501 142
501 14 142
63 261 176
261 63 176
