777 394 41
394 777 41
265 777 414
777 265 414
311 777 366
777 311 366
600 777 516
777 600 516
142 265 143
265 142 143
779 394 633
394 779 633
257 600 722
600 257 722
622 265 317
265 622 317
101 777 920
777 101 920
708 142 483
142 708 483
579 777 362
777 579 362
450 142 625
142 450 625
665 311 989
311 665 989
572 257 453
257 572 453
540 600 63
600 540 63
569 394 95
394 569 95
751 450 727
450 751 727
698 394 626
394 698 626
512 708 249
708 512 249
765 708 720
708 765 720
64 779 939
779 64 939
594 257 244
257 594 244
148 751 458
751 148 458
94 265 327
265 94 327
531 540 111
540 531 111
316 751 298
751 316 298
746 311 560
311 746 560
349 316 944
316 349 944
568 779 986
779 568 986
639 751 601
751 639 601
301 572 93
572 301 93
633 94 324
94 633 324
611 540 297
540 611 297
193 450 841
450 193 841
197 265 627
265 197 627
702 569 487
569 702 487
71 142 695
142 71 695
137 101 945
101 137 945
39 142 919
142 39 919
753 193 699
193 753 699
417 611 282
611 417 282
556 540 869
540 556 869
230 71 845
71 230 845
448 71 281
71 448 281
482 301 676
301 482 676
693 448 938
448 693 938
382 142 332
142 382 332
664 257 498
257 664 498
637 753 343
753 637 343
204 540 16
540 204 16
291 257 722
257 291 722
237 148 813
148 237 813
182 64 436
64 182 436
65 779 801
779 65 801
158 65 714
65 158 714
240 265 836
265 240 836
629 753 931
753 629 931
585 137 696
137 585 696
79 777 127
777 79 127
703 450 620
450 703 620
635 257 400
257 635 400
99 148 853
148 99 853
126 265 620
265 126 620
22 94 984
94 22 984
207 540 490
540 207 490
235 257 959
257 235 959
759 265 557
265 759 557
470 450 855
450 470 855
292 622 226
622 292 226
78 137 358
137 78 358
485 148 62
148 485 62
559 79 40
79 559 40
671 450 716
450 671 716
435 531 266
531 435 266
401 703 858
703 401 858
644 64 714
64 644 714
762 316 989
316 762 989
61 765 865
765 61 865
181 230 542
230 181 542
284 540 611
540 284 611
497 594 13
594 497 13
529 237 921
237 529 921
649 207 939
207 649 939
353 649 365
649 353 365
438 353 256
353 438 256
173 485 707
485 173 707
12 585 759
585 12 759
89 556 756
556 89 756
49 292 287
292 49 287
156 639 780
639 156 780
550 482 624
482 550 624
333 173 367
173 333 367
684 497 874
497 684 874
721 569 732
569 721 732
359 637 766
637 359 766
476 649 82
649 476 82
1 644 196
644 1 196
387 765 245
765 387 245
261 497 458
497 261 458
439 156 896
156 439 896
666 182 32
182 666 32
466 49 581
49 466 581
488 387 678
387 488 678
52 64 456
64 52 456
75 611 718
611 75 718
187 629 540
629 187 540
573 485 618
485 573 618
0 600 506
600 0 506
383 39 857
39 383 857
549 779 828
779 549 828
491 94 561
94 491 561
755 708 857
708 755 857
155 777 411
777 155 411
495 753 3
753 495 3
255 777 734
777 255 734
4 75 691
75 4 691
632 61 100
61 632 100
229 540 622
540 229 622
242 491 309
491 242 309
337 89 186
89 337 186
121 703 874
703 121 874
475 284 83
284 475 83
27 197 935
197 27 935
545 466 811
466 545 811
141 549 262
549 141 262
165 649 533
649 165 533
420 572 892
572 420 892
192 485 871
485 192 871
24 708 41
708 24 41
258 235 571
235 258 571
386 684 960
684 386 960
700 708 866
708 700 866
747 165 729
165 747 729
563 491 381
491 563 381
663 482 212
482 663 212
459 435 9
435 459 9
172 137 277
137 172 277
410 173 808
173 410 808
453 148 346
148 453 346
773 101 42
101 773 42
335 417 153
417 335 153
728 435 369
435 728 369
492 773 132
773 492 132
364 568 489
568 364 489
300 450 315
450 300 315
224 747 746
747 224 746
90 762 412
762 90 412
411 644 424
644 411 424
135 531 574
531 135 574
607 121 345
121 607 345
430 301 490
301 430 490
146 420 436
420 146 436
46 762 343
762 46 343
202 556 641
556 202 641
720 476 825
476 720 825
112 569 827
569 112 827
109 204 767
204 109 767
287 540 394
540 287 394
11 531 403
531 11 403
715 700 296
700 715 296
578 141 807
141 578 807
752 158 433
158 752 433
110 721 225
721 110 225
340 135 795
135 340 795
220 549 196
549 220 196
464 568 65
568 464 65
36 563 462
563 36 462
270 639 509
639 270 509
519 207 212
207 519 212
56 158 638
158 56 638
198 316 202
316 198 202
602 476 370
476 602 370
717 137 107
137 717 107
642 71 577
71 642 577
532 110 696
110 532 696
555 747 507
747 555 507
423 420 510
420 423 510
273 410 624
410 273 624
296 265 348
265 296 348
419 529 36
529 419 36
696 71 895
71 696 895
344 202 802
202 344 802
212 1 596
1 212 596
392 212 723
212 392 723
627 569 819
569 627 819
115 700 889
700 115 889
53 569 230
569 53 230
178 708 307
708 178 307
20 495 338
495 20 338
223 137 889
137 223 889
621 359 517
359 621 517
517 663 514
663 517 514
45 224 92
224 45 92
706 46 78
46 706 78
582 45 211
45 582 211
395 172 922
172 395 922
570 27 865
27 570 865
527 720 600
720 527 600
323 142 672
142 323 672
2 20 186
20 2 186
414 24 583
24 414 583
352 438 67
438 352 67
682 759 965
759 682 965
418 570 417
570 418 417
530 387 63
387 530 63
232 340 957
340 232 957
179 635 293
635 179 293
465 572 964
572 465 964
51 27 427
27 51 427
203 141 911
141 203 911
118 602 715
602 118 715
219 179 361
179 219 361
584 101 626
101 584 626
659 387 469
387 659 469
70 531 482
531 70 482
222 142 33
142 222 33
191 578 331
578 191 331
152 296 562
296 152 562
496 637 392
637 496 392
701 349 902
349 701 902
88 112 717
112 88 717
672 109 647
109 672 647
483 464 127
464 483 127
426 414 869
414 426 869
188 261 818
261 188 818
424 223 893
223 424 893
177 700 881
700 177 881
282 101 800
101 282 800
571 155 380
155 571 380
286 4 365
4 286 365
113 579 923
579 113 923
59 545 261
545 59 261
38 747 682
747 38 682
325 585 95
585 325 95
737 273 536
273 737 536
618 24 312
24 618 312
170 71 436
71 170 436
624 618 86
618 624 86
160 187 64
187 160 64
150 187 792
187 150 792
247 53 977
53 247 977
44 352 457
352 44 457
647 532 427
532 647 427
43 420 941
420 43 941
489 392 258
392 489 258
124 156 72
156 124 72
196 550 708
550 196 708
47 89 356
89 47 356
285 265 850
265 285 850
360 51 374
51 360 374
114 146 914
146 114 914
238 182 3
182 238 3
326 270 689
270 326 689
206 621 7
621 206 7
455 721 706
721 455 706
35 242 879
242 35 879
241 359 464
359 241 464
185 43 352
43 185 352
405 235 28
235 405 28
338 627 343
627 338 343
732 135 303
135 732 303
513 721 607
721 513 607
131 237 546
237 131 546
487 284 385
284 487 385
251 22 823
22 251 823
363 578 520
578 363 520
389 121 772
121 389 772
307 135 381
135 307 381
345 148 881
148 345 881
106 708 403
708 106 403
67 71 135
71 67 135
350 46 563
46 350 563
347 559 605
559 347 605
355 146 652
146 355 652
302 230 254
230 302 254
372 20 652
20 372 652
756 106 59
106 756 59
317 51 8
51 317 8
354 340 451
340 354 451
169 223 300
223 169 300
764 247 93
247 764 93
763 721 815
721 763 815
92 335 114
335 92 114
467 61 814
61 467 814
581 282 950
282 581 950
339 721 786
721 339 786
365 88 178
88 365 178
216 59 348
59 216 348
761 389 145
389 761 145
306 618 646
618 306 646
536 448 494
448 536 494
626 52 301
52 626 301
3 571 633
571 3 633
399 311 223
311 399 223
264 585 787
585 264 787
535 202 558
202 535 558
518 181 434
181 518 434
598 247 94
247 598 94
577 206 778
206 577 778
208 317 780
317 208 780
358 492 647
492 358 647
18 635 276
635 18 276
739 765 0
765 739 0
233 682 538
682 233 538
744 518 727
518 744 727
351 177 104
177 351 104
643 24 362
24 643 362
259 439 609
439 259 609
77 698 72
698 77 72
679 563 312
563 679 312
471 642 121
642 471 121
468 420 912
420 468 912
660 649 69
649 660 69
375 411 289
411 375 289
460 470 587
470 460 587
462 573 544
573 462 544
95 203 978
203 95 978
560 317 413
317 560 413
653 728 299
728 653 299
400 223 581
223 400 581
557 78 160
78 557 160
111 635 390
635 111 390
369 18 479
18 369 479
128 339 684
339 128 684
277 696 647
696 277 647
434 219 223
219 434 223
440 360 711
360 440 711
457 752 504
752 457 504
593 639 454
639 593 454
278 671 763
671 278 763
454 316 908
316 454 908
567 549 26
549 567 26
324 247 400
247 324 400
10 345 68
345 10 68
630 417 702
417 630 702
678 352 6
352 678 6
331 64 118
64 331 118
576 777 276
777 576 276
596 135 744
135 596 744
214 559 769
559 214 769
534 90 195
90 534 195
97 672 471
672 97 471
669 519 393
519 669 393
157 519 431
519 157 431
609 672 151
672 609 151
427 401 536
401 427 536
299 235 213
235 299 213
174 177 357
177 174 357
734 323 437
323 734 437
749 114 398
114 749 398
688 755 814
755 688 814
186 426 962
426 186 962
199 208 727
208 199 727
42 527 34
527 42 34
234 128 86
128 234 86
176 115 58
115 176 58
710 434 693
434 710 693
163 242 625
242 163 625
297 660 88
660 297 88
680 513 769
513 680 769
283 419 421
419 283 421
451 746 647
746 451 647
676 487 681
487 676 681
634 169 952
169 634 952
714 701 594
701 714 594
447 360 260
360 447 260
689 647 220
647 689 220
334 459 43
459 334 43
37 316 166
316 37 166
361 777 296
777 361 296
650 311 143
311 650 143
63 496 696
496 63 696
228 471 406
471 228 406
553 155 464
155 553 464
195 717 622
717 195 622
102 679 904
679 102 904
84 110 330
110 84 330
542 38 914
38 542 914
336 258 29
258 336 29
528 594 194
594 528 194
385 417 214
417 385 214
538 423 192
423 538 192
215 192 688
192 215 688
738 102 308
102 738 308
322 487 880
487 322 880
406 258 493
258 406 493
371 634 245
634 371 245
40 112 956
112 40 956
583 71 9
71 583 9
493 326 741
326 493 741
472 94 939
94 472 939
441 238 471
238 441 471
477 703 87
703 477 87
83 27 101
27 83 101
154 118 905
118 154 905
243 188 627
188 243 627
81 152 572
152 81 572
429 765 981
765 429 981
200 420 501
420 200 501
250 207 860
207 250 860
309 419 327
419 309 327
486 65 570
65 486 570
315 468 554
468 315 554
227 634 303
634 227 303
502 131 619
131 502 619
515 355 649
355 515 649
293 453 237
453 293 237
16 703 629
703 16 629
770 204 176
204 770 176
474 420 223
420 474 223
320 102 675
102 320 675
8 336 548
336 8 548
589 496 879
496 589 879
57 99 393
99 57 393
718 453 121
453 718 121
640 212 235
212 640 235
743 447 720
447 743 720
616 576 288
576 616 288
262 542 851
542 262 851
276 611 530
611 276 530
368 609 335
609 368 335
272 621 643
621 272 643
554 224 596
224 554 596
190 78 829
78 190 829
17 92 516
92 17 516
393 53 599
53 393 599
726 450 831
450 726 831
143 352 158
352 143 158
211 732 78
732 211 78
149 472 211
472 149 211
595 536 785
536 595 785
266 337 750
337 266 750
145 743 239
743 145 239
473 419 623
419 473 623
695 759 644
759 695 644
604 158 630
158 604 630
29 345 610
345 29 610
442 360 466
360 442 466
388 779 981
779 388 981
275 467 668
467 275 668
201 576 900
576 201 900
610 57 976
57 610 976
597 354 321
354 597 321
96 700 140
700 96 140
729 530 720
530 729 720
248 276 324
276 248 324
378 395 966
395 378 966
73 187 39
187 73 39
408 650 765
650 408 765
321 532 883
532 321 883
558 97 743
97 558 743
295 747 352
747 295 352
210 112 17
112 210 17
469 3 552
3 469 552
72 553 645
553 72 645
184 419 22
419 184 22
636 557 62
557 636 62
28 27 46
27 28 46
15 255 968
255 15 968
437 193 840
193 437 840
85 555 995
555 85 995
561 292 913
292 561 913
303 571 445
571 303 445
180 212 319
212 180 319
252 567 336
567 252 336
547 582 9
582 547 9
548 184 270
184 548 270
704 350 823
350 704 823
620 40 42
40 620 42
736 99 418
99 736 418
524 12 3
12 524 3
673 78 636
78 673 636
687 149 750
149 687 750
205 753 337
753 205 337
341 149 848
149 341 848
254 165 968
165 254 968
30 8 917
8 30 917
246 528 806
528 246 806
754 173 735
173 754 735
108 152 949
152 108 949
136 95 643
95 136 643
645 676 153
676 645 153
58 24 348
24 58 348
526 665 640
665 526 640
54 206 91
206 54 91
511 135 687
135 511 687
231 325 241
325 231 241
711 344 166
344 711 166
588 602 276
602 588 276
694 58 402
58 694 402
21 11 543
11 21 543
428 764 480
764 428 480
55 154 544
154 55 544
774 563 956
563 774 956
66 38 404
38 66 404
168 232 354
232 168 354
713 316 21
316 713 21
415 542 35
542 415 35
397 174 696
174 397 696
445 688 780
688 445 780
329 493 541
493 329 541
748 642 395
642 748 395
396 187 118
187 396 118
507 8 991
8 507 991
381 208 690
208 381 690
776 174 896
174 776 896
541 649 938
649 541 938
253 519 866
519 253 866
13 577 835
577 13 835
91 761 159
761 91 159
539 627 298
627 539 298
479 278 506
278 479 506
628 201 174
201 628 174
5 364 582
364 5 582
82 295 128
295 82 128
544 101 971
101 544 971
733 131 765
131 733 765
314 485 562
485 314 562
668 581 972
581 668 972
298 717 64
717 298 64
271 755 964
755 271 964
617 729 272
729 617 272
509 536 13
536 509 13
685 365 968
365 685 968
221 277 350
277 221 350
147 610 810
610 147 810
123 779 768
779 123 768
433 11 803
11 433 803
562 477 369
477 562 369
403 71 575
71 403 575
740 368 651
368 740 651
520 38 921
38 520 921
19 361 541
361 19 541
768 752 696
752 768 696
161 451 642
451 161 642
605 253 19
253 605 19
625 455 585
455 625 585
741 196 281
196 741 281
153 149 79
149 153 79
503 28 242
28 503 242
651 437 884
437 651 884
449 466 980
466 449 980
162 270 451
270 162 451
68 604 649
604 68 649
370 317 258
317 370 258
402 634 624
634 402 624
310 333 314
333 310 314
31 507 11
507 31 11
677 35 207
35 677 207
681 293 395
293 681 395
409 429 713
429 409 713
772 39 596
39 772 596
436 676 849
676 436 849
522 24 577
24 522 577
654 581 335
581 654 335
731 94 407
94 731 407
446 768 138
768 446 138
41 649 579
649 41 579
332 37 4
37 332 4
80 582 734
582 80 734
119 436 482
436 119 482
50 111 950
111 50 950
775 531 322
531 775 322
384 192 783
192 384 783
612 764 416
764 612 416
648 300 609
300 648 609
139 589 887
589 139 887
313 509 61
509 313 61
164 192 914
192 164 914
133 428 722
428 133 722
638 382 747
382 638 747
521 448 843
448 521 843
565 243 972
243 565 972
194 186 819
186 194 819
592 353 82
353 592 82
575 273 832
273 575 832
288 232 819
232 288 819
281 630 717
630 281 717
716 405 801
405 716 801
289 562 957
562 289 957
490 287 774
287 490 774
481 612 156
612 481 156
34 696 656
696 34 656
546 193 917
193 546 917
771 369 837
369 771 837
98 570 663
570 98 663
500 43 831
43 500 831
504 768 163
768 504 163
742 534 934
534 742 934
697 410 487
410 697 487
608 585 556
585 608 556
105 403 351
403 105 351
6 497 106
497 6 106
480 680 583
680 480 583
506 669 853
669 506 853
421 685 370
685 421 370
705 121 139
121 705 139
367 148 186
148 367 186
140 512 345
512 140 345
686 570 45
570 686 45
478 126 715
126 478 715
366 429 933
429 366 933
76 602 366
602 76 366
107 616 55
616 107 55
523 676 618
676 523 618
722 732 688
732 722 688
376 575 869
575 376 869
552 272 185
272 552 185
33 180 821
180 33 821
328 582 972
582 328 972
484 207 366
207 484 366
129 165 26
165 129 26
431 64 181
64 431 181
510 665 330
665 510 330
590 139 763
139 590 763
631 231 82
231 631 82
87 31 882
31 87 882
514 307 28
307 514 28
662 387 856
387 662 856
122 534 367
534 122 367
138 645 991
645 138 991
60 109 930
109 60 930
675 3 982
3 675 982
69 394 385
394 69 385
444 715 967
715 444 967
724 607 164
607 724 164
260 752 655
752 260 655
343 678 968
678 343 968
32 774 981
774 32 981
566 482 231
482 566 231
346 216 336
216 346 336
263 647 360
647 263 360
327 36 899
36 327 899
613 205 372
205 613 372
778 335 395
335 778 395
23 464 952
464 23 952
9 200 735
200 9 735
274 146 19
146 274 19
74 454 522
454 74 522
7 39 48
39 7 48
213 98 626
98 213 626
256 112 689
112 256 689
601 746 428
746 601 428
667 490 935
490 667 935
525 326 944
326 525 944
245 63 522
63 245 522
373 402 409
402 373 409
144 700 417
700 144 417
586 387 441
387 586 441
692 114 482
114 692 482
623 286 938
286 623 938
656 489 660
489 656 660
404 515 942
515 404 942
494 78 855
78 494 855
239 763 906
763 239 906
443 528 555
528 443 555
26 514 626
514 26 626
670 54 897
54 670 897
236 763 41
763 236 41
543 593 888
593 543 888
707 250 987
250 707 987
574 383 547
383 574 547
758 637 147
637 758 147
652 309 27
309 652 27
691 595 748
595 691 748
766 486 443
486 766 443
127 524 618
524 127 618
413 220 173
220 413 173
319 54 420
54 319 420
171 107 940
107 171 940
294 82 115
82 294 115
374 199 146
199 374 146
614 447 784
447 614 784
456 525 531
525 456 531
727 158 200
158 727 200
269 696 740
696 269 740
591 567 303
567 591 303
380 586 42
586 380 42
308 384 441
384 308 441
86 276 275
276 86 275
398 584 355
584 398 355
166 663 112
663 166 112
658 714 169
714 658 169
62 275 590
275 62 590
425 205 77
205 425 77
712 181 796
181 712 796
463 446 743
446 463 743
619 335 173
335 619 173
189 219 168
219 189 168
280 639 537
639 280 537
175 507 365
507 175 365
725 399 733
399 725 733
391 121 821
121 391 821
501 307 920
307 501 920
218 749 643
749 218 643
641 596 545
596 641 545
209 322 757
322 209 757
709 468 240
468 709 240
498 42 399
42 498 399
606 509 313
509 606 313
533 640 832
640 533 832
132 498 996
498 132 996
226 430 5
430 226 5
767 33 649
33 767 649
719 383 713
383 719 713
305 328 659
328 305 659
723 155 273
155 723 273
267 738 87
738 267 87
100 708 118
708 100 118
516 428 325
428 516 325
159 725 463
725 159 463
564 367 713
367 564 713
379 166 498
166 379 498
357 752 575
752 357 575
125 298 942
298 125 942
304 316 847
316 304 847
537 56 899
56 537 899
422 616 622
616 422 622
587 584 448
584 587 448
646 606 414
606 646 414
244 64 601
64 244 601
120 81 175
81 120 175
769 558 578
558 769 578
93 738 951
738 93 951
745 89 659
89 745 659
551 57 342
57 551 342
249 314 894
314 249 894
432 753 491
753 432 491
655 52 275
52 655 275
499 748 564
748 499 564
683 315 484
315 683 484
290 627 235
627 290 235
599 228 163
228 599 163
342 675 851
675 342 851
151 548 70
548 151 70
104 588 402
588 104 402
690 262 569
262 690 569
117 67 493
67 117 493
318 155 303
155 318 303
217 334 831
334 217 831
134 335 674
335 134 674
103 398 140
398 103 140
757 682 7
682 757 7
48 57 571
57 48 571
730 683 706
683 730 706
225 526 572
526 225 572
508 688 893
688 508 893
268 132 5
132 268 5
312 59 509
59 312 509
699 560 281
560 699 281
330 101 507
101 330 507
390 271 948
271 390 948
377 684 79
684 377 79
362 500 432
500 362 432
348 102 986
102 348 986
458 411 237
411 458 237
412 418 760
418 412 760
615 727 901
727 615 901
461 761 393
761 461 393
760 700 851
700 760 851
130 474 363
474 130 363
735 645 234
645 735 234
580 373 937
373 580 937
603 610 284
610 603 284
279 474 785
474 279 785
674 683 289
683 674 289
25 21 925
21 25 925
356 27 456
27 356 456
167 186 955
186 167 955
407 130 191
130 407 191
505 539 234
539 505 234
116 209 393
209 116 393
452 341 525
341 452 525
657 716 848
716 657 848
750 188 691
188 750 691
661 5 318
5 661 318
183 624 322
624 183 322
14 721 483
721 14 483
416 315 912
315 416 912
59 201 49
201 59 49
742 417 416
417 742 416
359 345 205
345 359 205
103 10 182
10 103 182
255 627 816
627 255 816
125 63 28
63 125 28
160 448 8
448 160 8
472 310 4
310 472 4
700 242 841
242 700 841
662 122 957
122 662 957
418 649 758
649 418 758
30 352 868
352 30 868
777 520 918
520 777 918
23 17 68
17 23 68
677 696 948
696 677 948
160 59 950
59 160 950
17 472 486
472 17 486
394 248 215
248 394 215
493 556 630
556 493 630
302 568 596
568 302 596
234 646 376
646 234 376
609 391 464
391 609 464
443 172 610
172 443 610
562 721 257
721 562 257
75 683 105
683 75 105
354 94 708
94 354 708
300 778 790
778 300 790
456 453 388
453 456 388
219 98 999
98 219 999
727 440 206
440 727 206
595 298 512
298 595 512
27 565 108
565 27 108
100 511 127
511 100 127
271 28 481
28 271 481
344 252 560
252 344 560
299 386 426
386 299 426
338 406 80
406 338 80
281 733 343
733 281 343
160 180 254
180 160 254
297 428 793
428 297 793
276 94 457
94 276 457
217 779 565
779 217 565
57 184 229
184 57 229
388 124 259
124 388 259
711 511 144
511 711 144
38 558 290
558 38 290
334 413 497
413 334 497
431 146 992
146 431 992
768 606 89
606 768 89
517 643 955
643 517 955
403 245 689
245 403 689
141 703 158
703 141 158
688 71 342
71 688 342
23 340 784
340 23 784
754 200 694
200 754 694
517 368 508
368 517 508
395 198 400
198 395 400
664 299 908
299 664 908
14 709 849
709 14 849
19 517 741
517 19 741
630 53 531
53 630 531
654 655 871
655 654 871
552 421 444
421 552 444
720 144 705
144 720 705
263 381 920
381 263 920
308 546 951
546 308 951
152 129 451
129 152 451
611 47 499
47 611 499
514 277 569
277 514 569
268 414 0
414 268 0
448 126 137
126 448 137
47 210 895
210 47 895
280 69 229
69 280 229
269 606 111
606 269 111
750 433 435
433 750 435
707 586 293
586 707 293
498 427 505
427 498 505
533 395 167
395 533 167
385 133 863
133 385 863
714 342 448
342 714 448
250 408 679
408 250 679
277 754 68
754 277 68
607 188 772
188 607 772
4 167 159
167 4 159
315 341 724
341 315 724
436 70 913
70 436 913
102 244 47
244 102 47
64 718 212
718 64 212
49 272 599
272 49 599
34 368 553
368 34 553
70 144 4
144 70 4
62 453 543
453 62 543
670 329 316
329 670 316
583 731 550
731 583 550
759 284 619
284 759 619
268 507 770
507 268 770
540 465 429
465 540 429
346 750 368
750 346 368
653 438 762
438 653 762
148 43 628
43 148 628
349 366 884
366 349 884
685 102 157
102 685 157
254 487 112
487 254 112
376 636 285
636 376 285
426 472 393
472 426 393
580 314 949
314 580 949
299 38 843
38 299 843
107 106 958
106 107 958
550 287 323
287 550 323
213 367 577
367 213 577
168 22 978
22 168 978
153 694 445
694 153 445
440 83 746
83 440 746
94 242 444
242 94 444
138 86 958
86 138 958
459 416 145
416 459 145
301 121 722
121 301 722
275 326 32
326 275 32
667 317 270
317 667 270
477 229 352
229 477 352
598 538 630
538 598 630
656 706 762
706 656 762
522 635 346
635 522 346
123 612 14
612 123 14
220 541 839
541 220 839
594 656 883
656 594 883
487 596 140
596 487 140
186 666 628
666 186 628
194 726 978
726 194 978
661 292 257
292 661 257
546 187 533
187 546 533
644 686 131
686 644 131
168 197 532
197 168 532
282 234 99
234 282 99
638 93 222
93 638 222
696 516 679
516 696 679
737 16 206
16 737 206
675 125 763
125 675 763
408 176 161
176 408 161
302 117 996
117 302 996
176 80 872
80 176 872
530 88 476
88 530 476
557 386 283
386 557 283
194 86 794
86 194 794
394 438 676
438 394 676
630 460 893
460 630 893
769 454 35
454 769 35
173 724 14
724 173 14
577 632 170
632 577 170
432 764 206
764 432 206
221 139 354
139 221 354
15 550 424
550 15 424
5 68 851
68 5 851
616 141 82
141 616 82
376 205 331
205 376 331
273 739 246
739 273 246
601 378 689
378 601 689
125 3 32
3 125 32
148 622 653
622 148 653
302 61 891
61 302 891
591 400 324
400 591 324
80 319 294
319 80 294
637 745 254
745 637 254
267 562 143
562 267 143
251 484 57
484 251 57
81 143 287
143 81 287
421 286 259
286 421 259
400 370 501
370 400 501
15 745 125
745 15 125
145 215 173
215 145 173
19 237 236
237 19 236
769 711 392
711 769 392
301 43 83
43 301 83
460 439 844
439 460 844
53 386 983
386 53 983
73 540 914
540 73 914
505 361 538
361 505 538
554 420 539
420 554 539
238 539 288
539 238 288
355 589 441
589 355 441
645 357 959
357 645 959
79 270 726
270 79 726
605 714 207
714 605 207
455 202 226
202 455 226
259 411 190
411 259 190
384 35 557
35 384 557
746 627 238
627 746 238
318 726 947
726 318 947
120 715 249
715 120 249
661 565 131
565 661 131
506 209 172
209 506 172
735 326 536
326 735 536
351 745 759
745 351 759
64 318 471
318 64 471
418 126 421
126 418 421
198 493 517
493 198 517
81 191 394
191 81 394
402 741 505
741 402 505
75 24 876
24 75 876
89 370 11
370 89 11
649 708 984
708 649 984
603 47 763
47 603 763
502 85 690
85 502 690
763 272 996
272 763 996
199 591 405
591 199 405
487 757 78
757 487 78
578 686 248
686 578 248
615 659 878
659 615 878
693 416 874
416 693 874
65 509 828
509 65 828
470 100 456
100 470 456
206 85 727
85 206 727
416 591 137
591 416 137
510 213 901
213 510 901
271 535 13
535 271 13
129 430 359
430 129 359
166 447 375
447 166 375
233 628 657
628 233 657
767 405 136
405 767 136
148 694 826
694 148 826
330 418 623
418 330 623
515 299 484
299 515 484
259 321 142
321 259 142
511 739 960
739 511 960
537 596 357
596 537 357
404 87 389
87 404 389
502 105 410
105 502 410
564 628 305
628 564 305
280 750 578
750 280 578
150 45 441
45 150 441
88 67 526
67 88 526
198 271 143
271 198 143
484 562 774
562 484 774
68 314 856
314 68 856
758 231 939
231 758 939
734 251 443
251 734 443
259 548 928
548 259 928
766 153 53
153 766 53
508 527 991
527 508 991
131 620 707
620 131 707
78 698 206
698 78 206
484 75 876
75 484 876
513 777 845
777 513 845
88 20 632
20 88 632
423 591 369
591 423 369
69 355 9
355 69 9
280 374 16
374 280 16
64 60 938
60 64 938
198 95 985
95 198 985
247 486 842
486 247 842
539 458 371
458 539 371
676 49 596
49 676 596
610 229 716
229 610 716
531 555 14
555 531 14
552 68 279
68 552 279
283 458 213
458 283 213
477 414 326
414 477 326
178 212 508
212 178 508
614 202 626
202 614 626
523 733 417
733 523 417
686 256 963
256 686 963
59 265 55
265 59 55
248 514 32
514 248 32
707 758 663
758 707 663
410 5 87
5 410 87
211 95 339
95 211 339
144 213 948
213 144 948
327 45 731
45 327 731
99 299 994
299 99 994
335 369 672
369 335 672
603 169 497
169 603 497
428 675 934
675 428 934
576 372 917
372 576 917
707 181 469
181 707 469
116 110 919
110 116 919
549 685 265
685 549 265
521 683 414
683 521 414
60 28 431
28 60 431
463 752 622
752 463 622
211 24 702
24 211 702
374 255 598
255 374 598
495 223 764
223 495 764
55 358 702
358 55 702
225 466 701
466 225 701
695 307 282
307 695 282
155 692 364
692 155 364
271 31 821
31 271 821
644 622 41
622 644 41
60 540 997
540 60 997
335 141 417
141 335 417
83 428 907
428 83 907
746 400 647
400 746 647
492 12 719
12 492 719
309 236 593
236 309 593
25 286 49
286 25 49
659 272 936
272 659 936
349 664 613
664 349 613
16 663 573
663 16 573
268 646 304
646 268 304
640 57 913
57 640 913
332 240 760
240 332 760
184 654 148
654 184 148
194 258 659
258 194 659
219 366 978
366 219 978
602 550 590
550 602 590
108 399 274
399 108 274
185 222 412
222 185 412
533 101 885
101 533 885
623 237 536
237 623 536
485 708 654
708 485 654
536 287 791
287 536 791
364 416 519
416 364 519
172 632 976
632 172 976
214 779 758
779 214 758
454 411 338
411 454 338
105 167 64
167 105 64
89 385 212
385 89 212
405 85 339
85 405 339
709 168 481
168 709 481
31 153 86
153 31 86
529 369 449
369 529 449
441 8 555
8 441 555
21 384 436
384 21 436
740 401 928
401 740 928
426 90 659
90 426 659
770 509 320
509 770 320
430 559 146
559 430 146
11 197 393
197 11 393
543 281 118
281 543 118
86 292 536
292 86 536
355 281 309
281 355 309
680 398 890
398 680 890
48 711 411
711 48 411
523 434 761
434 523 761
425 9 477
9 425 477
685 199 237
199 685 237
5 137 742
137 5 742
477 553 350
553 477 350
685 257 255
257 685 255
504 61 486
61 504 486
155 102 445
102 155 445
327 285 558
285 327 558
94 740 519
740 94 519
495 417 583
417 495 583
689 753 965
753 689 965
553 392 349
392 553 349
302 713 494
713 302 494
657 211 1
211 657 1
758 247 670
247 758 670
171 711 760
711 171 760
103 186 699
186 103 699
757 340 944
340 757 944
448 416 756
416 448 756
21 741 674
741 21 674
270 83 712
83 270 712
399 533 899
533 399 899
480 66 218
66 480 218
746 93 465
93 746 465
274 510 845
510 274 845
712 423 626
423 712 626
295 111 592
111 295 592
630 275 581
275 630 581
601 90 524
90 601 524
388 250 242
250 388 242
84 493 302
493 84 302
124 222 261
222 124 261
196 677 601
677 196 601
528 547 243
547 528 243
431 609 638
609 431 638
144 135 329
135 144 329
285 90 864
90 285 864
14 513 563
513 14 563
423 677 721
677 423 721
249 328 117
328 249 117
636 21 209
21 636 209
267 627 614
627 267 614
447 662 255
662 447 255
551 156 553
156 551 553
253 70 300
70 253 300
200 354 524
354 200 524
232 451 864
451 232 864
640 111 748
111 640 748
64 448 196
448 64 196
414 514 851
514 414 851
36 133 469
133 36 469
529 35 513
35 529 513
399 719 498
719 399 498
211 557 868
557 211 868
189 760 957
760 189 957
304 379 394
379 304 394
158 632 913
632 158 913
703 97 163
97 703 163
350 32 737
32 350 737
521 73 316
73 521 316
119 190 873
190 119 873
55 215 225
215 55 225
725 550 743
550 725 743
529 601 93
601 529 93
314 751 875
751 314 875
727 421 525
421 727 525
576 699 836
699 576 836
328 387 922
387 328 922
288 150 20
150 288 20
556 1 843
1 556 843
508 653 93
653 508 93
366 250 726
250 366 726
386 742 964
742 386 964
444 162 981
162 444 981
352 467 302
467 352 302
752 178 604
178 752 604
113 773 133
773 113 133
38 487 507
487 38 507
679 411 752
411 679 752
566 756 209
756 566 209
284 453 919
453 284 919
308 640 997
640 308 997
115 682 891
682 115 891
366 751 359
751 366 359
681 456 491
456 681 491
501 24 773
24 501 773
461 756 83
756 461 83
690 304 632
304 690 632
723 581 810
581 723 810
431 362 225
362 431 225
600 224 843
224 600 843
219 615 591
615 219 591
175 311 428
311 175 428
258 411 496
411 258 496
409 556 515
556 409 515
434 188 685
188 434 685
273 548 324
548 273 324
86 210 236
210 86 236
652 656 751
656 652 751
764 175 724
175 764 724
45 466 358
466 45 358
329 317 361
317 329 361
409 366 992
366 409 992
761 483 292
483 761 292
612 309 67
309 612 67
296 738 116
738 296 116
107 127 97
127 107 97
562 335 732
335 562 732
524 90 432
90 524 432
389 330 549
330 389 549
323 416 810
416 323 810
696 458 70
458 696 70
67 558 997
558 67 997
10 322 524
322 10 524
237 186 853
186 237 853
200 377 739
377 200 739
477 50 128
50 477 128
551 655 554
655 551 554
481 720 671
720 481 671
197 468 631
468 197 631
469 433 779
433 469 779
742 17 215
17 742 215
754 465 400
465 754 400
49 261 548
261 49 548
320 545 518
545 320 518
189 30 767
30 189 767
319 198 33
198 319 33
232 624 246
624 232 246
1 129 387
129 1 387
640 485 908
485 640 908
119 191 538
191 119 538
682 483 503
483 682 503
684 395 946
395 684 946
466 221 133
221 466 133
514 323 563
323 514 563
697 520 654
520 697 654
778 201 615
201 778 615
227 443 934
443 227 934
307 619 819
619 307 819
645 239 645
239 645 645
87 568 359
568 87 359
199 203 718
203 199 718
236 197 998
197 236 998
352 558 220
558 352 220
403 709 217
709 403 217
257 224 242
224 257 242
180 58 93
58 180 93
514 763 855
763 514 855
652 535 401
535 652 401
678 348 737
348 678 737
86 683 304
683 86 304
712 156 629
156 712 629
420 253 379
253 420 379
260 23 669
23 260 669
156 737 881
737 156 881
453 262 943
262 453 943
489 698 496
698 489 496
761 90 529
90 761 529
144 336 756
336 144 756
391 135 118
135 391 118
298 593 327
593 298 327
498 103 77
103 498 77
334 395 205
395 334 205
18 19 714
19 18 714
473 766 743
766 473 743
348 371 404
371 348 404
702 224 451
224 702 451
61 399 644
399 61 644
591 287 539
287 591 539
517 631 501
631 517 501
163 11 599
11 163 599
146 98 439
98 146 439
67 615 216
615 67 216
242 578 142
578 242 142
295 677 433
677 295 433
212 39 306
39 212 306
356 136 586
136 356 586
12 709 375
709 12 375
574 439 103
439 574 103
776 114 532
114 776 532
230 639 881
639 230 881
249 498 823
498 249 823
76 89 476
89 76 476
363 362 599
362 363 599
131 587 575
587 131 575
322 464 243
464 322 243
7 545 695
545 7 695
506 730 798
730 506 798
403 110 977
110 403 977
253 691 955
691 253 955
601 285 13
285 601 13
113 224 723
224 113 723
590 175 785
175 590 785
90 656 994
656 90 994
287 722 635
722 287 635
696 292 108
292 696 108
339 1 276
1 339 276
9 754 591
754 9 591
487 105 429
105 487 429
556 745 76
745 556 76
364 561 60
561 364 60
234 214 260
214 234 260
656 743 399
743 656 399
594 739 668
739 594 668
196 191 794
191 196 794
550 722 738
722 550 738
90 326 893
326 90 893
161 152 463
152 161 463
440 708 783
708 440 783
35 149 592
149 35 592
740 80 132
80 740 132
249 596 732
596 249 732
34 294 546
294 34 546
81 530 305
530 81 305
1 72 664
72 1 664
692 372 242
372 692 242
574 307 924
307 574 924
660 173 376
173 660 376
411 437 26
437 411 26
154 670 458
670 154 458
182 245 795
245 182 795
626 617 636
617 626 636
473 754 625
754 473 625
481 130 529
130 481 529
323 340 857
340 323 857
257 347 109
347 257 109
83 93 263
93 83 263
352 168 901
168 352 901
645 67 527
67 645 527
589 663 623
663 589 623
13 355 973
355 13 973
555 516 15
516 555 15
219 299 267
299 219 267
745 769 881
769 745 881
491 614 31
614 491 31
248 95 330
95 248 330
23 690 942
690 23 942
570 576 420
576 570 420
258 443 126
443 258 126
455 447 779
447 455 779
117 58 452
58 117 452
423 226 857
226 423 857
451 29 869
29 451 869
248 262 373
262 248 373
367 0 89
0 367 89
638 303 134
303 638 134
387 540 972
540 387 972
625 537 395
537 625 395
171 21 243
21 171 243
486 656 738
656 486 738
387 595 58
595 387 58
175 739 615
739 175 615
642 259 285
259 642 285
153 420 571
420 153 571
62 501 345
501 62 345
394 90 1
90 394 1
359 299 771
299 359 771
609 303 867
303 609 867
682 47 383
47 682 383
425 771 472
771 425 472
389 41 175
41 389 175
437 770 15
770 437 15
75 600 109
600 75 109
331 103 212
103 331 212
653 446 117
446 653 117
628 259 910
259 628 910
721 52 557
52 721 557
346 264 758
264 346 758
99 114 943
114 99 943
155 606 168
606 155 168
72 519 169
519 72 169
254 516 171
516 254 171
321 244 851
244 321 851
546 746 574
746 546 574
371 569 983
569 371 983
141 466 317
466 141 317
353 525 786
525 353 786
493 584 262
584 493 262
217 477 235
477 217 235
205 543 608
543 205 608
544 565 857
565 544 857
102 621 435
621 102 435
239 622 603
622 239 603
595 631 239
631 595 239
306 234 525
234 306 525
557 526 643
526 557 643
348 246 901
246 348 901
735 151 925
151 735 925
405 186 279
186 405 279
36 223 900
223 36 900
177 687 331
687 177 331
670 148 381
148 670 381
54 23 807
23 54 807
587 3 691
3 587 691
326 64 104
64 326 104
736 225 529
225 736 529
115 352 835
352 115 835
429 304 616
304 429 616
596 384 136
384 596 136
611 396 423
396 611 423
246 558 376
558 246 376
450 352 580
352 450 580
465 292 502
292 465 502
563 727 89
727 563 89
104 740 710
740 104 710
463 139 414
139 463 414
343 581 212
581 343 212
284 442 23
442 284 23
446 711 734
711 446 734
130 749 756
749 130 756
265 352 631
352 265 631
18 143 459
143 18 459
646 147 718
147 646 718
306 207 39
207 306 39
89 42 388
42 89 388
670 272 390
272 670 390
543 564 779
564 543 779
239 170 289
170 239 289
168 474 567
474 168 567
394 256 445
256 394 445
692 264 689
264 692 689
168 109 408
109 168 408
280 201 939
201 280 939
227 683 941
683 227 941
686 318 615
318 686 615
77 108 560
108 77 560
542 471 428
471 542 428
140 707 790
707 140 790
642 42 38
42 642 38
473 408 981
408 473 981
558 95 67
95 558 67
709 59 339
59 709 339
618 322 24
322 618 24
74 427 159
427 74 159
53 13 898
13 53 898
78 666 181
666 78 181
514 633 234
633 514 234
652 212 10
212 652 10
319 520 933
520 319 933
218 378 691
378 218 691
201 212 296
212 201 296
515 321 318
321 515 318
68 137 163
137 68 163
694 578 917
578 694 917
383 269 119
269 383 119
526 699 289
699 526 289
330 468 309
468 330 309
250 611 600
611 250 600
347 596 778
596 347 778
673 292 61
292 673 61
766 432 848
432 766 848
208 188 952
188 208 952
252 144 316
144 252 316
119 203 386
203 119 386
292 473 41
473 292 41
230 684 377
684 230 377
257 358 316
358 257 316
79 611 639
611 79 639
448 11 895
11 448 895
552 717 481
717 552 481
652 649 599
649 652 599
728 765 970
765 728 970
760 194 138
194 760 138
52 61 726
61 52 726
235 60 795
60 235 795
269 229 206
229 269 206
466 415 443
415 466 443
529 632 484
632 529 484
342 184 513
184 342 513
48 602 552
602 48 552
52 335 875
335 52 875
385 508 870
508 385 870
266 509 133
509 266 133
529 213 518
213 529 518
197 508 900
508 197 900
648 206 96
206 648 96
225 371 917
371 225 917
528 651 936
651 528 936
454 592 715
592 454 715
771 332 401
332 771 401
375 196 579
196 375 579
516 684 156
684 516 156
662 57 870
57 662 870
228 390 290
390 228 290
283 733 382
733 283 382
64 622 1
622 64 1
224 131 758
131 224 758
209 100 214
100 209 214
413 773 190
773 413 190
229 329 752
329 229 752
66 166 128
166 66 128
763 389 836
389 763 836
728 417 176
417 728 176
374 297 832
297 374 832
603 454 204
454 603 204
373 1 513
1 373 513
776 411 647
411 776 647
241 457 194
457 241 194
692 229 632
229 692 632
712 305 248
305 712 248
283 16 787
16 283 787
75 764 793
764 75 793
81 133 365
133 81 365
633 404 339
404 633 339
170 315 34
315 170 34
750 595 549
595 750 549
372 110 941
110 372 941
307 382 762
382 307 762
355 217 81
217 355 81
97 652 426
652 97 426
257 501 273
501 257 273
59 294 999
294 59 999
745 212 259
212 745 259
542 605 649
605 542 649
4 532 509
532 4 509
418 289 624
289 418 624
376 401 417
401 376 417
626 516 694
516 626 694
230 487 5
487 230 5
639 138 162
138 639 162
331 555 911
555 331 911
57 160 597
160 57 597
119 352 936
352 119 936
633 670 556
670 633 556
505 706 464
706 505 464
332 456 460
456 332 460
376 327 984
327 376 984
97 42 373
42 97 373
242 751 428
751 242 428
63 223 491
223 63 491
38 318 697
318 38 697
330 623 824
623 330 824
674 103 910
103 674 910
245 83 782
83 245 782
510 540 682
540 510 682
517 32 766
32 517 766
776 554 775
554 776 775
309 220 157
220 309 157
218 388 390
388 218 390
72 362 737
362 72 737
670 674 219
674 670 219
185 22 717
22 185 717
752 481 2
481 752 2
259 674 189
674 259 189
666 109 256
109 666 256
419 293 262
293 419 262
768 543 431
543 768 431
457 409 745
409 457 745
473 748 475
748 473 475
475 35 619
35 475 619
111 131 258
131 111 258
318 536 384
536 318 384
60 147 23
147 60 23
539 707 526
707 539 526
5 179 432
179 5 432
317 268 671
268 317 671
416 640 739
640 416 739
71 594 424
594 71 424
313 12 974
12 313 974
467 655 830
655 467 830
316 639 504
639 316 504
218 200 971
200 218 971
402 163 562
163 402 562
58 605 455
605 58 455
164 130 750
130 164 750
646 511 592
511 646 592
20 478 772
478 20 772
531 138 364
138 531 364
70 460 440
460 70 440
470 426 99
426 470 99
519 122 464
122 519 464
601 386 956
386 601 956
13 369 866
369 13 866
321 159 158
159 321 158
445 185 503
185 445 503
734 551 537
551 734 537
217 571 793
571 217 793
482 37 944
37 482 944
617 106 403
106 617 403
310 691 917
691 310 917
33 387 314
387 33 314
700 544 143
544 700 143
411 207 956
207 411 956
174 323 45
323 174 45
746 329 482
329 746 482
181 500 536
500 181 536
291 728 643
728 291 643
30 575 138
575 30 138
575 487 82
487 575 82
77 714 942
714 77 942
747 754 934
754 747 934
336 230 337
230 336 337
75 488 639
488 75 639
391 755 313
755 391 313
614 460 594
460 614 594
553 257 672
257 553 672
116 511 414
511 116 414
57 144 219
144 57 219
684 726 875
726 684 875
347 713 442
713 347 442
425 507 908
507 425 908
322 411 439
411 322 439
203 473 643
473 203 643
395 355 73
355 395 73
773 254 329
254 773 329
650 598 819
598 650 819
437 688 251
688 437 251
464 673 999
673 464 999
258 244 348
244 258 348
426 13 158
13 426 158
261 677 600
677 261 600
662 72 746
72 662 746
277 273 89
273 277 89
269 369 167
369 269 167
317 634 678
634 317 678
499 242 115
242 499 115
371 593 777
593 371 777
630 95 341
95 630 341
777 45 674
45 777 674
691 77 654
77 691 654
621 717 868
717 621 868
638 752 486
752 638 486
124 497 730
497 124 730
605 251 918
251 605 918
120 0 52
0 120 52
371 735 91
735 371 91
250 205 496
205 250 496
308 364 723
364 308 723
364 79 943
79 364 943
255 202 647
202 255 647
475 589 622
589 475 622
476 216 83
216 476 83
697 480 102
480 697 102
672 279 921
279 672 921
77 8 923
8 77 923
555 162 463
162 555 463
587 347 782
347 587 782
609 213 178
213 609 178
574 589 267
589 574 267
696 220 844
220 696 844
134 12 216
12 134 216
656 520 836
520 656 836
447 175 753
175 447 753
547 456 854
456 547 854
333 596 528
596 333 528
473 77 469
77 473 469
629 492 357
492 629 357
296 539 231
539 296 231
618 235 128
235 618 128
321 96 101
96 321 101
37 167 230
167 37 230
27 278 137
278 27 137
418 44 631
44 418 631
80 111 676
111 80 676
253 688 603
688 253 603
656 428 923
428 656 923
544 380 899
380 544 899
372 739 18
739 372 18
9 606 636
606 9 636
392 317 200
317 392 200
479 119 726
119 479 726
755 653 450
653 755 450
273 755 49
755 273 49
547 449 541
449 547 541
194 260 576
260 194 576
332 348 674
348 332 674
738 211 325
211 738 325
60 609 232
609 60 232
576 776 148
776 576 148
520 318 755
318 520 755
316 458 493
458 316 493
492 777 86
777 492 86
592 512 872
512 592 872
335 755 56
755 335 56
457 653 683
653 457 683
527 22 691
22 527 691
637 661 235
661 637 235
312 696 916
696 312 916
334 441 665
441 334 665
449 613 694
613 449 694
102 143 214
143 102 214
309 104 40
104 309 40
328 362 228
362 328 228
481 257 907
257 481 907
184 348 11
348 184 11
190 109 794
109 190 794
530 22 592
22 530 592
623 700 953
700 623 953
128 356 287
356 128 287
358 303 350
303 358 350
605 554 502
554 605 502
331 350 528
350 331 528
471 469 810
469 471 810
310 214 410
214 310 410
712 669 952
669 712 952
589 452 287
452 589 287
379 572 219
572 379 219
499 246 770
246 499 770
744 8 438
8 744 438
412 709 132
709 412 132
212 711 194
711 212 194
642 74 963
74 642 963
570 181 890
181 570 890
756 5 861
5 756 861
314 36 601
36 314 601
20 591 496
591 20 496
545 428 959
428 545 959
206 96 991
96 206 991
178 242 863
242 178 863
158 433 39
433 158 39
587 362 92
362 587 92
603 217 96
217 603 96
523 773 150
