862 788 265
788 862 265
997 862 940
862 997 940
621 862 366
862 621 366
447 862 288
862 447 288
286 788 633
788 286 633
515 447 722
447 515 722
834 447 923
447 834 923
150 447 101
447 150 101
752 862 920
862 752 920
879 286 483
286 879 483
577 862 362
862 577 362
446 286 625
286 446 625
662 621 989
621 662 989
570 834 453
834 570 453
900 150 266
150 900 266
63 788 95
788 63 95
746 446 727
446 746 727
858 788 626
788 858 626
510 879 249
879 510 249
760 879 720
879 760 720
911 997 195
997 911 195
960 858 227
858 960 227
246 447 822
447 246 822
564 570 93
570 564 93
83 879 896
879 83 896
529 900 111
900 529 111
313 746 298
746 313 298
739 621 560
621 739 560
346 529 944
529 346 944
566 515 986
515 566 986
842 510 560
510 842 560
617 858 455
858 617 455
95 564 324
564 95 324
606 900 297
900 606 297
192 446 841
446 192 841
196 997 627
997 196 627
695 63 487
63 695 487
71 286 695
286 71 695
805 150 897
150 805 897
158 997 862
997 158 862
85 606 699
606 85 699
413 95 282
95 413 282
553 900 869
900 553 869
229 553 603
553 229 603
886 529 593
529 886 593
293 739 504
739 293 504
707 85 717
85 707 717
985 960 84
960 985 84
347 805 118
805 347 118
519 695 645
695 519 645
359 446 248
446 359 248
16 293 277
293 16 277
125 886 225
886 125 225
399 519 174
519 399 174
358 313 835
313 358 835
65 515 801
515 65 801
159 399 714
399 159 714
238 997 836
997 238 836
626 158 931
158 626 931
1018 606 616
606 1018 616
740 447 27
447 740 27
135 158 193
158 135 193
661 125 589
125 661 589
130 519 93
519 130 93
405 570 37
570 405 37
665 997 199
997 665 199
204 900 490
900 204 490
232 834 959
834 232 959
748 997 557
997 748 557
467 446 855
446 467 855
287 150 226
150 287 226
77 71 358
71 77 358
481 246 62
246 481 62
556 626 40
626 556 40
660 446 716
446 660 716
432 83 266
83 432 266
396 1018 858
1018 396 858
1000 77 173
77 1000 173
778 529 989
529 778 989
854 834 807
834 854 807
755 760 865
760 755 865
179 553 542
553 179 542
278 900 611
900 278 611
1027 65 681
65 1027 681
195 862 482
862 195 482
765 16 921
16 765 921
637 405 939
405 637 939
348 278 365
278 348 365
435 1027 256
1027 435 256
171 287 707
287 171 707
12 238 759
238 12 759
88 413 756
413 88 756
48 748 287
748 48 287
153 566 780
566 153 780
545 886 624
886 545 624
327 765 367
765 327 367
673 755 874
755 673 874
706 63 732
63 706 732
354 347 766
347 354 766
473 278 82
278 473 82
1 432 196
432 1 196
801 413 163
413 801 163
274 739 652
739 274 652
512 985 727
985 512 727
998 765 581
765 998 581
996 125 32
125 996 32
461 435 581
435 461 581
482 706 678
706 482 678
818 286 169
286 818 169
513 150 265
150 513 265
811 760 457
760 811 457
609 135 929
135 609 929
648 396 773
396 648 773
0 648 39
648 0 39
574 85 319
85 574 319
966 626 51
626 966 51
936 998 896
998 936 896
940 125 192
125 940 192
636 755 85
755 636 85
970 88 133
88 970 133
19 359 972
359 19 972
791 125 323
125 791 323
5 313 14
313 5 14
838 327 2
327 838 2
957 765 541
765 957 541
714 446 195
446 714 195
139 396 664
396 139 664
234 396 286
396 234 286
809 293 102
293 809 102
555 1 642
1 555 642
98 286 281
286 98 281
530 346 882
346 530 882
302 606 669
606 302 669
613 348 117
348 613 117
1026 805 285
805 1026 285
1004 447 43
447 1004 43
47 16 697
16 47 697
307 854 969
854 307 969
430 879 866
879 430 866
890 714 729
714 890 729
766 936 655
936 766 655
511 545 892
545 511 892
640 886 212
886 640 212
442 556 9
556 442 9
166 71 277
71 166 277
393 765 808
765 393 808
436 246 346
246 436 346
931 752 42
752 931 42
321 85 153
85 321 153
700 556 369
556 700 369
471 890 132
890 471 132
350 346 489
346 350 489
881 740 956
740 881 956
57 1000 183
1000 57 183
631 858 309
858 631 309
485 1027 306
1027 485 306
498 313 101
313 498 101
682 5 485
5 682 485
403 637 127
637 403 127
583 346 716
346 583 716
603 818 38
818 603 38
364 195 752
195 364 752
840 805 941
805 840 941
202 583 578
583 202 578
454 840 89
840 454 89
80 911 202
911 80 202
918 65 62
65 918 62
468 997 100
997 468 100
480 511 531
511 480 531
349 0 942
0 349 942
601 321 731
321 601 731
839 358 433
358 839 433
104 153 225
153 104 225
316 321 795
321 316 795
206 513 196
513 206 196
439 346 65
346 439 65
1015 834 924
834 1015 924
656 574 770
574 656 770
845 359 121
359 845 121
620 1 262
1 620 262
254 202 43
202 254 43
989 358 638
358 989 638
180 529 202
529 180 202
573 327 370
327 573 370
688 71 107
71 688 107
749 838 151
838 749 151
711 274 653
274 711 653
857 482 898
482 857 898
655 714 695
714 655 695
395 139 510
139 395 510
802 601 895
601 802 895
249 307 624
307 249 624
269 997 348
997 269 348
895 802 920
802 895 920
391 179 36
179 391 36
669 695 895
695 669 895
318 57 802
57 318 802
191 673 596
673 191 596
369 180 723
180 369 723
1024 970 67
970 1024 67
1016 911 528
911 1016 528
46 63 230
63 46 230
162 879 307
879 162 307
21 895 864
895 21 864
575 1027 882
1027 575 882
205 21 152
21 205 152
846 936 991
936 846 991
475 809 391
809 475 391
686 234 34
234 686 34
741 246 694
246 741 694
1021 205 530
205 1021 530
974 881 78
881 974 78
959 818 927
818 959 927
971 16 296
16 971 296
694 881 427
881 694 427
622 46 995
46 622 995
497 631 600
631 497 600
295 497 885
497 295 885
27 468 906
468 27 906
2 655 186
655 2 186
385 809 583
809 385 583
325 195 67
195 325 67
646 2 268
2 646 268
388 318 417
318 388 417
501 846 392
846 501 392
81 85 656
85 81 656
164 740 293
740 164 293
953 974 342
974 953 342
72 752 492
752 72 492
548 196 503
196 548 503
797 180 83
180 797 83
892 656 155
656 892 155
460 998 36
998 460 36
814 636 395
636 814 395
605 446 103
446 605 103
627 369 155
369 627 155
29 150 612
150 29 612
825 95 645
95 825 645
422 529 716
529 422 716
734 80 354
80 734 354
255 706 802
706 255 802
659 739 902
739 659 902
82 485 717
485 82 717
628 498 647
498 628 647
445 80 127
80 445 127
919 989 636
989 919 636
387 1016 869
1016 387 869
169 445 933
445 169 933
522 21 300
21 522 300
1006 646 980
646 1006 980
922 846 124
846 922 124
709 2 804
2 709 804
250 752 800
752 250 800
531 648 380
648 531 380
1029 985 466
985 1029 466
479 71 979
71 479 979
59 760 497
760 59 497
337 662 967
662 337 967
718 513 235
513 718 235
124 59 715
59 124 715
724 694 519
694 724 519
410 238 149
238 410 149
585 622 945
622 585 945
115 125 425
125 115 425
90 519 425
519 90 425
214 900 810
900 214 810
616 2 702
2 616 702
578 900 508
900 578 508
441 809 80
809 441 80
487 196 124
196 487 124
495 900 353
900 495 353
478 12 10
12 478 10
310 711 72
711 310 72
836 481 212
481 836 212
7 512 674
512 7 674
941 661 765
661 941 765
13 700 377
700 13 377
964 446 955
446 964 955
855 636 879
636 855 879
198 545 464
545 198 464
155 628 352
628 155 352
992 530 133
530 992 133
40 996 370
996 40 370
466 659 983
659 466 983
406 471 959
471 406 959
787 918 188
918 787 188
848 85 105
85 848 105
764 498 160
498 764 160
536 660 968
660 536 968
177 0 323
0 177 323
730 838 242
838 730 242
259 321 381
321 259 381
598 246 881
246 598 881
187 879 403
879 187 403
112 695 135
695 112 135
604 881 563
881 604 563
597 77 605
77 597 605
611 350 652
350 611 652
508 553 254
553 508 254
651 655 652
655 651 652
774 346 385
346 774 385
590 447 427
447 590 427
453 501 208
501 453 208
538 700 975
700 538 975
696 293 973
293 696 973
263 358 283
358 263 283
157 406 620
406 157 620
1002 1000 814
1000 1002 814
1025 953 950
953 1025 950
582 153 786
153 582 786
624 385 178
385 624 178
351 892 348
892 351 348
779 77 363
77 779 363
690 229 494
229 690 494
289 700 1
700 289 1
674 627 7
627 674 7
309 350 117
350 309 117
930 57 558
57 930 558
905 778 434
778 905 434
710 707 694
707 710 694
750 940 556
940 750 556
596 640 647
640 596 647
34 740 276
740 34 276
991 760 0
760 991 0
368 162 538
162 368 538
875 46 455
46 875 455
145 809 362
809 145 362
411 473 609
473 411 609
123 858 72
858 123 72
378 485 546
485 378 546
505 1018 542
1018 505 542
362 278 69
278 362 69
634 931 289
931 634 289
796 232 587
232 796 587
803 750 215
750 803 215
817 125 420
125 817 420
961 964 413
964 961 413
408 321 452
321 408 452
558 177 643
177 558 643
208 854 126
854 208 126
178 391 410
391 178 410
908 422 142
422 908 142
867 908 306
908 867 306
535 34 484
34 535 484
644 811 488
811 644 488
761 479 325
479 761 325
769 634 981
634 769 981
92 164 307
164 92 307
217 250 53
250 217 53
958 513 26
513 958 26
541 255 400
255 541 400
18 441 68
441 18 68
121 541 972
541 121 972
614 621 369
621 614 369
62 626 635
626 62 635
8 307 894
307 8 894
999 321 744
321 999 744
338 77 769
77 338 769
902 436 195
436 902 195
161 325 471
325 161 471
509 669 172
669 509 172
514 694 663
694 514 663
697 660 458
660 697 458
228 578 323
578 228 323
203 996 932
996 203 932
284 164 357
164 284 357
623 295 826
295 623 826
792 369 747
369 792 747
334 473 449
473 334 449
312 651 727
651 312 727
76 191 34
191 76 34
363 991 86
991 363 86
288 749 58
749 288 58
1022 761 177
761 1022 177
365 351 304
351 365 304
981 229 721
229 981 721
832 166 789
166 832 789
563 741 469
741 563 469
89 34 713
34 89 713
847 208 979
208 847 979
893 981 956
981 893 956
708 597 465
597 708 465
806 555 721
555 806 721
782 513 345
513 782 345
419 911 44
911 419 44
86 278 358
278 86 358
9 931 670
931 9 670
17 287 65
287 17 65
715 92 227
92 715 227
995 162 571
162 995 571
345 892 197
892 345 197
551 624 104
624 551 104
994 553 813
553 994 813
520 454 548
454 520 548
762 80 261
80 762 261
50 616 45
616 50 45
300 857 82
857 300 82
332 578 354
578 332 354
298 274 257
274 298 257
492 403 529
403 492 529
652 555 493
555 652 493
571 228 245
228 571 245
74 485 956
485 74 956
928 695 9
695 928 9
784 250 741
250 784 741
744 564 939
564 744 939
703 709 471
709 703 471
753 1018 87
1018 753 87
136 5 101
5 136 101
251 1021 905
1021 251 905
344 501 627
501 344 627
129 295 572
295 129 572
679 760 981
760 679 981
292 139 501
139 292 501
370 405 860
405 370 860
463 620 327
620 463 327
758 399 570
399 758 570
477 351 554
351 477 554
330 228 303
228 330 303
776 585 619
585 776 619
816 836 649
836 816 649
434 430 237
430 434 237
32 1018 629
1018 32 629
170 348 750
348 170 750
729 139 223
139 729 223
488 981 675
981 488 675
15 89 548
89 15 548
909 27 879
27 909 879
94 135 393
135 94 393
464 1018 994
1018 464 994
986 180 235
180 986 235
955 408 288
408 955 288
377 563 851
563 377 851
412 95 530
95 412 530
540 644 335
644 540 335
400 802 643
802 400 643
866 393 596
393 866 596
282 467 829
467 282 829
33 40 516
40 33 516
586 711 599
711 586 599
49 370 132
370 49 132
721 778 999
778 721 999
301 724 78
724 301 78
235 345 211
345 235 211
901 730 785
730 901 785
374 970 750
970 374 750
230 758 239
758 230 239
704 620 623
620 704 623
231 596 510
596 231 510
190 289 853
289 190 853
52 441 610
441 52 610
667 1006 466
1006 667 466
562 515 981
515 562 981
392 466 668
466 392 668
280 408 900
408 280 900
915 292 976
292 915 976
891 855 321
855 891 321
142 530 140
530 142 140
756 161 195
161 756 195
588 571 298
571 588 298
725 566 213
566 725 213
73 603 743
603 73 743
452 206 883
206 452 883
835 908 743
908 835 743
415 302 352
302 415 352
285 485 17
485 285 17
677 598 552
598 677 552
111 1022 645
1022 111 645
268 620 22
620 268 22
929 750 62
750 929 62
51 5 46
5 51 46
28 574 968
574 28 968
630 606 840
606 630 840
120 439 995
439 120 995
822 748 913
748 822 913
404 72 445
72 404 445
261 180 319
180 261 319
328 362 336
362 328 336
800 391 9
391 800 9
807 915 270
915 807 270
1020 478 823
478 1020 823
898 17 42
17 898 42
226 686 976
686 226 976
770 637 3
637 770 3
967 467 636
467 967 636
988 464 750
464 988 750
272 158 337
158 272 337
455 464 848
464 455 848
331 714 968
714 331 968
44 331 825
331 44 825
319 847 806
847 319 806
320 623 80
623 320 80
856 120 885
120 856 885
200 309 643
309 200 643
910 697 153
697 910 153
91 809 348
809 91 348
754 662 640
662 754 640
78 531 91
531 78 91
720 321 687
321 720 687
290 814 241
814 290 241
1009 989 166
989 1009 166
824 839 276
839 824 276
978 226 402
226 978 402
36 403 543
403 36 543
579 155 480
155 579 480
75 762 544
762 75 544
527 328 703
328 527 703
96 460 404
460 96 404
239 205 354
205 239 354
1003 529 21
529 1003 21
552 563 35
563 552 35
518 604 702
604 518 702
421 92 395
92 421 395
507 959 118
959 507 118
683 169 600
169 683 600
733 80 938
80 733 938
304 408 866
408 304 866
24 16 578
16 24 578
163 18 371
18 163 371
294 651 330
651 294 330
517 679 615
679 517 615
443 316 1
316 443 1
837 442 582
442 837 582
54 667 128
667 54 128
355 752 971
752 355 971
773 319 931
319 773 931
982 585 765
585 982 765
653 249 71
249 653 71
584 412 285
412 584 285
993 656 542
656 993 542
181 130 674
130 181 674
685 603 593
603 685 593
126 733 647
733 126 647
864 994 772
994 864 772
457 478 318
478 457 318
291 662 438
662 291 438
851 848 968
848 851 968
264 368 350
368 264 350
207 721 810
721 207 810
151 515 768
515 151 768
554 403 803
403 554 803
727 994 369
994 727 369
500 695 575
695 500 575
979 816 651
816 979 651
676 460 921
460 676 921
23 312 541
312 23 541
1023 364 696
364 1023 696
213 514 642
514 213 642
785 96 19
96 785 19
821 1029 585
1029 821 585
969 387 281
387 969 281
201 464 79
464 201 79
641 142 242
142 641 242
841 588 884
588 841 884
561 801 980
801 561 980
211 468 451
468 211 451
1028 665 950
665 1028 950
469 928 962
928 469 962
297 337 447
337 297 447
975 228 624
228 975 624
366 88 314
88 366 314
39 36 11
36 39 11
873 479 207
479 873 207
874 703 395
703 874 395
490 332 713
332 490 713
984 805 596
805 984 596
528 697 849
697 528 849
654 809 577
809 654 577
823 406 335
406 823 335
935 564 407
564 935 407
539 864 138
864 539 138
56 278 579
278 56 579
980 62 369
62 980 369
6 287 195
287 6 195
843 648 687
648 843 687
629 898 44
898 629 44
357 83 322
83 357 322
440 234 783
234 440 783
743 155 416
155 743 416
793 166 609
166 793 609
172 679 887
679 172 887
343 837 61
837 343 61
186 234 914
234 186 914
152 320 722
320 152 722
768 707 747
707 768 747
956 685 44
685 956 44
962 654 707
654 962 707
888 50 972
50 888 972
216 18 819
18 216 819
698 1027 82
1027 698 82
670 656 832
656 670 832
306 205 819
205 306 819
303 803 717
803 303 717
868 718 801
718 868 801
299 584 957
584 299 957
546 682 774
682 546 774
537 490 156
490 537 156
55 254 656
254 55 656
625 606 917
606 625 917
924 34 837
34 924 837
102 318 663
318 102 663
952 677 625
677 952 625
273 268 534
268 273 534
189 178 934
178 189 934
819 307 487
307 819 487
945 823 58
823 945 58
675 1027 840
1027 675 840
643 541 2
541 643 2
1012 755 106
755 1012 106
523 161 583
161 523 583
559 867 853
867 559 853
451 54 370
54 451 370
808 19 139
19 808 139
384 246 186
246 384 186
923 234 19
234 923 19
414 318 45
318 414 45
504 661 715
661 504 715
381 332 933
332 381 933
69 384 785
384 69 785
1013 839 366
839 1013 366
108 477 55
477 108 55
565 697 618
697 565 618
804 724 688
724 804 688
383 629 869
629 383 869
589 434 185
434 589 185
42 835 821
835 42 821
329 391 972
391 329 972
491 405 366
405 491 366
131 714 26
714 131 26
438 911 181
911 438 181
525 438 707
438 525 707
872 662 330
662 872 330
602 528 763
528 602 763
917 527 487
527 917 487
114 16 548
16 114 548
526 578 28
578 526 28
876 653 98
653 876 98
116 178 367
178 116 367
137 898 991
898 137 991
45 498 930
498 45 930
702 45 824
45 702 824
375 695 0
695 375 0
494 644 160
644 494 160
747 700 164
700 747 164
227 364 655
364 227 655
927 169 965
169 927 965
865 817 968
817 865 968
37 200 981
200 37 981
871 703 45
703 871 45
281 919 650
919 281 650
379 817 174
817 379 174
315 161 231
161 315 231
221 464 474
464 221 474
496 440 141
440 496 141
543 440 789
440 543 789
22 80 952
80 22 952
829 286 703
286 829 703
550 439 152
439 550 152
31 83 843
83 31 843
437 443 3
443 437 3
67 985 795
985 67 795
165 956 626
956 165 626
215 485 689
485 215 689
557 313 428
313 557 428
645 172 935
172 645 935
977 208 728
208 977 728
342 766 372
766 342 372
745 385 546
385 745 546
593 556 132
556 593 132
607 743 674
743 607 674
499 706 441
706 499 441
658 922 482
922 658 482
569 548 938
548 569 938
594 445 660
445 594 660
726 744 942
744 726 942
880 467 855
467 880 855
360 992 906
992 360 906
795 847 555
847 795 555
41 381 626
381 41 626
722 659 282
659 722 282
79 589 329
589 79 329
599 702 109
702 599 109
827 347 147
347 827 147
600 313 786
313 600 786
657 571 443
571 657 443
156 51 618
51 156 618
719 454 173
454 719 173
493 967 420
967 493 420
237 189 940
189 237 940
418 683 115
683 418 115
572 121 146
121 572 146
965 284 784
284 965 784
757 227 531
227 757 531
103 1024 898
1024 103 898
382 254 740
254 382 740
921 362 303
362 921 303
610 871 42
871 610 42
428 874 441
874 428 441
66 428 420
428 66 420
402 782 745
782 402 745
308 62 137
62 308 137
209 609 627
609 209 627
580 480 31
480 580 31
713 698 407
698 713 407
775 396 657
396 775 657
133 540 557
540 133 557
912 766 173
766 912 173
241 974 168
974 241 168
352 566 537
566 352 537
219 36 365
36 219 365
450 867 700
867 450 700
185 477 791
477 185 791
420 364 350
364 420 350
860 558 545
558 860 545
236 419 757
419 236 757
937 351 240
351 937 240
663 614 399
614 663 399
815 837 313
837 815 313
705 463 832
463 705 832
160 66 996
66 160 996
247 471 5
471 247 5
990 1012 649
1012 990 649
897 818 713
818 897 713
326 523 659
523 326 659
896 648 273
648 896 273
265 782 87
782 265 87
70 879 118
879 70 118
647 320 325
320 647 325
182 965 463
965 182 463
668 55 713
55 668 713
425 599 498
599 425 498
389 364 575
364 389 575
968 778 799
778 968 799
913 839 26
839 913 26
267 584 418
584 267 418
353 704 725
704 353 725
738 487 21
487 738 21
224 300 175
300 224 175
813 440 54
440 813 54
692 348 659
348 692 659
759 908 238
908 759 238
933 285 40
285 933 40
887 917 104
917 887 104
465 163 502
163 465 502
1014 437 403
437 1014 403
884 495 185
495 884 185
398 641 373
641 398 373
260 1025 872
1025 260 872
244 677 70
677 244 70
127 331 402
331 127 402
783 823 94
823 783 94
474 856 235
856 474 235
188 453 144
453 188 144
691 327 141
327 691 141
110 79 140
79 110 140
361 834 33
834 361 33
794 539 716
539 794 716
946 425 706
425 946 706
184 770 572
770 184 572
681 541 893
541 681 893
173 209 5
209 173 5
449 892 509
892 449 509
618 155 230
155 618 230
14 527 363
527 14 363
1008 217 93
217 1008 93
143 351 587
351 143 587
861 797 756
797 861 756
742 995 881
995 742 881
266 29 294
29 266 294
386 681 794
681 386 794
963 726 901
726 963 901
735 536 393
536 735 393
245 791 410
791 245 410
732 518 889
518 732 889
459 814 671
814 459 671
737 708 647
708 737 647
944 623 442
623 944 442
258 623 996
623 258 996
397 425 289
425 397 289
914 461 491
461 914 491
947 611 123
611 947 123
444 498 352
498 444 352
983 522 761
522 983 761
174 761 511
761 174 511
222 609 697
609 222 697
390 332 475
332 390 475
542 28 958
28 542 958
612 872 225
872 612 225
736 753 514
753 736 514
311 78 238
78 311 238
317 993 700
993 317 700
3 153 483
153 3 483
324 74 912
74 324 912
225 49 49
49 225 49
649 736 41
736 649 41
431 545 269
545 431 269
197 933 334
933 197 334
168 574 185
574 168 185
907 236 372
236 907 372
35 422 975
422 35 975
60 150 391
150 60 391
632 447 132
447 632 132
122 69 620
69 122 620
220 278 758
278 220 758
544 46 868
46 544 868
4 685 918
685 4 918
771 729 68
729 771 68
650 254 948
254 650 948
257 892 950
892 257 950
486 345 486
345 486 486
951 788 446
788 951 446
242 995 999
995 242 999
926 413 630
413 926 630
314 346 596
346 314 596
417 160 376
160 417 376
1011 644 693
644 1011 693
567 22 137
22 567 137
772 584 94
584 772 94
279 998 731
998 279 731
118 855 24
855 118 24
882 166 635
166 882 635
954 594 139
594 954 139
472 974 586
974 472 586
852 145 206
145 852 206
532 294 512
294 532 512
138 980 108
980 138 108
899 988 127
988 899 127
678 142 481
142 678 481
210 415 560
415 210 560
426 98 426
98 426 426
323 86 80
86 323 80
780 304 343
304 780 343
276 835 254
835 276 254
458 320 793
320 458 793
560 564 457
564 560 457
973 515 565
515 973 565
547 444 793
444 547 793
633 72 439
72 633 439
296 718 488
718 296 488
680 442 233
442 680 233
619 177 368
177 619 368
916 754 613
754 916 613
167 864 700
864 167 700
107 249 307
249 107 307
767 927 689
927 767 689
144 1018 158
1018 144 158
476 695 342
695 476 342
903 852 164
852 903 164
693 298 694
298 693 694
248 816 508
816 248 508
253 601 400
601 253 400
68 544 970
544 68 970
489 258 698
258 489 698
812 249 741
249 812 741
470 711 531
711 470 531
844 182 871
182 844 871
906 546 444
546 906 444
193 37 705
37 193 705
943 579 920
579 943 920
1019 152 951
152 1019 951
305 451 451
451 305 451
53 169 499
169 53 499
939 368 569
368 939 569
275 788 44
788 275 44
99 47 248
47 99 248
717 418 624
418 717 624
341 880 700
880 341 700
141 459 528
459 141 528
701 67 649
67 701 649
448 66 346
66 448 346
831 308 196
308 831 196
240 893 570
893 240 570
595 913 448
913 595 448
672 231 679
231 672 679
524 717 479
717 524 479
105 700 225
700 105 225
149 266 159
266 149 159
699 822 724
822 699 724
938 694 913
694 938 913
664 247 47
247 664 47
30 370 212
370 30 212
132 672 422
672 132 422
1010 257 421
257 1010 421
950 694 648
694 950 648
11 600 139
600 11 139
948 550 928
550 948 928
883 674 389
674 883 389
1005 821 67
821 1005 67
128 69 993
69 128 993
894 386 15
386 894 15
372 94 631
94 372 631
687 905 85
905 687 85
43 222 827
222 43 827
427 491 991
491 427 991
64 952 884
952 64 884
1001 981 157
981 1001 157
885 115 112
115 885 112
863 406 899
406 863 899
409 345 393
345 409 393
1017 769 233
769 1017 233
506 12 45
12 506 45
277 34 641
34 277 641
587 357 496
357 587 496
87 207 490
207 87 490
423 145 394
145 423 394
786 43 24
43 786 24
113 235 621
235 113 621
723 1004 779
1004 723 779
146 786 31
786 146 31
119 990 440
990 119 440
256 617 644
617 256 644
283 487 393
487 283 393
117 18 298
18 117 298
407 438 822
438 407 822
751 895 762
895 751 762
925 841 554
841 925 554
84 761 527
761 84 527
639 570 165
570 639 165
581 296 22
296 581 22
789 1010 264
1010 789 264
376 890 352
890 376 352
109 491 574
491 109 574
503 257 776
257 503 776
97 59 584
59 97 584
147 126 76
126 147 76
781 98 496
98 781 496
38 685 860
685 38 860
987 953 355
953 987 355
148 539 856
539 148 856
889 325 181
325 889 181
877 41 984
41 877 984
335 753 206
753 335 206
826 236 763
236 826 763
592 8 161
8 592 161
371 224 996
224 371 996
483 975 872
975 483 872
270 385 476
385 270 476
433 98 283
98 433 283
820 722 794
722 820 794
10 195 676
195 10 676
484 289 893
289 484 893
502 192 86
192 502 86
904 570 299
570 904 299
183 349 728
349 183 728
416 205 525
205 416 525
850 614 885
614 850 885
716 12 424
12 716 424
810 979 851
979 810 851
666 957 82
957 666 82
942 120 331
120 942 331
262 453 246
453 262 246
728 237 715
237 728 715
456 617 23
617 456 23
25 221 865
221 25 865
429 1000 891
1000 429 891
568 991 560
991 568 560
521 347 802
347 521 802
394 701 909
701 394 909
934 640 265
640 934 265
106 220 397
220 106 397
799 848 596
848 799 596
373 718 973
718 373 973
635 335 827
335 635 827
949 119 459
119 949 459
218 377 383
377 218 383
333 126 52
126 333 52
212 897 827
897 212 827
533 551 31
551 533 31
233 278 315
278 233 315
101 107 187
107 101 187
976 98 983
98 976 983
534 900 914
900 534 914
853 312 538
312 853 538
462 139 539
139 462 539
252 552 288
552 252 288
336 679 441
679 336 441
638 860 959
860 638 959
61 468 726
468 61 726
712 203 207
203 712 207
322 57 226
57 322 226
380 771 148
771 380 148
199 874 256
874 199 256
798 313 185
313 798 185
339 950 840
950 339 840
671 716 904
716 671 904
194 522 776
522 194 776
859 98 902
98 859 902
878 610 172
610 878 172
367 291 792
291 367 792
576 567 888
567 576 888
26 813 471
813 26 471
340 661 421
661 340 421
243 995 517
995 243 517
777 497 394
497 777 394
1007 264 505
264 1007 505
154 809 876
809 154 876
140 676 11
676 140 11
175 879 984
879 175 984
830 169 763
169 830 763
549 725 690
725 549 690
356 434 996
434 356 996
591 360 405
360 591 405
401 887 78
887 401 78
932 603 600
603 932 600
271 946 214
946 271 214
58 397 874
397 58 874
93 837 828
837 93 828
134 352 456
352 134 456
615 725 727
725 615 727
424 384 641
384 424 641
870 604 13
604 870 13
516 902 682
902 516 682
828 365 849
365 828 849
763 421 657
421 763 657
849 718 136
718 849 136
20 44 826
44 20 826
920 521 853
521 920 853
608 804 406
804 608 406
689 770 308
770 689 308
833 511 486
511 833 486
684 106 828
106 684 828
790 999 873
999 790 873
869 504 389
504 869 389
642 882 712
882 642 712
972 523 690
523 972 690
176 86 441
86 176 441
100 500 526
500 100 526
223 848 827
848 223 827
731 66 265
66 731 265
883 504 467
504 883 467
996 300 991
300 996 991
773 820 707
820 773 707
890 695 206
695 890 206
1021 355 812
355 1021 812
997 301 962
301 997 962
563 62 928
62 563 928
224 213 9
213 224 9
95 908 851
908 95 851
114 226 402
226 114 402
869 887 878
887 869 878
265 845 596
845 265 596
950 627 716
627 950 716
519 18 14
18 519 14
469 990 756
990 469 756
15 390 201
390 15 201
221 832 814
832 221 814
284 20 673
20 284 673
1025 458 600
458 1025 600
835 286 55
286 835 55
43 130 661
130 43 661
13 731 87
731 13 87
193 114 339
114 193 339
9 957 347
957 9 347
992 865 672
865 992 672
366 1007 1000
1007 366 1000
671 360 276
360 671 276
403 820 823
820 403 823
875 2 524
2 875 524
993 678 622
678 993 622
84 53 687
53 84 687
368 193 784
193 368 784
337 548 598
548 337 598
953 847 764
847 953 764
859 952 702
952 859 702
21 831 268
831 21 268
490 81 650
81 490 650
647 881 8
881 647 8
278 566 997
566 278 997
40 922 417
922 40 417
612 671 907
671 612 907
358 702 647
702 358 647
848 316 719
316 848 719
632 725 49
725 632 49
909 107 936
107 909 936
65 327 613
327 65 613
567 495 573
495 567 573
643 780 414
780 643 414
609 283 899
283 609 899
597 124 659
124 597 659
170 535 850
535 170 850
989 799 294
799 989 294
213 304 216
304 213 216
532 858 885
858 532 885
998 640 897
640 998 897
911 343 158
343 911 158
764 7 960
7 764 960
814 722 6
722 814 6
165 597 338
597 165 338
234 439 381
439 234 381
170 163 461
163 170 461
41 243 481
243 41 481
839 454 323
454 839 323
863 222 795
222 863 795
532 798 564
798 532 564
240 471 928
471 240 928
231 187 659
187 231 659
772 702 151
702 772 151
442 598 159
598 442 159
467 390 660
390 467 660
29 430 536
430 29 536
213 69 360
69 213 360
336 472 605
472 336 605
221 429 524
429 221 524
912 822 795
822 912 795
223 432 742
432 223 742
390 244 350
244 390 350
570 552 588
552 570 588
498 853 113
853 498 113
188 372 784
372 188 784
720 347 531
347 720 531
953 179 583
179 953 583
913 755 965
755 913 965
244 792 349
792 244 349
969 1007 494
1007 969 494
193 997 830
997 193 830
226 638 760
638 226 760
775 123 944
123 775 944
435 798 538
798 435 538
961 736 712
736 961 712
216 576 218
576 216 218
358 889 638
889 358 638
62 87 322
87 62 322
499 664 581
664 499 581
112 938 400
938 112 400
967 691 390
691 967 390
189 320 216
320 189 216
443 910 549
910 443 549
173 335 243
335 173 243
572 508 329
508 572 329
78 187 864
187 78 864
355 614 549
614 355 549
814 751 491
751 814 491
330 76 614
76 330 614
968 1003 726
1003 968 726
254 920 926
920 254 926
464 102 399
102 464 399
297 679 362
679 297 362
780 227 748
227 780 748
413 348 196
348 413 196
74 796 867
796 74 867
433 454 256
454 433 256
100 216 705
216 100 705
154 943 833
943 154 833
494 736 55
736 494 55
605 970 342
970 605 342
145 676 629
676 145 629
885 872 561
872 885 561
693 194 383
194 693 383
52 180 743
180 52 743
202 749 518
749 202 518
192 360 978
360 192 978
669 1020 20
1020 669 20
1027 391 843
391 1027 843
137 711 835
711 137 835
60 410 790
410 60 790
784 654 302
654 784 302
368 981 604
981 368 604
73 198 133
198 73 133
677 653 507
653 677 507
108 597 752
597 108 752
561 477 80
477 561 80
855 276 997
276 855 997
363 703 891
703 363 891
192 705 550
705 192 550
199 337 773
337 199 773
841 918 919
918 841 919
539 52 4
52 539 4
598 170 758
170 598 758
515 844 130
844 515 130
597 243 551
243 597 551
1027 315 972
315 1027 972
190 999 467
999 190 467
37 786 236
786 37 236
873 86 102
86 873 102
937 401 278
401 937 278
990 743 223
743 990 223
768 122 67
122 768 67
338 266 116
266 338 116
895 40 732
40 895 732
904 112 432
112 904 432
457 298 779
298 457 779
697 890 271
890 697 271
277 593 385
593 277 385
512 775 853
775 512 853
168 390 562
390 168 562
59 624 671
624 59 671
287 589 631
589 287 631
723 253 215
253 723 215
934 463 400
463 934 400
845 369 548
369 845 548
472 522 518
522 472 518
429 867 33
867 429 33
129 261 246
261 129 246
895 732 416
732 895 416
511 540 538
540 511 538
744 230 503
230 744 503
749 551 946
551 749 946
21 214 618
214 21 618
298 1010 615
1010 298 615
650 291 688
291 650 688
218 626 359
626 218 359
912 816 718
816 912 718
467 928 451
928 467 451
586 412 845
412 586 845
570 598 242
598 570 242
148 333 93
333 148 93
490 303 401
303 490 401
569 1012 898
1012 569 898
254 531 846
531 254 846
20 946 627
946 20 627
620 51 881
51 620 881
964 633 943
633 964 943
319 196 496
196 319 496
743 187 529
187 743 529
946 611 118
611 946 118
550 543 699
543 550 699
57 353 925
353 57 925
551 251 302
251 551 302
141 650 36
650 141 36
259 277 78
277 259 78
216 309 539
309 216 539
419 591 358
591 419 358
930 538 897
538 930 897
938 727 758
727 938 758
377 422 964
422 377 964
34 406 452
406 34 452
341 623 859
623 341 859
1000 451 768
451 1000 768
373 316 698
316 373 698
127 1016 103
1016 127 103
516 978 532
978 516 532
637 740 881
740 637 881
439 456 841
456 439 841
685 773 719
773 685 719
386 362 243
362 386 243
522 145 977
145 522 977
920 78 13
78 920 13
452 598 723
598 452 723
112 674 868
674 112 868
697 430 108
430 697 108
56 391 276
391 56 276
394 653 592
653 394 592
943 1027 725
1027 943 725
881 536 847
536 881 847
97 970 355
970 97 355
79 294 652
294 79 652
560 907 927
907 560 927
886 675 668
675 886 668
910 412 794
412 910 794
989 187 253
187 989 253
400 38 327
38 400 327
911 518 430
518 911 430
115 41 732
41 115 732
649 251 305
251 649 305
895 256 664
256 895 664
201 967 820
967 201 820
291 329 86
329 291 86
188 604 460
604 188 460
125 317 989
317 125 989
925 996 646
996 925 646
152 141 479
141 152 479
332 411 857
411 332 857
900 23 109
23 900 109
612 773 202
773 612 202
340 949 271
949 340 271
899 495 623
495 899 623
608 785 973
785 608 973
18 842 212
842 18 212
103 457 725
457 103 725
646 661 446
661 646 446
114 437 636
437 114 636
520 880 420
880 520 420
724 250 255
250 724 255
389 212 452
212 389 452
62 896 437
896 62 437
43 296 373
296 43 373
622 845 571
845 622 571
38 578 98
578 38 98
842 317 670
317 842 670
798 988 402
988 798 402
318 939 58
939 318 58
945 217 308
217 945 308
935 531 571
531 935 571
418 788 992
788 418 992
112 621 95
621 112 95
103 572 463
572 103 463
744 754 383
754 744 383
183 457 558
457 183 558
958 376 409
376 958 409
566 1021 4
1021 566 4
27 726 742
726 27 742
729 137 557
137 729 557
605 176 796
176 605 796
414 655 104
655 414 104
670 838 251
838 670 251
164 817 455
817 164 455
558 728 264
728 558 264
867 1017 721
1017 867 721
358 459 16
459 358 16
922 575 317
575 922 317
480 947 213
947 480 213
355 390 235
390 355 235
810 188 191
188 810 191
831 746 603
746 831 603
53 328 290
328 53 290
219 375 484
375 219 484
521 24 352
24 521 352
469 803 190
803 469 190
280 850 331
850 280 331
707 449 485
449 707 485
956 75 21
75 956 21
475 10 746
10 475 746
288 928 835
928 288 835
431 41 564
41 431 564
478 204 503
204 478 503
476 568 811
568 476 811
277 188 12
188 277 12
928 758 69
758 928 69
932 441 675
441 932 675
845 210 628
210 845 628
539 729 80
729 539 80
105 293 557
293 105 557
638 308 756
308 638 756
286 928 631
928 286 631
189 906 459
906 189 459
793 98 39
98 793 39
439 241 388
241 439 388
107 914 800
914 107 800
822 743 496
743 822 496
118 862 642
862 118 642
894 698 689
698 894 689
243 289 408
289 243 408
1010 650 731
650 1010 731
381 799 560
799 381 560
794 565 428
565 794 428
92 352 38
352 92 38
701 409 981
409 701 981
277 114 67
114 277 67
835 795 236
795 835 236
963 347 639
347 963 639
757 905 187
905 757 187
608 766 794
766 608 794
162 514 965
514 162 965
405 111 664
111 405 664
284 760 669
760 284 669
64 1010 183
1010 64 183
306 242 450
242 306 450
876 396 163
396 876 163
322 34 917
34 322 917
295 422 484
422 295 484
743 589 309
589 743 309
60 665 600
665 60 600
1023 41 778
41 1023 778
183 307 61
307 183 61
102 190 952
190 102 952
877 602 561
602 877 561
816 245 897
245 816 897
430 141 41
141 430 41
637 711 377
711 637 377
570 273 316
273 570 316
940 997 33
997 940 33
348 905 895
905 348 895
761 373 664
373 761 664
80 406 20
406 80 20
941 475 78
475 941 78
302 29 206
29 302 206
575 140 443
140 575 443
202 605 484
605 202 484
283 176 744
176 283 744
535 475 141
475 535 141
449 275 523
275 449 523
214 454 641
454 214 641
287 96 96
96 287 96
732 173 541
173 732 541
215 122 930
122 215 930
491 910 579
910 491 579
711 351 619
351 711 619
210 884 752
884 210 752
793 990 517
990 793 517
1008 413 8
413 1008 8
997 598 263
598 997 263
94 198 190
198 94 190
29 591 752
591 29 752
26 59 282
59 26 282
864 466 893
466 864 893
278 18 939
18 278 939
705 165 204
165 705 204
895 100 812
100 895 812
828 604 647
604 828 647
507 829 194
829 507 194
29 754 361
754 29 361
567 1021 980
1021 567 980
39 225 570
225 39 570
668 405 653
405 668 653
41 120 403
120 41 403
748 53 549
53 748 549
641 875 941
875 641 941
291 545 762
545 291 762
213 364 342
364 213 342
489 900 792
900 489 792
23 835 671
835 23 671
623 24 378
24 623 378
892 958 509
958 892 509
753 471 417
471 753 417
152 637 264
637 152 264
879 740 818
740 879 818
991 594 176
594 991 176
678 800 597
800 678 597
784 130 658
130 784 658
17 148 896
148 17 896
789 657 986
657 789 986
352 398 119
398 352 119
606 906 372
906 606 372
893 199 890
199 893 890
677 612 782
612 677 782
566 419 629
419 566 629
516 144 775
144 516 775
122 505 157
505 122 157
699 914 455
914 699 455
33 304 64
304 33 64
991 447 308
447 991 308
563 46 157
46 563 157
518 509 407
509 518 407
355 53 328
53 355 328
701 932 475
932 701 475
445 421 619
421 445 619
227 773 258
773 227 258
186 742 622
742 186 622
707 869 959
869 707 959
223 370 432
370 223 432
1028 780 739
780 1028 739
556 229 424
229 556 424
206 823 729
823 206 729
16 1018 504
1018 16 504
168 937 562
937 168 562
333 256 569
256 333 569
534 563 825
563 534 825
359 647 215
647 359 215
438 30 68
30 438 68
704 369 169
369 704 169
987 585 956
585 987 956
608 927 866
927 608 866
506 674 500
674 506 500
733 58 349
58 733 349
142 12 369
12 142 369
151 4 832
4 151 832
318 491 915
491 318 915
90 787 148
787 90 148
555 921 199
921 555 199
171 358 501
358 171 501
949 403 587
403 949 587
274 406 643
406 274 643
429 13 576
13 429 576
653 454 309
454 653 309
668 616 902
616 668 902
394 184 43
184 394 43
726 1021 902
1021 726 902
205 501 313
501 205 313
525 260 184
260 525 184
570 534 414
534 570 414
678 282 93
282 678 93
470 23 966
23 470 966
1007 950 685
950 1007 685
615 963 148
963 615 148
938 816 780
816 938 780
141 994 274
994 141 274
393 198 476
198 393 476
31 887 298
887 31 298
376 580 251
580 376 251
362 183 999
183 362 999
724 921 822
921 724 822
704 608 158
608 704 158
191 119 746
119 191 746
379 8 89
8 379 89
865 796 278
796 865 278
182 825 115
825 182 115
459 31 777
31 459 777
499 917 341
917 499 341
621 9 674
9 621 674
69 708 173
708 69 173
368 853 981
853 368 981
856 364 730
364 856 730
181 622 52
622 181 52
459 989 400
989 459 400
666 340 679
340 666 679
764 940 943
940 764 943
797 1025 647
1025 797 647
445 899 622
899 445 622
249 629 83
629 249 83
21 235 873
235 21 873
381 532 923
532 381 923
18 781 719
781 18 719
23 572 641
572 23 641
999 138 267
138 999 267
514 505 844
505 514 844
206 955 652
955 206 652
389 826 889
826 389 889
688 41 528
41 688 528
701 69 469
69 701 469
574 787 357
787 574 357
902 790 231
790 902 231
630 302 128
302 630 128
506 128 101
128 506 101
224 588 123
588 224 123
437 836 204
836 437 204
967 747 676
747 967 676
20 580 603
580 20 603
671 201 792
201 671 792
945 695 637
695 945 637
334 211 200
211 334 200
642 501 319
501 642 319
1017 8 112
8 1017 112
354 335 542
335 354 542
266 943 325
943 266 325
572 835 338
835 572 338
516 604 532
604 516 532
125 194 825
194 125 825
787 997 86
997 787 86
71 40 783
40 71 783
388 609 328
609 388 328
116 50 784
50 116 784
234 706 776
706 234 776
929 697 916
697 929 916
353 174 665
174 353 665
188 906 214
906 188 214
122 755 610
755 122 610
915 900 907
900 915 907
117 960 424
960 117 424
690 344 64
344 690 64
115 37 768
37 115 768
6 273 795
273 6 795
781 402 536
402 781 536
144 271 337
271 144 337
676 804 454
804 676 454
722 882 686
882 722 686
156 138 916
138 156 916
6 346 219
346 6 219
568 559 412
559 568 412
149 90 941
90 149 941
284 638 194
638 284 194
217 762 79
762 217 79
841 731 861
731 841 861
803 563 677
563 803 677
243 169 492
169 243 492
96 1005 991
1005 96 991
981 825 863
825 981 863
811 1000 719
1000 811 719
573 269 904
269 573 904
155 774 576
774 155 576
94 267 374
267 94 374
21 669 385
669 21 385
549 59 343
59 549 343
463 142 781
142 463 781
146 962 97
962 146 97
848 844 859
844 848 859
391 86 963
86 391 963
214 228 946
228 214 946
979 874 811
874 979 811
557 761 456
761 557 456
493 21 772
21 493 772
688 951 11
951 688 11
139 86 351
86 139 351
372 96 821
96 372 821
360 524 603
524 360 603
250 658 67
658 250 67
194 424 304
424 194 304
1009 222 892
222 1009 892
970 133 339
133 970 339
761 180 573
180 761 573
490 433 6
433 490 6
145 536 752
536 145 752
572 889 864
889 572 864
307 197 838
197 307 838
211 394 290
394 211 290
626 678 879
678 626 879
985 826 830
826 985 830
164 441 826
441 164 826
923 594 304
594 923 304
930 356 819
356 930 819
119 570 623
570 119 623
557 309 424
309 557 424
399 559 871
559 399 871
203 710 80
710 203 80
53 38 890
38 53 890
40 1019 841
1019 40 841
382 487 708
487 382 708
353 644 832
644 353 832
468 395 248
395 468 248
548 292 489
292 548 489
551 65 812
65 551 812
386 726 270
726 386 270
70 304 453
304 70 453
1000 116 894
116 1000 894
283 883 933
883 283 933
915 101 15
101 915 15
486 418 219
418 486 219
860 102 820
102 860 820
634 514 743
514 634 743
843 753 828
753 843 828
82 247 753
247 82 753
732 674 309
674 732 309
837 867 885
867 837 885
426 65 683
65 426 683
403 847 948
847 403 948
907 167 80
167 907 80
498 552 548
552 498 548
307 721 331
721 307 331
38 1024 791
1024 38 791
769 875 784
875 769 784
354 1001 794
1001 354 794
685 866 549
866 685 549
838 424 75
424 838 75
606 354 608
354 606 608
419 958 504
958 419 504
753 299 588
299 753 588
845 157 381
157 845 381
862 600 671
600 862 671
917 452 594
452 917 594
565 564 587
564 565 587
767 896 72
896 767 72
569 980 846
980 569 846
241 575 307
575 241 307
696 247 39
247 696 39
346 118 8
118 346 8
950 328 840
328 950 840
30 728 300
728 30 300
150 902 706
902 150 706
889 307 663
307 889 663
739 435 816
435 739 816
749 124 402
124 749 402
222 338 751
338 222 751
190 2 30
2 190 30
278 771 415
771 278 415
743 958 862
958 743 862
258 125 686
125 258 686
315 1019 531
1019 315 531
344 182 610
182 344 610
978 665 425
665 978 425
134 673 857
673 134 857
136 965 468
965 136 468
981 74 217
74 981 217
481 136 122
136 481 122
102 165 337
165 102 337
383 187 184
187 383 184
248 874 56
874 248 56
983 81 774
81 983 774
689 362 811
362 689 811
258 392 419
392 258 419
3 585 573
585 3 573
786 933 941
933 786 941
153 285 221
285 153 221
772 1007 229
1007 772 229
583 164 156
164 583 156
408 108 28
108 408 28
221 460 134
460 221 134
792 68 262
68 792 262
313 127 141
127 313 141
12 721 732
721 12 732
119 641 798
641 119 798
489 791 769
791 489 769
1003 676 197
676 1003 197
418 694 711
694 418 711
785 93 380
93 785 380
102 636 271
636 102 271
2 267 291
267 2 291
332 610 238
610 332 238
856 753 192
753 856 192
459 522 547
522 459 547
507 644 993
644 507 993
352 35 27
35 352 27
435 1005 701
1005 435 701
388 294 823
294 388 823
344 923 754
923 344 754
206 971 512
971 206 512
275 990 183
990 275 183
774 522 294
522 774 294
273 8 497
8 273 497
273 75 962
75 273 962
320 403 489
403 320 489
520 968 436
968 520 436
821 499 950
499 821 950
1021 848 474
848 1021 474
705 90 64
90 705 64
904 882 786
882 904 786
859 221 841
221 859 841
116 26 144
26 116 144
793 48 420
48 793 420
1026 666 607
666 1026 607
697 797 889
797 697 889
4 630 298
630 4 298
27 831 964
831 27 964
189 661 579
661 189 579
473 899 759
899 473 759
107 188 232
188 107 232
824 634 669
634 824 669
385 825 548
825 385 548
597 945 366
945 597 366
777 36 442
36 777 442
696 708 995
708 696 995
66 76 779
76 66 779
229 657 153
657 229 153
741 747 620
747 741 620
527 686 752
686 527 752
974 638 535
638 974 535
424 956 343
956 424 343
688 15 42
15 688 42
899 993 524
993 899 524
921 190 602
190 921 602
