389 197 41
197 389 41
132 389 414
389 132 414
404 389 991
389 404 991
246 132 597
132 246 597
111 246 142
246 111 142
146 389 773
389 146 773
48 246 818
246 48 818
130 132 317
132 130 317
51 389 920
389 51 920
358 111 483
111 358 483
294 389 362
389 294 362
229 111 625
111 229 625
337 404 989
404 337 989
291 48 453
48 291 453
275 246 63
246 275 63
290 197 95
197 290 95
383 229 727
229 383 727
356 197 626
197 356 626
261 358 249
358 261 249
392 358 720
358 392 720
32 146 939
146 32 939
305 48 244
48 305 244
75 383 458
383 75 458
47 132 327
132 47 327
273 275 111
275 273 111
163 383 298
383 163 298
385 404 560
404 385 560
180 163 944
163 180 944
296 146 986
146 296 986
330 383 601
383 330 601
156 291 93
291 156 93
328 47 324
47 328 324
317 275 297
275 317 297
99 229 841
229 99 841
101 132 627
132 101 627
367 290 487
290 367 487
36 111 695
111 36 695
71 51 945
51 71 945
19 111 919
111 19 919
397 99 699
99 397 699
218 317 282
317 218 282
293 275 869
275 293 869
121 36 845
36 121 845
235 36 281
36 235 281
253 156 676
156 253 676
368 235 938
235 368 938
201 111 332
111 201 332
351 48 498
48 351 498
338 397 343
397 338 343
107 275 16
275 107 16
154 48 722
48 154 722
125 75 813
75 125 813
95 32 436
32 95 436
33 146 801
146 33 801
83 33 714
33 83 714
129 132 836
132 129 836
339 397 931
397 339 931
314 71 696
71 314 696
41 389 127
389 41 127
379 229 620
229 379 620
343 48 400
48 343 400
54 75 853
75 54 853
68 132 620
132 68 620
11 47 984
47 11 984
113 275 490
275 113 490
131 48 959
48 131 959
12 33 635
33 12 635
62 317 71
317 62 71
141 51 662
51 141 662
188 235 446
235 188 446
114 48 515
48 114 515
285 111 610
111 285 610
63 107 204
107 63 204
168 253 926
253 168 926
289 285 173
285 289 173
134 48 807
48 134 807
100 392 350
392 100 350
333 328 120
328 333 120
377 129 681
129 377 681
112 389 482
389 112 482
257 285 895
285 257 895
322 19 664
19 322 664
226 338 857
338 226 857
166 261 574
261 166 574
6 314 759
314 6 759
50 293 756
293 50 756
27 141 287
141 27 287
89 330 780
330 89 780
312 253 624
253 312 624
193 50 367
50 193 367
390 257 874
257 390 874
87 390 317
390 87 317
254 95 848
95 254 848
55 197 608
197 55 608
137 312 342
312 137 342
109 330 228
330 109 228
300 351 727
351 300 727
381 95 32
95 381 32
267 312 581
312 267 581
279 381 678
381 279 678
28 32 456
32 28 456
42 317 718
317 42 718
115 339 540
339 115 540
334 114 618
114 334 618
0 246 506
246 0 506
224 19 857
19 224 857
323 146 828
146 323 828
283 47 561
47 283 561
60 323 742
323 60 742
93 389 411
389 93 411
288 397 3
397 288 3
160 389 734
389 160 734
2 0 691
0 2 691
374 333 100
333 374 100
147 275 622
275 147 622
152 288 309
288 152 309
206 89 186
89 206 186
76 379 874
379 76 874
282 112 83
112 282 83
16 101 935
101 16 935
329 42 811
42 329 811
88 93 262
93 88 262
104 226 533
226 104 533
251 291 892
291 251 892
124 101 871
101 124 871
14 111 41
111 14 41
169 27 265
27 169 265
237 254 960
254 237 960
31 14 729
14 31 729
348 288 381
288 348 381
149 95 384
95 149 384
223 132 141
132 223 141
126 141 341
141 126 341
258 55 735
55 258 735
74 50 798
50 74 798
26 358 276
358 26 276
142 71 597
71 142 597
230 87 404
87 230 404
108 289 117
289 108 117
373 343 956
343 373 956
39 333 183
333 39 183
61 100 412
100 61 412
263 134 424
134 263 424
92 273 574
273 92 574
386 329 345
329 386 345
274 156 490
156 274 490
102 169 436
169 102 436
30 100 343
100 30 343
145 293 641
293 145 641
234 109 825
109 234 825
399 305 67
305 399 67
332 32 202
32 332 202
309 129 62
129 309 62
176 132 100
132 176 100
179 61 531
61 179 531
138 374 942
374 138 942
212 145 731
145 212 731
286 83 433
83 286 433
37 55 225
55 37 225
122 145 795
145 122 795
77 93 196
93 77 196
173 296 65
296 173 65
355 48 924
48 355 924
232 147 770
147 232 770
299 154 121
154 299 121
220 28 262
28 220 262
96 232 43
232 96 43
353 83 638
83 353 638
67 163 202
163 67 202
210 109 370
109 210 370
245 71 107
71 245 107
268 251 151
251 268 151
255 115 653
115 255 653
311 283 898
283 311 898
239 14 695
14 239 695
402 322 853
322 402 853
227 169 650
169 227 650
310 154 555
154 310 555
280 129 9
129 280 9
171 257 837
257 171 837
162 51 537
51 162 537
69 113 617
113 69 617
366 19 862
19 366 862
189 145 301
145 189 301
344 171 826
171 344 826
221 290 819
290 221 819
38 223 889
223 38 889
17 290 230
290 17 230
65 358 307
358 65 307
5 374 338
374 5 338
84 71 889
71 84 889
324 206 991
206 324 991
194 31 391
31 194 391
264 237 34
237 264 34
287 75 694
75 287 694
395 223 776
223 395 776
304 261 764
261 304 764
214 194 211
194 214 211
159 142 922
142 159 922
308 224 845
224 308 845
244 267 622
267 244 622
306 41 871
41 306 871
9 353 906
353 9 906
1 65 186
65 1 186
172 31 583
31 172 583
148 6 67
6 148 67
260 12 965
12 260 965
175 304 417
304 175 417
207 260 392
260 207 392
34 218 656
218 34 656
73 343 293
343 73 293
393 6 56
6 393 56
21 104 427
104 21 427
85 124 911
124 85 911
341 366 83
366 341 83
371 310 155
310 371 155
202 0 36
0 202 36
347 282 395
282 347 395
256 229 103
229 256 103
266 159 155
159 266 155
13 130 612
130 13 612
359 317 645
317 359 645
191 163 716
163 191 716
320 220 354
220 320 354
120 381 802
381 120 802
284 180 902
180 284 902
43 138 717
138 43 717
272 212 647
212 272 647
203 220 127
220 203 127
403 69 636
69 403 636
184 244 869
244 184 869
81 267 818
267 81 818
186 5 893
5 186 893
80 223 881
223 80 881
128 51 800
51 128 800
242 2 380
2 242 380
133 152 365
152 133 365
391 261 979
261 391 979
25 403 956
403 25 956
24 251 261
251 24 261
18 126 682
126 18 682
364 274 896
274 364 896
157 314 95
314 157 95
401 159 514
159 401 514
346 323 519
323 346 519
208 364 116
364 208 116
106 60 913
60 106 913
372 283 945
283 372 945
59 25 107
25 59 107
278 290 101
290 278 101
281 214 159
214 281 159
22 306 457
306 22 457
302 239 427
239 302 427
23 169 941
169 23 941
228 189 258
189 228 258
66 171 72
171 66 72
103 366 708
366 103 708
29 402 356
402 29 356
151 111 850
111 151 850
185 38 72
38 185 72
123 224 3
224 123 3
174 68 765
68 174 765
4 234 377
234 4 377
35 282 879
282 35 879
136 137 464
137 136 464
105 401 352
401 105 352
215 131 28
131 215 28
187 344 343
344 187 343
365 145 303
145 365 303
262 55 607
55 262 607
79 125 546
125 79 546
249 112 385
112 249 385
144 11 823
11 144 823
200 77 520
77 200 520
216 329 772
329 216 772
178 145 381
145 178 381
352 75 881
75 352 881
64 358 403
358 64 403
46 36 135
36 46 135
199 309 563
309 199 563
204 285 605
285 204 605
209 332 652
332 209 652
181 121 254
121 181 254
219 65 652
65 219 652
250 296 385
296 250 385
205 246 427
246 205 427
340 232 451
232 340 451
116 5 300
5 116 300
240 368 973
368 240 973
97 83 283
83 97 283
58 250 620
250 58 620
336 333 814
333 336 814
345 272 950
272 345 950
217 55 786
55 217 786
231 13 178
13 231 178
143 81 348
81 143 348
277 285 363
285 277 363
252 235 494
235 252 494
378 334 301
334 378 301
3 203 633
203 3 633
265 404 223
404 265 223
170 314 787
314 170 787
342 176 558
176 342 558
327 377 434
377 327 434
376 18 94
18 376 94
363 23 778
23 363 778
140 64 780
64 140 780
238 263 647
263 238 647
10 343 276
343 10 276
375 392 0
392 375 0
161 9 538
9 161 538
335 306 455
306 335 455
72 31 362
31 72 362
183 279 609
279 183 609
56 356 72
356 56 72
177 138 546
138 177 546
233 379 542
379 233 542
165 226 69
226 165 69
295 30 289
30 295 289
331 62 587
62 331 587
349 323 544
323 349 544
82 34 978
34 82 978
400 64 413
64 400 413
196 145 452
145 196 452
270 97 643
97 270 643
98 112 126
112 98 126
91 287 410
287 91 410
396 25 142
25 396 142
384 309 362
309 384 362
326 393 223
393 326 223
354 278 711
278 354 711
362 173 504
173 362 504
49 43 307
43 49 307
119 302 53
302 119 53
182 337 363
337 182 363
361 308 909
308 361 909
8 365 68
365 8 68
78 306 6
306 78 6
303 32 118
32 303 118
7 230 894
230 7 894
259 152 144
152 259 144
318 345 294
345 318 294
110 95 444
95 110 444
222 67 393
67 222 393
90 67 431
67 90 431
307 359 151
359 307 151
225 289 536
289 225 536
164 131 213
131 164 213
117 43 357
43 117 357
382 159 437
159 382 437
388 281 398
281 388 398
360 160 814
160 360 814
127 320 962
320 127 962
139 3 727
3 139 727
44 214 34
214 44 34
155 196 86
196 155 86
135 221 58
221 135 58
357 307 177
307 357 177
167 335 304
335 167 304
369 235 721
235 369 721
313 386 789
386 313 789
243 34 469
34 243 469
45 400 713
400 45 713
321 7 979
7 321 979
370 266 594
266 370 594
301 278 260
278 301 260
316 93 345
93 316 345
211 32 44
32 211 44
52 226 358
226 52 358
15 30 670
30 15 670
20 114 65
114 20 65
325 164 227
164 325 227
315 250 943
250 315 943
150 81 197
81 150 197
192 161 104
161 192 104
276 121 813
121 276 813
195 299 548
299 195 548
247 220 261
220 247 261
40 215 45
215 40 45
153 17 82
17 153 82
158 187 354
187 158 354
190 115 257
115 190 257
398 315 753
315 398 753
241 37 529
37 241 529
292 348 493
348 292 493
271 321 245
321 271 245
57 138 956
138 57 956
86 246 471
246 86 471
394 15 448
15 394 448
53 73 505
73 53 505
269 120 120
120 269 120
94 218 246
218 94 246
118 269 157
269 118 157
298 60 451
60 298 451
387 19 837
19 387 837
319 205 772
205 319 772
350 392 981
392 350 981
198 169 501
169 198 501
213 113 860
113 213 860
248 171 327
171 248 327
380 33 570
33 380 570
236 335 554
335 236 554
70 321 303
321 70 303
297 4 619
4 297 619
242 200 649
200 242 649
126 108 237
108 126 237
130 379 629
379 130 629
380 321 101
321 380 101
89 192 424
192 89 424
169 288 291
288 169 291
276 8 6
8 276 6
40 200 527
200 40 527
256 273 124
273 256 124
395 326 279
326 395 279
379 195 578
195 379 578
366 206 691
206 366 691
301 369 559
369 301 559
78 92 226
92 78 226
247 88 66
88 247 66
136 212 690
212 136 690
96 282 382
282 96 382
349 346 293
346 349 293
252 27 140
27 252 140
48 181 516
181 48 516
96 38 599
38 96 599
270 229 831
229 270 831
131 306 158
306 131 158
193 123 78
123 193 78
141 269 211
269 141 211
248 319 508
319 248 508
58 94 712
94 58 712
60 16 750
16 60 750
12 282 778
282 12 778
395 171 623
171 395 623
170 12 644
12 170 644
228 83 630
83 228 630
337 365 610
365 337 610
366 278 466
278 366 466
286 146 981
146 286 981
160 219 668
219 160 668
226 78 900
78 226 900
302 195 492
195 302 492
46 122 721
122 46 721
397 223 140
223 397 140
10 172 720
172 10 720
300 173 804
173 300 804
145 395 966
395 145 966
330 224 39
224 330 39
77 20 765
20 77 765
169 239 883
239 169 883
120 318 743
318 120 743
8 361 231
361 8 231
126 402 687
402 126 687
226 138 17
138 226 17
69 345 552
345 69 552
296 150 645
150 296 645
100 171 22
171 100 22
281 349 62
349 281 62
229 104 46
104 229 46
146 147 968
147 146 968
119 96 68
96 119 68
156 402 995
402 156 995
303 371 139
371 303 139
93 203 445
203 93 445
285 366 319
366 285 319
193 362 336
362 193 336
325 236 765
236 325 765
207 287 9
287 207 9
207 74 546
74 207 546
249 276 703
276 249 703
369 242 777
242 369 777
32 240 943
240 32 943
54 207 976
207 54 976
159 27 3
27 159 3
66 188 636
188 66 636
78 4 860
4 78 860
192 357 151
357 192 151
397 353 243
353 397 243
193 14 968
14 193 968
294 50 760
50 294 760
70 382 574
382 70 574
50 316 80
316 50 80
347 363 106
363 347 106
233 349 468
349 233 468
45 134 629
134 45 629
238 392 258
392 238 258
311 195 750
195 311 750
324 337 640
337 324 640
356 23 91
23 356 91
366 145 687
145 366 687
100 80 241
80 100 241
151 69 166
69 151 166
276 292 414
292 276 414
268 230 822
230 268 822
22 244 15
244 22 15
37 79 922
79 37 922
102 204 480
204 102 480
383 387 544
387 383 544
336 209 268
209 336 268
388 261 466
261 388 466
306 52 122
52 306 122
148 227 507
227 148 507
163 358 279
358 163 279
247 383 260
383 247 260
164 277 719
277 164 719
350 30 702
30 350 702
53 224 780
224 53 780
262 35 348
35 262 348
304 237 213
237 304 213
41 240 337
240 41 337
251 3 690
3 251 690
211 249 697
249 211 697
171 226 938
226 171 938
333 67 866
67 333 866
190 246 598
246 190 598
163 240 159
240 163 159
402 344 298
344 402 298
331 234 330
234 331 330
302 248 413
248 302 413
140 266 174
266 140 174
197 70 144
70 197 144
58 305 452
305 58 452
11 311 951
311 11 951
246 52 491
52 246 491
7 303 797
303 7 797
149 190 626
190 149 626
109 101 562
101 109 562
202 61 972
61 202 972
312 79 173
79 312 173
328 8 654
8 328 654
112 143 112
143 112 112
29 400 815
400 29 815
64 10 393
10 64 393
271 359 272
359 271 272
37 386 13
386 37 13
256 198 839
198 256 839
316 263 968
263 316 968
223 216 539
216 223 539
181 173 350
173 181 350
300 313 801
313 300 801
13 285 865
285 13 865
404 241 523
241 404 523
377 380 676
380 377 676
167 248 576
248 167 576
395 189 475
189 395 475
356 340 934
340 356 934
34 270 628
270 34 628
394 152 921
152 394 921
130 344 541
344 130 541
257 164 199
164 257 199
400 162 642
162 400 642
357 23 19
23 357 19
150 276 255
276 150 255
336 104 281
104 336 281
55 86 948
86 55 948
341 19 586
19 341 586
203 329 761
329 203 761
370 403 884
403 370 884
185 369 102
369 185 102
109 166 451
166 109 451
317 347 649
347 317 649
306 108 258
108 306 258
191 57 792
57 191 792
69 335 335
335 69 335
368 212 30
212 368 30
22 111 780
111 22 780
237 115 780
115 237 780
9 304 446
304 9 446
350 270 640
270 350 640
222 159 713
159 222 713
261 252 476
252 261 476
162 58 129
58 162 129
116 45 285
45 116 285
96 229 407
229 96 407
364 215 138
215 364 138
32 218 579
218 32 579
227 189 4
189 227 4
101 300 734
300 101 734
129 110 553
110 129 553
18 305 322
305 18 322
229 77 402
77 229 402
11 269 650
269 11 650
373 175 686
175 373 686
285 327 151
327 285 151
148 138 523
138 148 523
330 226 128
226 330 128
62 208 722
208 62 722
396 301 782
301 396 782
15 75 747
75 15 747
105 305 843
305 105 843
219 127 762
127 219 762
135 400 396
400 135 396
87 402 819
402 87 819
378 293 82
293 378 82
205 312 832
312 205 832
74 115 819
115 74 819
126 96 717
96 126 717
243 31 801
31 243 801
223 35 957
35 223 957
186 377 774
377 186 774
203 209 156
209 203 156
261 400 599
400 261 599
193 396 524
396 193 524
383 57 323
57 383 323
367 381 663
381 367 663
186 335 244
335 186 244
80 215 163
215 80 163
45 210 934
210 45 934
182 141 487
141 182 487
387 219 58
219 387 58
64 293 840
293 64 840
136 239 2
239 136 2
319 397 106
397 319 106
347 161 360
161 347 360
58 184 343
184 58 343
194 174 370
174 194 370
270 379 139
379 270 139
173 294 186
294 173 186
192 11 19
11 192 19
268 161 197
161 268 197
305 73 660
73 305 660
156 135 318
135 156 318
159 163 614
163 159 614
94 321 172
321 94 172
366 207 55
207 366 55
120 162 618
162 120 618
233 57 261
57 233 261
222 286 576
286 222 576
81 73 185
73 81 185
275 81 821
81 275 821
74 300 972
300 74 972
214 328 366
328 214 366
338 68 26
68 338 26
280 358 181
358 280 181
148 56 707
56 148 707
119 146 330
146 119 330
186 297 567
297 186 567
158 44 507
44 158 507
157 218 878
218 157 878
163 200 882
200 163 882
172 297 802
297 172 802
258 291 663
291 258 663
35 338 856
338 35 856
218 210 367
210 218 367
107 18 991
18 107 991
290 333 930
333 290 930
35 331 824
331 35 824
274 356 0
356 274 0
324 268 160
268 324 160
199 155 150
155 199 150
322 312 798
312 322 798
257 91 696
91 257 696
251 295 336
295 251 336
229 106 981
106 229 981
331 225 407
225 331 407
305 147 246
147 305 246
270 92 336
92 270 336
27 329 360
329 27 360
147 226 899
226 147 899
341 133 372
133 341 372
240 188 395
188 240 395
240 298 13
298 240 13
226 252 5
252 226 5
388 159 735
159 388 735
89 134 19
134 89 19
229 299 522
299 229 522
389 261 48
261 389 48
350 339 586
339 350 586
72 289 797
289 72 797
333 222 805
222 333 805
264 70 27
70 264 27
85 191 581
191 85 581
388 210 728
210 388 728
14 188 372
188 14 372
123 93 546
93 123 546
1 36 132
36 1 132
175 240 674
240 175 674
280 338 441
338 280 441
191 124 482
124 191 482
287 147 938
147 287 938
306 88 660
88 306 660
208 9 942
9 208 942
277 101 855
101 277 855
31 39 906
39 31 906
365 5 555
5 365 555
294 10 626
10 294 626
213 364 897
364 213 897
329 39 41
39 329 41
335 232 888
232 335 888
308 331 109
331 308 109
144 47 147
47 144 147
370 308 27
308 370 27
118 341 748
341 118 748
244 13 946
13 244 946
95 370 471
370 95 471
10 242 165
242 10 165
50 311 485
311 50 485
34 257 604
257 34 604
386 53 515
53 386 515
339 17 353
17 339 353
63 349 366
349 63 366
94 364 645
364 94 645
136 292 55
292 136 55
279 149 181
149 279 181
15 252 332
252 15 332
399 264 649
264 399 649
32 145 564
145 32 564
266 383 698
383 266 698
34 142 384
142 34 384
325 224 355
224 325 355
62 12 112
12 62 112
72 69 169
69 72 169
275 266 590
266 275 590
9 133 77
133 9 77
396 45 724
45 396 724
164 19 796
19 164 796
202 64 743
64 202 743
181 188 173
188 181 173
333 224 168
224 333 168
152 275 537
275 152 537
141 22 365
22 141 365
295 276 294
276 295 294
301 245 700
245 301 700
379 207 791
207 379 791
258 257 350
257 258 350
349 66 991
66 349 991
67 249 711
249 67 711
168 324 757
324 168 757
153 219 312
219 153 312
16 194 354
194 16 354
159 18 523
18 159 523
138 207 416
207 138 416
107 117 996
117 107 996
333 289 5
289 333 5
252 327 649
327 252 649
369 35 109
35 369 109
155 198 662
198 155 662
135 334 610
334 135 610
384 238 525
238 384 525
129 26 705
26 129 705
150 183 172
183 150 172
324 121 812
121 324 812
356 111 118
111 356 118
344 52 492
52 344 492
173 83 692
83 173 692
184 17 598
17 184 598
155 31 682
31 155 682
59 350 234
350 59 234
257 340 564
340 257 564
19 213 876
213 19 876
185 50 26
50 185 26
384 6 899
6 384 899
35 207 622
207 35 622
78 224 448
224 78 448
243 382 414
382 243 414
74 358 601
358 74 601
62 214 175
214 62 175
120 240 54
240 120 54
324 235 659
235 324 659
265 260 342
260 265 342
282 151 894
151 282 894
186 392 491
392 186 491
233 125 275
125 233 275
151 281 564
281 151 564
326 244 484
244 326 484
74 87 235
87 74 235
178 221 163
221 178 163
176 161 851
161 176 851
63 186 70
186 63 70
101 401 402
401 101 402
240 207 569
207 240 569
201 74 493
74 201 493
206 129 303
129 206 303
285 189 831
189 285 831
351 188 674
188 351 674
296 7 140
7 296 140
3 205 203
205 3 203
404 290 882
290 404 882
260 250 716
250 260 716
271 238 502
238 271 502
370 127 109
127 370 109
364 205 355
205 364 355
213 239 893
239 213 893
338 388 5
388 338 5
104 152 509
152 104 509
37 373 230
373 37 230
246 302 363
302 246 363
185 311 93
311 185 93
19 138 587
138 19 587
371 147 756
147 371 756
17 287 881
287 17 881
86 168 237
168 86 237
102 42 760
42 102 760
350 208 675
208 350 675
248 366 289
366 248 289
395 72 132
72 395 132
198 343 410
343 198 410
162 66 889
66 162 889
18 206 671
206 18 671
45 84 647
84 45 647
366 13 284
13 366 284
366 172 785
172 366 785
94 370 289
370 94 289
95 346 925
346 95 925
145 343 456
343 145 456
333 402 955
402 333 955
251 153 191
153 251 191
255 228 234
228 255 234
129 164 393
164 129 393
159 133 525
133 159 525
242 240 848
240 242 848
177 160 691
160 177 691
1 103 318
103 1 318
59 282 322
282 59 322
136 382 1
382 136 1
201 18 324
18 201 324
244 152 840
152 244 840
266 47 589
47 266 589
298 392 416
392 298 416
201 258 205
258 201 205
20 96 182
96 20 182
339 87 816
87 339 816
135 291 239
291 135 239
305 246 391
246 305 391
144 132 132
132 144 132
41 10 620
10 41 620
42 218 758
218 42 758
391 28 868
28 391 868
197 105 918
105 197 918
165 393 68
393 165 68
200 193 948
193 200 948
282 152 950
152 282 950
393 287 486
287 393 486
197 191 215
191 197 215
287 269 42
269 287 42
56 142 29
142 56 29
252 227 720
227 252 720
17 268 693
268 17 693
81 396 137
396 81 137
376 35 94
35 376 94
237 125 731
125 237 731
125 108 24
108 125 24
139 285 635
285 139 635
387 8 139
8 387 139
264 224 586
224 264 586
8 355 206
355 8 206
341 185 512
185 341 512
343 205 108
205 343 108
139 157 127
157 139 127
185 203 481
203 185 481
390 81 560
81 390 560
255 113 426
113 255 426
348 194 80
194 348 80
240 29 343
29 240 343
282 81 254
81 282 254
280 208 793
208 280 793
34 229 457
229 34 457
15 404 565
404 15 565
260 269 793
269 260 793
272 374 439
374 272 439
104 31 488
31 104 488
157 285 233
285 157 233
120 386 368
386 120 368
119 372 613
372 119 613
134 215 700
215 134 700
235 109 307
109 235 307
136 400 689
400 136 689
54 330 158
330 54 158
239 356 342
356 239 342
165 322 784
322 165 784
25 159 694
159 25 694
109 34 508
34 109 508
381 6 400
6 381 400
47 236 970
236 47 970
387 255 908
255 387 908
394 117 849
117 394 849
105 109 741
109 105 741
96 254 531
254 96 531
352 321 871
321 352 871
327 359 155
359 327 155
196 360 632
360 196 632
22 303 584
303 22 584
60 363 451
363 60 451
290 251 499
251 290 499
10 173 569
173 10 569
150 279 0
279 150 0
305 156 137
156 305 137
251 284 895
284 251 895
90 335 229
335 90 229
78 382 111
382 78 111
57 35 435
35 57 435
326 196 293
196 326 293
117 255 505
255 117 505
382 381 167
381 382 167
5 250 863
250 5 863
69 316 448
316 69 448
308 320 679
320 308 679
173 25 68
25 173 68
289 160 772
160 289 772
314 241 159
241 314 159
244 133 724
133 244 724
178 323 913
323 178 913
17 369 47
369 17 47
358 260 212
260 358 212
235 73 599
73 235 599
58 297 421
297 58 421
178 196 4
196 178 4
318 141 543
141 318 543
384 278 316
278 384 316
264 64 550
64 264 550
317 397 619
397 317 619
150 22 770
22 150 770
48 334 429
334 48 429
56 57 368
57 56 368
37 293 762
293 37 762
294 94 827
94 294 827
88 183 991
183 88 991
291 265 884
265 291 884
174 17 157
17 174 157
391 223 112
223 391 112
342 272 285
272 342 285
160 287 393
287 160 393
158 151 949
151 158 949
255 152 843
152 255 843
170 74 958
74 170 958
253 305 158
305 253 158
77 331 598
331 77 598
116 372 64
372 116 64
365 346 445
346 365 445
355 304 746
304 355 746
229 41 444
41 229 444
375 7 958
7 375 958
62 394 145
394 62 145
275 379 722
379 275 722
266 14 32
14 266 32
82 108 270
108 82 270
395 41 352
41 395 352
145 84 630
84 145 630
98 300 762
300 98 762
352 330 346
330 352 346
4 209 14
209 4 14
322 302 839
302 322 839
294 98 883
98 294 883
223 67 140
67 223 140
402 107 628
107 402 628
340 21 978
21 340 978
297 86 69
86 297 69
237 336 106
336 237 106
105 71 881
71 105 881
3 113 496
113 3 496
383 105 860
105 383 860
248 374 355
374 248 355
338 250 856
250 338 856
243 288 181
288 243 181
44 303 984
303 44 984
206 1 206
1 206 206
161 135 763
135 161 763
320 310 161
310 320 161
142 52 996
52 142 996
310 199 872
199 310 872
42 93 476
93 42 476
122 113 283
113 122 283
340 7 794
7 340 794
298 197 85
197 298 85
78 96 315
96 78 315
313 248 972
248 313 972
299 383 86
383 299 86
72 48 299
48 72 299
314 321 281
321 314 281
115 174 567
174 115 567
227 203 91
203 227 91
393 103 544
103 393 544
207 218 607
218 207 607
133 299 178
299 133 178
399 104 643
104 399 643
191 222 715
222 191 715
274 290 23
290 274 23
246 98 865
98 246 865
142 19 891
19 142 891
78 122 324
122 78 324
199 119 294
119 199 294
47 380 725
380 47 725
169 139 529
139 169 529
114 223 611
223 114 611
180 236 397
236 180 397
85 263 596
263 85 596
147 31 973
31 147 973
122 249 501
249 122 501
203 243 125
243 203 125
371 84 173
84 371 173
105 163 236
163 105 236
313 401 392
401 313 392
275 88 83
88 275 83
212 107 844
107 212 844
254 113 983
113 254 983
320 48 914
48 320 914
292 344 538
344 292 538
73 68 539
68 73 539
14 228 288
228 14 288
142 148 441
148 142 441
18 135 959
135 18 959
296 166 726
166 296 726
187 69 207
69 187 207
169 100 226
100 169 226
176 70 148
70 176 148
137 209 256
209 137 256
64 337 185
337 64 185
282 52 427
52 282 427
313 112 249
112 313 249
86 205 131
205 86 131
277 50 762
50 277 762
14 187 792
187 14 792
309 243 759
243 309 759
358 52 471
52 358 471
297 42 63
42 297 63
34 6 390
6 34 390
29 214 217
214 29 217
304 144 538
144 304 538
22 125 129
125 22 129
235 249 11
249 235 11
218 111 984
111 218 984
190 251 763
251 190 763
306 403 690
403 306 690
39 73 996
73 39 996
402 78 405
78 402 405
223 20 78
20 223 78
53 112 600
112 53 600
251 40 214
40 251 214
75 394 874
394 75 874
385 123 828
123 385 828
99 139 456
139 99 456
169 403 727
403 169 727
198 394 677
394 198 677
62 140 641
140 62 641
185 30 13
30 185 13
363 289 359
289 363 359
259 366 375
366 259 375
332 66 657
66 332 657
360 31 136
31 360 136
294 346 826
346 294 826
192 42 623
42 192 623
9 255 484
255 9 484
176 120 142
120 176 142
157 399 960
399 157 960
357 67 357
67 357 357
98 238 389
238 98 389
306 143 410
143 306 410
155 66 305
66 155 305
90 57 578
57 90 578
16 109 441
109 16 441
93 74 526
74 93 526
6 185 143
185 6 143
376 57 921
57 376 921
249 198 933
198 249 933
151 354 487
354 151 487
311 223 443
223 311 443
176 186 928
186 176 928
49 365 53
365 49 53
297 315 198
315 297 198
149 80 707
80 149 707
101 51 206
51 101 206
376 125 876
125 376 876
149 197 845
197 149 845
93 55 632
55 93 632
89 78 369
78 89 369
335 142 9
142 335 9
90 361 16
361 90 16
358 161 938
161 358 938
6 286 985
286 6 985
16 244 842
244 16 842
228 247 371
247 228 371
162 235 596
235 162 596
13 248 118
248 13 118
357 229 786
229 357 786
89 48 608
48 89 608
249 108 361
108 249 361
247 224 891
224 247 891
395 279 326
279 395 326
55 390 508
390 55 508
361 100 626
100 361 626
170 29 417
29 170 417
3 349 963
349 3 963
152 389 55
389 152 55
191 10 32
10 191 32
326 354 663
354 326 663
141 103 87
103 141 87
85 286 339
286 85 339
196 331 948
331 196 948
177 109 731
109 177 731
156 255 994
255 156 994
188 77 672
77 188 672
190 373 497
373 190 497
208 161 934
161 208 934
67 230 917
230 67 917
326 19 469
19 326 469
271 257 919
257 271 919
83 174 265
174 83 265
205 370 414
370 205 414
161 203 431
203 161 431
110 257 622
257 110 622
85 94 129
94 85 129
388 361 832
361 388 832
319 70 115
70 319 115
378 387 114
387 378 114
137 190 986
190 137 986
208 234 702
234 208 702
315 154 701
154 315 701
269 202 268
202 269 268
39 380 113
380 39 113
270 69 521
69 270 521
200 71 8
71 200 8
392 161 15
161 392 15
350 188 909
188 350 909
54 175 394
175 54 394
380 208 907
208 380 907
337 122 647
122 337 647
114 121 719
121 114 719
308 384 593
384 308 593
398 147 49
147 398 49
323 73 936
73 323 936
291 47 613
47 291 613
248 1 135
1 248 135
205 150 720
150 205 720
332 175 414
175 332 414
46 180 760
180 46 760
272 352 148
352 272 148
340 113 659
113 340 659
224 265 978
265 224 978
50 253 590
253 50 590
24 102 274
102 24 274
31 283 412
283 31 412
382 246 885
246 382 885
270 163 536
163 270 536
319 198 71
198 319 71
111 91 291
91 111 291
377 387 144
387 377 144
394 151 137
151 394 137
314 210 6
210 314 6
40 299 857
299 40 857
168 67 592
67 168 592
241 328 88
328 241 88
5 224 259
224 5 259
403 67 698
67 403 698
372 24 548
24 372 548
365 121 82
121 365 82
77 320 392
320 77 392
350 148 555
148 350 555
346 209 436
209 346 436
136 36 928
36 136 928
160 63 659
63 160 659
1 123 320
123 1 320
289 367 146
367 289 146
377 383 393
383 377 393
326 240 118
240 326 118
7 99 536
99 7 536
142 240 309
240 142 309
171 7 890
7 171 890
325 401 411
401 325 411
170 355 761
355 170 761
318 165 477
165 318 477
174 402 237
402 174 237
350 103 38
103 350 38
20 395 800
395 20 800
38 239 811
239 38 811
174 404 255
404 174 255
217 19 486
19 217 486
129 17 445
17 129 445
94 177 249
177 94 249
46 229 531
229 46 531
151 339 997
339 151 997
392 58 367
58 392 367
392 38 184
38 392 184
311 142 497
142 311 497
106 57 936
57 106 936
85 197 830
197 85 830
354 298 241
298 354 241
182 401 760
401 182 760
20 402 699
402 20 699
380 20 164
20 380 164
305 394 756
394 305 756
346 8 950
8 346 950
166 304 712
304 166 712
102 382 899
382 102 899
277 106 218
106 277 218
337 243 465
243 337 465
295 140 845
140 295 845
110 89 626
89 110 626
284 77 592
77 284 592
96 266 581
266 96 581
118 349 147
349 118 147
174 256 400
256 174 400
329 17 390
17 329 390
399 283 261
283 399 261
104 200 601
200 104 601
5 329 613
329 5 613
268 295 648
295 268 648
168 232 249
232 168 249
63 394 262
394 63 262
204 89 549
89 204 549
369 45 610
45 369 610
314 272 491
272 314 491
334 139 185
139 334 185
140 366 619
366 140 619
169 45 821
45 169 821
253 178 508
178 253 508
323 234 399
234 323 399
108 174 206
174 108 206
162 175 322
175 162 322
150 358 44
358 150 44
381 10 851
10 381 851
226 250 469
250 226 469
218 237 513
237 218 513
102 360 498
360 102 498
85 122 868
122 85 868
222 153 957
153 222 957
357 155 394
155 357 394
385 314 913
314 385 913
330 245 163
245 330 163
53 26 629
26 53 629
211 205 448
205 211 448
286 199 920
199 286 920
393 208 383
208 393 383
160 307 91
307 160 91
20 218 997
218 20 997
297 349 93
349 297 93
151 130 875
130 151 875
8 252 525
252 8 525
67 192 836
192 67 836
376 338 922
338 376 922
116 16 20
16 116 20
32 70 97
70 32 97
315 37 93
37 315 93
265 308 726
308 265 726
113 387 913
387 113 913
217 335 543
335 217 543
28 61 302
61 28 302
257 55 604
55 257 604
147 188 133
188 147 133
152 223 507
223 152 507
70 179 148
179 70 148
276 56 277
56 276 277
334 397 139
397 334 139
303 175 997
175 303 997
254 28 891
28 254 891
265 130 359
130 265 359
216 8 491
8 216 491
225 11 773
11 225 773
40 230 83
230 40 83
211 357 632
357 211 632
127 61 810
61 127 810
363 195 225
195 363 225
132 63 843
63 132 843
224 40 591
40 224 591
90 389 428
389 90 428
113 168 496
168 113 496
216 32 515
32 216 515
355 160 685
160 355 685
312 186 324
186 312 324
7 284 236
284 7 236
362 98 751
98 362 751
373 90 724
90 373 724
109 154 358
154 109 358
278 108 361
108 278 361
216 265 992
265 216 992
92 288 292
288 92 292
209 308 67
308 209 67
312 324 116
324 312 116
170 49 97
49 170 97
35 188 732
188 35 732
128 63 432
63 128 432
126 192 549
192 126 549
267 394 810
394 267 810
193 247 70
247 193 70
74 120 997
120 74 997
96 324 524
324 96 524
163 402 853
402 163 853
159 276 739
276 159 739
395 204 128
204 395 128
387 45 729
45 387 729
352 58 155
58 352 155
182 383 312
383 182 312
56 43 528
43 56 528
394 217 425
217 394 425
323 25 208
25 323 208
308 235 99
235 308 99
200 172 124
172 200 124
151 222 477
222 151 477
398 119 171
119 398 171
290 115 238
115 290 238
104 351 612
351 104 612
194 175 71
175 194 71
199 283 538
283 199 538
28 288 503
288 28 503
368 381 946
381 368 946
154 174 133
174 154 133
10 267 563
267 10 563
231 105 654
105 231 654
233 266 615
266 233 615
306 396 934
396 306 934
258 222 819
222 258 819
18 91 645
91 18 645
238 70 29
70 238 29
280 402 787
402 280 787
70 0 718
0 70 718
384 383 998
383 384 998
28 120 220
120 28 220
136 117 217
117 136 217
404 63 242
63 404 242
81 18 93
18 81 93
10 39 855
39 10 855
362 30 401
30 362 401
353 195 737
195 353 737
7 370 304
370 7 304
110 253 629
253 110 629
68 23 379
23 68 379
72 165 669
165 72 669
253 206 881
206 253 881
141 207 943
207 141 943
88 51 496
51 88 496
92 63 529
63 92 529
196 65 756
65 196 756
307 168 118
168 307 118
185 232 327
232 185 327
117 20 77
20 117 77
189 381 205
381 189 205
399 105 714
105 399 714
202 49 743
49 202 743
195 194 404
194 195 404
356 63 451
63 356 451
19 102 644
102 19 644
78 377 539
377 78 539
109 238 501
238 109 501
280 377 599
377 280 599
134 345 439
345 134 439
74 40 216
40 74 216
41 112 142
112 41 142
284 200 433
200 284 433
390 261 306
261 390 306
241 24 586
24 241 586
121 117 375
117 121 375
354 107 103
107 354 103
302 124 532
124 302 532
32 275 881
275 32 881
45 117 823
117 45 823
265 235 476
235 265 476
126 195 599
195 126 599
149 167 575
167 149 575
324 226 243
226 324 243
331 54 695
54 331 695
277 325 798
325 277 798
136 257 977
257 136 977
23 362 955
362 23 955
349 251 13
251 349 13
147 63 723
63 147 723
140 90 785
90 140 785
63 98 994
98 63 994
377 53 830
53 377 830
342 233 181
233 342 181
99 33 286
33 99 286
351 230 637
230 351 637
25 231 798
231 25 798
223 143 429
143 223 429
32 243 76
243 32 76
285 184 60
184 285 60
227 210 260
210 227 260
98 175 399
175 98 399
294 399 668
399 294 668
104 283 794
283 104 794
253 342 738
342 253 738
63 14 893
14 63 893
215 60 463
60 215 463
355 111 783
111 355 783
237 341 592
341 237 592
136 199 132
199 136 132
45 67 732
67 45 732
58 182 546
182 58 546
214 42 305
42 214 305
351 43 664
43 351 664
270 230 242
230 270 242
354 258 924
258 354 924
319 138 86
138 319 86
17 168 460
168 17 460
337 304 989
304 337 989
384 203 53
203 384 53
400 350 789
350 400 789
274 123 636
123 274 636
387 202 479
202 387 479
335 58 761
58 335 761
35 267 164
267 35 164
404 26 109
26 404 109
304 243 263
243 304 263
28 372 901
372 28 901
18 74 527
74 18 527
148 12 623
12 148 623
23 142 973
142 23 973
89 44 15
44 89 15
224 255 267
255 224 267
243 313 881
313 243 881
83 361 31
361 83 31
191 286 330
286 191 330
165 211 942
211 165 942
381 67 420
67 381 420
213 396 126
396 213 126
169 366 779
366 169 779
52 18 452
18 52 452
89 388 857
388 89 857
162 347 869
347 162 869
191 207 373
207 191 373
378 33 89
33 378 89
250 184 134
184 250 134
338 48 972
48 338 972
187 357 395
357 187 395
182 346 243
346 182 243
244 98 738
98 244 738
338 341 58
341 338 58
90 399 615
399 90 615
27 176 285
176 27 285
365 68 571
68 365 571
318 225 345
225 318 345
197 63 1
63 197 1
201 255 771
255 201 771
268 184 867
184 268 867
28 251 383
251 28 383
318 336 472
336 318 472
126 46 175
46 126 175
403 1 15
1 403 15
125 132 109
132 125 109
353 20 212
20 353 212
37 64 117
64 37 117
66 198 308
198 66 308
201 125 557
125 201 557
56 102 758
102 56 758
156 124 943
124 156 943
129 382 168
382 129 168
43 166 169
166 43 169
391 44 171
44 391 171
120 369 851
369 120 851
336 337 574
337 336 574
194 130 983
130 194 983
54 154 317
154 54 317
293 82 786
82 293 786
287 224 262
224 287 262
15 395 235
395 15 235
133 326 608
326 133 608
29 205 857
205 29 857
17 137 435
137 17 435
91 246 603
246 91 603
341 238 239
238 341 239
386 227 525
227 386 525
122 364 643
364 122 643
53 195 478
195 53 478
158 316 925
316 158 925
31 402 279
402 31 279
350 226 190
226 350 190
2 299 658
299 2 658
294 5 485
5 294 485
165 70 964
70 165 964
167 274 691
274 167 691
14 358 104
358 14 104
128 315 529
315 128 529
254 159 974
159 254 974
357 238 339
238 357 339
209 62 33
62 209 33
281 73 913
73 281 913
25 120 376
120 25 376
146 28 580
28 146 580
334 99 502
99 334 502
12 8 89
8 12 89
211 136 710
136 211 710
110 181 414
181 110 414
183 61 212
61 183 212
397 256 23
256 397 23
64 401 734
401 64 734
153 239 756
239 153 756
389 28 631
28 389 631
399 269 887
269 399 887
298 85 459
85 298 459
369 4 718
4 369 718
386 328 39
328 386 39
235 227 388
227 235 388
384 73 390
73 384 390
248 326 712
326 248 712
394 91 789
91 394 789
76 92 496
92 76 496
172 181 0
181 172 0
349 359 650
359 349 650
102 222 496
222 102 496
333 1 690
1 333 690
266 306 731
306 266 731
94 3 739
3 94 739
140 176 480
176 140 480
199 65 311
65 199 311
85 378 661
378 85 661
387 27 354
27 387 354
261 202 449
202 261 449
120 286 67
286 120 67
117 152 339
152 117 339
76 324 24
324 76 24
295 255 159
255 295 159
254 23 898
23 254 898
101 350 101
350 101 101
193 10 32
10 193 32
206 362 183
362 206 183
111 119 532
119 111 532
225 191 691
191 225 691
266 390 296
390 266 296
9 120 318
120 9 318
249 261 163
261 249 163
346 112 917
112 346 917
33 78 119
78 33 119
364 192 289
192 364 289
192 138 309
138 192 309
308 290 600
290 308 600
26 67 778
67 26 778
242 99 61
99 242 61
269 49 728
49 269 728
234 160 952
160 234 952
81 196 316
196 81 316
199 0 386
0 199 386
99 202 41
202 99 41
32 368 377
368 32 377
404 234 316
234 404 316
296 197 33
197 296 33
295 305 159
305 295 159
327 50 481
50 327 481
362 218 599
218 362 599
114 358 970
358 114 970
153 340 138
340 153 138
125 19 726
19 125 726
317 161 795
161 317 795
78 41 206
41 78 206
154 59 443
59 154 443
218 314 484
314 218 484
316 272 513
272 316 513
325 50 552
50 325 552
125 188 875
188 125 875
5 315 870
315 5 870
371 123 133
123 371 133
218 331 518
331 218 518
383 315 900
315 383 900
181 169 96
169 181 96
315 194 917
194 315 917
5 262 936
262 5 936
299 340 715
340 299 715
336 46 401
46 336 401
212 104 579
104 212 579
44 368 156
368 44 156
10 260 870
260 10 870
198 221 752
221 198 752
386 171 517
171 386 517
84 358 8
358 84 8
197 40 697
40 197 697
139 323 668
323 139 668
188 137 118
137 188 118
278 276 495
276 278 495
259 11 282
11 259 282
126 114 893
114 126 893
392 89 939
89 392 939
361 280 832
280 361 832
190 299 204
299 190 204
400 351 513
351 400 513
302 168 647
168 302 647
237 232 194
232 237 194
270 41 632
41 270 632
110 127 248
127 110 248
171 1 787
1 171 787
125 373 793
373 125 793
214 250 365
250 214 365
290 98 339
98 290 339
76 244 34
244 76 34
57 341 549
341 57 549
230 198 818
198 230 818
257 75 762
75 257 762
142 15 81
15 142 81
245 362 426
362 245 426
404 319 694
319 404 694
26 152 671
152 26 671
198 243 183
243 198 183
31 65 948
65 31 948
187 196 116
196 187 116
27 23 204
23 27 204
97 335 607
335 97 607
36 175 292
175 36 292
44 225 43
225 44 43
223 275 818
275 223 818
375 257 337
257 375 337
89 260 239
260 89 239
252 199 838
199 252 838
28 290 658
290 28 658
64 292 878
292 64 878
300 81 896
81 300 896
46 8 460
8 46 460
342 177 984
177 342 984
245 227 373
227 245 373
41 298 810
298 41 810
130 85 372
85 130 372
137 346 890
346 137 890
152 52 697
52 152 697
192 270 824
270 192 824
398 20 910
20 398 910
400 304 782
304 400 782
140 48 682
48 140 682
109 183 766
183 109 766
302 73 775
73 302 775
308 322 157
322 308 157
225 256 390
256 225 390
43 195 737
195 43 737
384 398 219
398 384 219
31 328 717
328 31 717
257 58 2
58 257 2
176 398 189
398 176 189
107 333 256
333 107 256
193 9 262
9 193 262
215 326 431
326 215 431
232 216 745
216 232 745
202 281 475
281 202 475
343 237 619
237 343 619
77 149 258
149 77 258
52 386 384
386 52 384
161 4 23
4 161 23
228 326 526
326 228 526
103 115 432
115 103 432
108 150 671
150 108 671
394 175 739
175 394 739
356 294 424
294 356 424
219 121 974
121 219 974
61 321 830
321 61 830
337 275 504
275 337 504
225 159 971
159 225 971
144 280 562
280 144 562
18 187 455
187 18 455
219 192 720
192 219 720
157 143 189
143 157 189
3 271 25
271 3 25
375 69 215
69 375 215
212 266 68
266 212 68
160 338 169
338 160 169
70 375 464
375 70 464
349 113 956
113 349 956
23 77 866
77 23 866
120 44 158
44 120 158
278 248 978
248 278 978
31 281 349
281 31 349
45 187 740
187 45 740
374 319 45
319 374 45
189 123 270
123 189 270
244 144 665
144 244 665
327 338 314
338 327 314
131 29 143
29 131 143
168 328 956
328 168 956
311 267 45
267 311 45
337 278 482
278 337 482
19 345 536
345 19 536
273 114 643
114 273 643
391 116 138
116 391 138
116 223 82
223 116 82
176 69 942
69 176 942
131 25 934
25 131 934
65 32 337
32 65 337
125 154 639
154 125 639
307 129 313
129 307 313
361 212 594
212 361 594
38 87 789
87 38 789
404 361 772
361 404 772
157 260 414
260 157 414
196 60 93
60 196 93
21 26 966
26 21 966
372 13 685
13 372 685
22 324 148
324 22 148
256 0 780
0 256 780
202 349 789
349 202 789
381 142 73
142 381 73
188 391 329
391 188 329
344 145 819
145 344 819
403 239 251
239 403 251
226 242 999
242 226 999
113 369 348
369 113 348
160 23 158
23 160 158
338 200 600
200 338 600
10 43 746
43 10 746
173 312 89
312 173 89
78 77 167
77 78 167
108 69 678
69 108 678
370 41 115
41 370 115
194 232 777
232 194 777
96 286 341
286 96 341
53 197 193
197 53 193
8 362 309
362 8 309
91 137 173
137 91 173
250 257 486
257 250 486
104 397 730
397 104 730
187 223 918
223 187 918
313 33 52
33 313 52
194 158 91
158 194 91
308 133 496
133 308 496
303 285 723
285 303 723
285 296 943
296 285 943
339 100 647
100 339 647
343 148 622
148 343 622
351 92 83
92 351 83
231 277 102
277 231 102
288 190 921
190 288 921
176 148 923
148 176 923
89 79 463
79 89 463
167 26 782
26 167 782
268 331 178
331 268 178
354 148 267
148 354 267
193 322 844
322 193 844
15 121 216
121 15 216
98 105 836
105 98 836
94 366 691
366 94 691
276 186 889
186 276 889
8 368 339
368 8 339
35 202 816
202 35 816
70 80 828
80 70 828
180 114 357
114 180 357
312 228 231
228 312 231
76 317 128
317 76 128
269 359 101
359 269 101
189 241 230
241 189 230
343 299 137
299 343 137
42 56 560
56 42 560
77 239 603
239 77 603
98 208 923
208 98 923
29 303 899
303 29 899
230 319 303
319 230 303
51 165 700
165 51 700
165 87 278
87 165 278
279 66 561
66 279 561
45 129 319
129 45 319
120 312 112
312 120 112
47 186 542
186 47 542
262 340 627
340 262 627
116 46 755
46 116 755
8 324 891
324 8 891
85 173 622
173 85 622
268 152 338
152 268 338
302 105 739
105 302 739
195 337 998
337 195 998
247 208 825
208 247 825
114 197 86
197 114 86
340 51 872
51 340 872
188 269 892
269 188 892
129 180 328
180 129 328
37 259 198
259 37 198
94 328 691
328 94 691
47 86 235
86 47 235
150 193 916
193 150 916
380 189 978
189 380 978
395 362 974
362 395 974
79 233 694
233 79 694
17 85 214
85 17 214
308 211 40
211 308 40
376 195 228
195 376 228
58 404 907
404 58 907
272 195 11
195 272 11
393 333 794
333 393 794
42 328 592
328 42 592
270 131 953
131 270 953
70 173 768
173 70 768
263 234 795
234 263 795
184 239 536
239 184 536
73 353 828
353 73 828
26 35 890
35 26 890
179 43 810
