197 432 41
432 197 41
132 197 414
197 132 414
403 197 991
197 403 991
246 132 597
132 246 597
111 246 142
246 111 142
146 197 773
197 146 773
48 246 818
246 48 818
130 132 317
132 130 317
51 197 920
197 51 920
445 111 483
111 445 483
294 197 362
197 294 362
229 111 625
111 229 625
337 403 989
403 337 989
291 48 453
48 291 453
275 246 63
246 275 63
426 432 95
432 426 95
381 229 727
229 381 727
439 432 626
432 439 626
261 445 249
445 261 249
388 445 720
445 388 720
32 146 939
146 32 939
304 48 244
48 304 244
431 246 822
246 431 822
290 291 93
291 290 93
42 445 896
445 42 896
272 275 111
275 272 111
162 381 298
381 162 298
382 403 560
403 382 560
179 272 944
272 179 944
295 146 986
146 295 986
438 261 560
261 438 560
321 439 455
439 321 455
49 290 324
290 49 324
316 275 297
275 316 297
99 229 841
229 99 841
101 132 627
132 101 627
363 426 487
426 363 487
36 111 695
111 36 695
420 130 897
130 420 897
82 132 862
132 82 862
44 316 699
316 44 699
217 49 282
49 217 282
292 275 869
275 292 869
121 292 603
292 121 603
234 363 281
363 234 281
252 438 676
438 252 676
364 121 938
121 364 938
454 304 84
304 454 84
183 420 118
420 183 118
276 363 645
363 276 645
189 229 248
229 189 248
8 252 277
252 8 277
67 234 225
234 67 225
212 276 174
276 212 174
191 162 835
162 191 835
33 146 801
146 33 801
85 212 714
212 85 714
128 132 836
132 128 836
338 82 931
82 338 931
315 36 696
36 315 696
41 197 127
197 41 127
375 229 620
229 375 620
342 48 400
48 342 400
56 364 853
364 56 853
71 246 620
246 71 620
12 290 984
290 12 984
113 275 490
275 113 490
129 48 959
48 129 959
408 132 557
132 408 557
255 229 855
229 255 855
159 130 226
130 159 226
43 36 358
36 43 358
265 431 62
431 265 62
309 338 40
338 309 40
366 229 716
229 366 716
238 42 266
42 238 266
219 315 858
315 219 858
352 32 714
32 352 714
415 272 989
272 415 989
31 388 865
388 31 865
102 292 542
292 102 542
157 275 611
275 157 611
277 304 13
304 277 13
298 8 921
8 298 921
358 71 939
71 358 939
195 277 365
277 195 365
242 298 256
298 242 256
96 159 707
159 96 707
6 128 759
128 6 759
54 217 756
217 54 756
26 408 287
408 26 287
90 295 780
295 90 780
313 234 624
234 313 624
186 195 367
195 186 367
385 102 874
102 385 874
402 426 732
426 402 732
202 183 766
183 202 766
269 277 82
277 269 82
0 238 196
238 0 196
220 388 245
388 220 245
149 102 458
102 149 458
249 54 896
54 249 896
446 43 895
43 446 895
278 246 411
246 278 411
378 67 790
67 378 790
442 54 47
54 442 47
112 85 65
85 112 65
172 6 161
6 172 161
303 113 906
113 303 906
331 159 618
159 331 618
1 246 506
246 1 506
218 420 857
420 218 857
323 146 828
146 323 828
283 290 561
290 283 561
433 445 857
445 433 857
89 197 411
197 89 411
286 82 3
82 286 3
147 197 734
197 147 734
3 378 691
378 3 691
369 352 100
352 369 100
135 275 622
275 135 622
453 42 894
42 453 894
208 99 705
99 208 705
127 229 487
229 127 487
280 31 83
31 280 83
17 99 935
99 17 935
326 249 811
249 326 811
83 71 136
71 83 136
373 96 117
96 373 117
114 159 871
159 114 871
15 445 41
445 15 41
152 12 571
12 152 571
227 313 960
313 227 960
411 445 866
445 411 866
441 17 729
17 441 729
336 1 381
1 336 381
394 234 212
234 394 212
270 309 9
309 270 9
103 36 277
36 103 277
241 195 808
195 241 808
267 431 346
431 267 346
27 445 276
445 27 276
123 36 597
36 123 597
213 90 404
90 213 404
410 49 300
49 410 300
86 453 748
453 86 748
178 229 315
229 178 315
139 227 746
227 139 746
59 219 412
219 59 412
250 238 424
238 250 424
81 42 574
42 81 574
371 135 345
135 371 345
262 438 490
438 262 490
92 326 436
326 92 436
29 219 343
219 29 343
125 217 641
217 125 641
440 402 825
402 440 825
70 426 827
426 70 827
69 276 767
276 69 767
177 275 394
275 177 394
9 42 403
42 9 403
437 152 296
152 437 296
357 280 807
280 357 807
176 172 85
172 176 85
302 33 267
33 302 267
142 331 196
331 142 196
297 179 65
179 297 65
23 411 462
411 23 462
169 295 509
295 169 509
332 71 212
71 332 212
38 191 638
191 38 638
126 272 202
272 126 202
383 402 370
402 383 370
451 36 107
36 451 107
404 363 577
363 404 577
343 357 696
357 343 696
354 227 507
227 354 507
268 326 510
326 268 510
173 270 624
270 173 624
190 132 348
132 190 348
266 157 36
157 266 36
447 363 895
363 447 895
221 92 802
92 221 802
138 202 596
202 138 596
251 221 723
221 251 723
405 426 819
426 405 819
75 152 889
152 75 889
37 426 230
426 37 230
117 445 307
445 117 307
14 283 338
283 14 338
151 36 889
36 151 889
406 385 517
385 406 517
344 441 514
441 344 514
34 86 92
86 34 92
74 151 436
151 74 436
193 309 548
309 193 548
377 208 865
208 377 865
351 29 600
29 351 600
214 111 672
111 214 672
400 432 758
432 400 758
88 219 519
219 88 519
259 71 340
71 259 340
30 17 880
17 30 880
133 219 791
219 133 791
198 269 829
269 198 829
185 275 167
275 185 167
310 321 244
321 310 244
144 405 849
405 144 849
165 291 964
291 165 964
19 208 427
208 19 427
73 280 911
280 73 911
416 92 734
92 416 734
47 126 715
126 47 715
79 310 361
310 79 361
209 51 626
51 209 626
235 269 469
269 235 469
24 42 482
42 24 482
387 36 20
36 387 20
18 262 632
262 18 632
76 9 331
9 76 331
62 173 562
173 62 562
333 96 199
96 333 199
205 400 795
400 205 795
395 280 113
280 395 113
444 275 624
275 444 624
359 3 629
3 359 629
327 195 666
195 327 666
72 451 730
451 72 730
325 366 807
366 325 807
434 321 981
321 434 981
210 133 300
133 210 300
390 205 980
205 390 980
356 310 124
310 356 124
279 76 804
76 279 804
109 51 800
51 109 800
216 323 380
323 216 380
401 454 466
454 401 466
199 259 647
259 199 647
52 294 923
294 52 923
22 127 261
127 22 261
13 227 682
227 13 682
317 86 896
86 317 896
136 128 95
128 136 95
424 165 905
165 424 905
348 214 514
214 348 514
389 411 430
411 389 430
287 352 968
352 287 968
78 363 436
363 78 436
320 172 945
172 320 945
60 52 107
52 60 107
240 426 101
426 240 101
243 351 159
351 243 159
421 424 31
424 421 31
258 331 702
331 258 702
244 48 508
48 244 508
194 373 80
373 194 80
211 101 124
101 211 124
222 275 353
275 222 353
207 26 10
26 207 10
150 75 72
75 150 72
361 265 212
265 361 212
2 278 674
278 2 674
412 342 765
342 412 765
5 250 377
250 5 377
422 229 955
229 422 955
370 3 879
3 370 879
104 385 464
385 104 464
87 424 352
424 87 352
443 152 133
152 443 133
25 442 370
442 25 370
224 317 983
317 224 983
187 81 959
81 187 959
350 297 188
297 350 188
379 44 105
44 379 105
341 440 160
440 341 160
248 366 968
366 248 968
98 283 323
283 98 323
334 127 242
127 334 242
137 59 381
59 137 381
285 431 881
431 285 881
105 445 403
445 105 403
63 363 135
363 63 135
293 262 563
262 293 563
289 43 605
43 289 605
300 371 652
371 300 652
245 292 254
292 245 254
312 117 652
117 312 652
372 179 385
179 372 385
288 246 427
246 288 427
228 444 208
444 228 208
263 250 975
250 263 975
340 252 973
252 340 973
143 191 283
191 143 283
94 300 620
300 94 620
120 72 950
72 120 950
305 186 786
186 305 786
318 62 178
62 318 178
180 390 348
390 180 348
396 43 363
43 396 363
353 121 494
121 353 494
160 250 1
250 160 1
346 216 7
216 346 7
166 371 117
371 166 117
231 137 623
137 231 623
122 24 723
24 122 723
376 364 694
364 376 694
398 147 556
147 398 556
322 123 647
123 322 647
20 41 276
41 20 276
45 432 262
432 45 262
324 443 911
443 324 911
328 327 104
327 328 104
200 266 290
266 200 290
163 231 87
231 163 87
40 101 811
101 40 811
223 125 546
125 223 546
284 315 542
315 284 542
203 277 69
277 203 69
367 139 289
139 367 289
450 129 587
129 450 587
452 112 544
112 452 544
97 19 978
19 97 978
362 27 299
27 362 299
399 14 581
14 399 581
124 31 126
31 124 126
110 74 410
74 110 410
425 159 573
159 425 573
301 262 362
262 301 362
274 317 760
317 274 760
181 1 488
1 181 488
225 194 325
194 225 325
230 295 454
295 230 454
145 265 763
265 145 763
233 272 908
272 233 908
306 331 26
331 306 26
164 13 400
13 164 400
430 111 866
111 430 866
254 316 703
316 254 703
428 44 702
44 428 702
380 259 6
259 380 6
168 32 118
32 168 118
314 197 276
197 314 276
449 425 716
425 449 716
141 89 144
89 141 144
397 143 294
143 397 294
93 67 444
67 93 444
232 169 393
169 232 393
80 169 431
169 80 431
349 333 151
333 349 151
236 366 536
366 236 536
158 12 213
12 158 213
95 327 357
327 95 357
448 214 437
214 448 437
264 214 747
214 264 747
116 220 449
220 116 449
108 353 727
353 108 727
28 351 34
351 28 34
134 399 86
399 134 86
106 405 58
405 106 58
392 93 177
93 392 177
148 328 304
328 148 304
386 121 721
121 386 721
319 410 789
410 319 789
204 19 469
19 204 469
35 362 713
362 35 713
339 380 979
380 339 979
423 285 952
285 423 952
273 318 465
318 273 465
329 114 721
114 329 721
308 331 345
331 308 345
170 32 44
32 170 44
39 277 358
277 39 358
4 139 670
139 4 670
7 159 65
159 7 65
299 80 227
80 299 227
435 30 571
30 435 571
156 390 197
390 156 197
239 324 104
324 239 104
61 357 330
357 61 330
414 356 914
356 414 914
237 114 29
114 237 29
413 304 194
304 413 194
281 44 214
44 281 214
419 354 192
354 419 192
154 83 688
83 154 688
215 69 529
69 215 529
330 114 493
114 330 493
271 204 245
204 271 245
50 125 956
125 50 956
64 246 471
246 64 471
436 308 448
308 436 448
21 73 505
73 21 505
184 444 120
444 184 120
55 44 246
44 55 246
58 436 157
436 58 157
182 303 451
303 182 451
307 420 837
420 307 837
192 245 772
245 192 772
418 88 40
88 418 40
91 326 501
326 91 501
118 71 860
71 118 860
153 190 327
190 153 327
226 212 570
212 226 570
161 328 554
328 161 554
107 204 303
204 107 303
257 412 619
412 257 619
282 379 649
379 282 649
155 103 237
103 155 237
11 315 629
315 11 629
66 96 750
96 66 750
296 326 223
326 296 223
188 435 675
435 188 675
10 61 548
61 10 548
374 18 879
18 374 879
57 375 393
375 57 393
201 315 994
315 201 994
427 221 235
221 427 235
409 254 288
254 409 288
174 239 851
239 174 851
196 49 530
49 196 530
260 397 335
397 260 335
175 151 643
151 175 643
417 86 596
86 417 596
77 255 829
255 77 829
16 293 516
293 16 516
167 75 599
75 167 599
360 229 831
229 360 831
84 259 158
259 84 158
115 361 78
361 115 78
100 436 211
436 100 211
347 263 785
263 347 785
429 303 240
303 429 240
119 427 239
427 119 239
335 190 623
190 335 623
393 113 644
113 393 644
368 191 630
191 368 630
46 443 610
443 46 610
345 60 466
60 345 466
256 146 981
146 256 981
131 289 668
289 131 668
68 254 900
254 68 900
311 374 976
374 311 976
407 389 559
389 407 559
247 392 868
392 247 868
65 152 140
152 65 140
365 392 195
392 365 195
355 153 298
153 355 298
206 295 213
295 206 213
53 9 743
9 53 743
171 404 883
404 171 883
391 314 743
314 391 743
384 164 231
164 384 231
253 343 687
343 253 687
140 125 17
125 140 17
447 143 552
143 447 552
179 7 645
7 179 645
219 190 22
190 219 22
240 452 62
452 240 62
229 208 46
208 229 46
146 433 968
433 146 968
233 297 68
297 233 68
196 438 353
438 196 353
428 235 139
235 428 139
331 325 445
325 331 445
43 221 319
221 43 319
54 230 336
230 54 336
39 153 765
153 39 765
165 74 9
74 165 9
165 441 546
441 165 546
187 296 753
296 187 753
158 392 473
392 158 473
271 32 578
32 271 578
375 165 976
165 375 976
214 242 3
242 214 3
194 255 636
255 194 636
247 254 526
254 247 526
100 299 716
299 100 716
366 82 337
82 366 337
135 100 848
100 135 848
196 54 252
54 196 252
294 188 917
188 294 917
195 414 806
414 195 806
115 236 574
236 115 574
195 423 80
423 195 80
387 311 612
311 387 612
67 284 643
284 67 643
279 319 153
319 279 153
163 322 41
322 163 41
373 451 825
451 373 825
156 299 385
299 156 385
337 450 954
450 337 954
439 258 91
258 439 91
221 59 687
59 221 687
219 279 241
279 219 241
207 447 166
447 207 166
435 154 414
154 435 414
126 270 822
270 126 822
243 88 15
88 243 15
69 224 922
224 69 922
178 105 480
105 178 480
381 58 544
58 381 544
340 63 268
63 340 268
158 261 466
261 158 466
259 329 122
329 259 122
185 354 507
354 185 507
272 445 279
445 272 279
239 381 260
381 239 260
80 318 719
318 80 719
307 139 702
139 307 702
64 442 780
442 64 780
25 5 348
5 25 348
377 360 995
360 377 995
83 442 118
442 83 118
288 23 824
23 288 824
127 353 690
353 127 690
273 187 697
187 273 697
206 190 166
190 206 166
247 352 338
352 247 338
119 413 839
413 119 839
246 396 835
396 246 835
272 288 159
288 272 159
343 251 298
251 343 298
450 250 330
250 450 330
421 91 413
91 421 413
398 76 174
76 398 174
432 226 144
226 432 144
263 304 452
304 263 452
56 451 951
451 56 951
246 329 491
329 246 491
380 174 678
174 380 678
192 15 765
15 192 765
200 402 71
402 200 71
105 24 285
24 105 285
16 6 542
6 16 542
195 321 674
321 195 674
425 31 593
31 425 593
33 222 647
222 33 647
282 334 619
334 282 619
193 215 445
215 193 445
336 69 291
69 336 291
146 18 797
18 146 797
174 423 287
423 174 287
152 341 539
341 152 539
293 437 350
437 293 350
202 148 801
148 202 801
62 107 145
107 62 145
429 403 768
403 429 768
361 415 803
415 361 803
254 106 945
106 254 945
91 372 393
372 91 393
138 401 972
401 138 972
439 312 934
312 439 934
19 124 628
124 19 628
155 296 778
296 155 778
89 130 370
130 89 370
25 102 696
102 25 696
0 362 362
362 0 362
452 134 508
134 452 508
51 7 752
7 51 752
326 340 913
340 326 913
208 241 189
241 208 189
271 209 79
209 271 79
143 325 242
325 143 242
414 35 460
35 414 460
311 150 916
150 311 916
10 374 721
374 10 721
189 402 168
402 189 168
444 49 950
49 444 950
387 399 404
399 387 404
103 373 447
373 103 447
391 330 792
330 391 792
447 328 335
328 447 335
252 440 30
440 252 30
243 111 780
111 243 780
83 446 780
446 83 780
30 377 446
377 30 446
307 124 640
124 307 640
141 214 713
214 141 713
171 260 39
260 171 39
180 199 363
199 180 363
77 263 129
263 77 129
372 319 285
319 372 285
297 196 24
196 297 24
30 317 943
317 30 943
104 408 42
408 104 42
44 288 885
288 44 885
354 138 4
138 354 4
99 202 734
202 99 734
33 449 553
449 33 553
13 304 322
304 13 322
100 429 977
429 100 977
229 9 402
9 229 402
56 436 650
436 56 650
241 144 686
144 241 686
43 231 151
231 43 151
185 407 313
407 185 313
361 295 166
295 361 166
56 129 932
129 56 932
389 148 657
148 389 657
339 436 740
436 339 740
431 4 843
4 431 843
370 304 843
304 370 843
289 448 762
448 289 762
28 362 396
362 28 396
90 343 819
343 90 819
396 201 84
201 396 84
44 245 178
245 44 178
201 441 206
441 201 206
11 227 335
227 11 335
134 386 259
386 134 259
91 152 529
152 91 529
356 415 774
415 356 774
325 63 156
63 325 156
261 362 599
362 261 599
54 301 524
301 54 524
381 330 323
330 381 323
409 101 197
101 409 197
225 107 467
107 225 467
328 453 831
453 328 831
279 104 163
104 279 163
319 332 934
332 319 934
306 408 487
408 306 487
58 289 58
289 58 58
334 217 840
217 334 840
422 404 2
404 422 2
201 182 81
182 201 81
67 387 622
387 67 622
190 263 462
263 190 462
38 167 387
167 38 387
2 251 861
251 2 861
68 124 121
124 68 121
408 437 947
437 408 947
294 313 751
313 294 751
56 51 345
51 56 345
253 324 197
324 253 197
304 73 660
73 304 660
438 28 318
28 438 318
282 214 933
214 282 933
272 398 785
398 272 785
257 204 172
204 257 172
221 360 949
360 221 949
420 165 55
165 420 55
444 266 618
266 444 618
284 330 261
330 284 261
141 70 576
70 141 576
335 296 464
296 335 464
73 90 31
90 73 31
390 66 270
66 390 270
202 351 65
351 202 65
221 183 126
183 221 126
337 173 21
173 337 21
54 185 630
185 54 630
448 233 918
233 448 918
146 302 467
302 146 467
161 293 763
293 161 763
365 116 507
116 365 507
136 44 878
44 136 878
272 379 882
379 272 882
198 161 802
161 198 802
256 411 28
411 256 28
225 5 98
5 225 98
84 417 82
417 84 82
332 221 978
221 332 978
276 13 991
13 276 991
426 352 930
352 426 930
5 450 824
450 5 824
86 439 0
439 86 0
406 126 160
126 406 160
285 108 150
108 285 150
157 6 798
6 157 798
102 425 696
425 102 696
127 53 956
53 127 956
367 23 968
23 367 968
229 287 981
287 229 981
140 450 694
450 140 694
30 304 231
304 30 231
208 124 288
124 208 288
23 242 989
242 23 989
135 190 231
190 135 231
277 53 430
53 277 430
401 405 897
405 401 897
288 255 395
255 288 395
288 55 13
55 288 13
277 180 5
180 277 5
158 214 735
214 158 735
66 238 19
238 66 19
229 260 331
260 229 331
361 197 39
197 361 39
290 307 947
307 290 947
85 143 626
143 85 626
366 192 156
192 366 156
141 153 388
153 141 388
226 337 428
337 226 428
205 228 935
228 205 935
158 332 728
332 158 728
17 255 372
255 17 372
361 331 546
331 361 546
133 363 132
363 133 132
144 288 674
288 144 674
173 183 441
183 173 441
205 280 482
280 205 482
74 433 938
433 74 938
259 453 660
453 259 660
389 30 942
30 389 942
318 99 855
99 318 855
373 267 906
267 373 906
443 14 555
14 443 555
294 20 626
20 294 626
418 317 897
317 418 897
135 267 41
267 135 41
328 176 888
176 328 888
155 400 987
400 155 987
450 212 547
212 450 547
53 368 49
368 53 49
265 35 401
35 265 401
337 184 431
184 337 431
7 65 999
65 7 999
88 62 946
62 88 946
67 35 471
35 67 471
20 216 165
216 20 165
195 451 485
451 195 485
19 102 604
102 19 604
311 410 780
410 311 780
211 85 955
85 211 955
37 343 146
343 37 146
452 221 784
221 452 784
317 97 531
97 317 531
154 162 200
162 154 200
53 15 181
15 53 181
308 180 332
180 308 332
81 34 649
34 81 649
32 59 564
59 32 564
76 381 698
381 76 698
19 394 384
394 19 384
39 442 355
442 39 355
129 113 112
113 129 112
200 447 169
447 200 169
275 76 590
76 275 590
30 401 77
401 30 77
301 319 724
319 301 724
80 420 796
420 80 796
24 334 743
334 24 743
293 255 173
255 293 173
352 442 168
442 352 168
89 275 537
275 89 537
408 174 504
174 408 504
447 391 638
391 447 638
435 178 733
178 435 733
257 38 700
38 257 700
315 66 985
66 315 985
46 115 418
115 46 418
58 68 268
68 58 268
102 404 643
404 102 643
194 169 545
169 194 545
116 309 934
309 116 934
406 239 761
239 406 761
289 125 240
125 289 240
171 344 354
344 171 354
214 13 523
13 214 523
125 165 416
165 125 416
201 276 699
276 201 699
352 366 5
366 352 5
180 231 649
231 180 649
392 391 529
391 392 529
212 108 797
108 212 797
225 28 209
28 225 209
122 274 617
274 122 617
2 33 273
33 2 273
95 7 629
7 95 629
195 406 87
406 195 87
257 439 10
439 257 10
338 251 836
251 338 836
329 389 325
389 329 325
191 93 463
93 191 463
37 396 713
396 37 713
373 168 498
168 373 498
57 307 234
307 57 234
102 312 564
312 102 564
417 420 799
420 417 799
345 150 942
150 345 942
253 195 26
195 253 26
417 274 869
274 417 869
358 53 529
53 358 529
165 324 676
324 165 676
442 395 725
395 442 725
236 310 270
310 236 270
445 353 137
353 445 137
351 242 906
242 351 906
444 288 54
288 444 54
406 66 88
66 406 88
274 160 414
160 274 414
38 3 518
3 38 518
355 356 40
356 355 40
348 284 104
284 348 104
394 167 519
167 394 519
240 63 660
63 240 660
88 317 271
317 88 271
90 286 553
286 90 553
405 102 309
102 405 309
368 324 851
324 368 851
265 356 70
356 265 70
99 424 402
424 99 402
288 165 569
165 288 569
364 441 493
441 364 493
286 427 113
427 286 113
81 43 368
43 81 368
57 454 141
454 57 141
430 311 58
311 430 58
260 380 140
380 260 140
353 245 203
245 353 203
403 426 882
426 403 882
310 300 716
300 310 716
215 322 502
322 215 502
35 448 109
448 35 109
317 245 355
245 317 355
355 418 351
418 355 351
365 183 702
183 365 702
132 208 232
208 132 232
258 115 318
115 258 318
241 433 9
433 241 9
421 266 969
266 421 969
150 451 93
451 150 93
420 125 587
125 420 587
235 433 756
433 235 756
37 74 881
74 37 881
271 309 237
309 271 237
178 249 760
249 178 760
307 389 675
389 307 675
171 91 367
91 171 367
213 193 627
193 213 627
12 16 797
16 12 797
41 198 363
198 41 363
194 247 482
247 194 482
286 306 726
306 286 726
151 362 937
362 151 937
221 62 284
62 221 284
221 198 785
198 221 785
21 35 289
35 21 289
407 67 491
67 407 491
59 41 456
41 59 456
352 343 955
343 352 955
127 414 191
414 127 191
383 244 234
244 383 234
33 80 393
80 33 393
214 401 525
401 214 525
216 288 848
288 216 848
223 218 691
218 223 691
133 211 318
211 133 318
320 3 322
3 320 322
422 236 1
236 422 1
364 13 324
13 364 324
88 89 840
89 88 840
76 290 589
290 76 589
55 388 416
388 55 416
364 411 205
411 364 205
170 297 182
297 170 182
85 90 816
90 85 816
28 405 28
405 28 28
3 304 8
304 3 8
74 350 4
350 74 4
12 338 841
338 12 841
20 45 957
45 20 957
249 44 758
44 249 758
199 149 868
149 199 868
432 370 918
370 432 918
203 119 425
119 203 425
316 379 181
379 316 181
3 89 950
89 3 950
416 74 486
74 416 486
10 432 446
432 10 446
112 74 999
74 112 999
436 32 630
32 436 630
394 291 596
291 394 596
354 392 376
392 354 376
417 126 693
126 417 693
390 301 137
301 390 137
122 5 94
5 122 94
83 8 731
8 83 731
8 103 24
103 8 24
264 43 635
43 264 635
58 430 139
430 58 139
34 442 586
442 34 586
430 357 206
357 430 206
209 150 512
150 209 512
41 245 108
245 41 108
264 136 127
136 264 127
150 325 481
325 150 481
26 390 560
390 26 560
383 71 426
71 383 426
114 344 80
344 114 80
288 222 343
222 288 343
174 196 883
196 174 883
3 390 254
390 3 254
173 389 793
389 173 793
19 229 457
229 19 457
308 140 6
140 308 6
63 310 981
310 63 981
436 182 456
182 436 456
283 18 246
18 283 246
373 424 486
424 373 486
43 89 451
89 43 451
410 138 668
138 410 668
78 376 954
376 78 954
238 16 534
16 238 534
236 121 192
121 236 192
262 422 646
422 262 646
141 375 968
375 141 968
295 415 351
415 295 351
439 38 890
38 439 890
203 188 164
188 203 164
21 52 399
52 21 399
232 402 421
402 232 421
258 269 171
269 258 171
400 290 805
290 400 805
66 58 984
58 66 984
383 140 778
140 383 778
349 77 533
77 349 533
402 308 335
308 402 335
313 422 945
422 313 945
98 204 871
204 98 871
231 333 155
333 231 155
399 95 632
95 399 632
243 428 584
428 243 584
303 376 451
376 303 451
426 127 499
127 426 499
20 347 325
347 20 325
289 7 201
7 289 201
432 304 63
304 432 63
129 127 453
127 129 453
355 397 624
397 355 624
283 254 700
254 283 700
191 68 988
68 191 988
330 5 435
5 330 435
181 399 293
399 181 293
253 349 346
349 253 346
243 236 196
236 243 196
277 14 570
14 277 570
347 447 734
447 347 734
395 400 449
400 395 449
428 437 866
437 428 866
52 316 150
316 52 150
218 215 116
215 218 116
419 415 976
415 419 976
88 401 724
401 88 724
248 112 913
112 248 913
37 392 47
392 37 47
445 310 212
310 445 212
121 46 422
46 121 422
396 263 894
263 396 894
161 19 553
19 161 553
112 399 4
399 112 4
314 408 543
408 314 543
274 60 316
60 274 316
34 334 550
334 34 550
49 82 619
82 49 619
7 243 770
243 7 770
48 278 429
278 48 429
40 330 368
330 40 368
69 217 762
217 69 762
294 21 827
21 294 827
453 163 991
163 453 991
407 291 602
291 407 602
311 2 376
2 311 376
352 199 264
199 352 264
33 166 457
166 33 457
27 53 858
53 27 858
218 74 393
74 218 393
237 207 949
207 237 949
383 89 843
89 383 843
346 441 958
441 346 958
234 304 158
304 234 158
9 450 598
450 9 598
372 78 64
78 372 64
443 348 445
348 443 445
357 377 746
377 357 746
365 229 119
229 365 119
333 45 680
45 333 680
129 50 145
50 129 145
253 275 121
275 253 121
148 76 253
76 148 253
426 97 278
97 426 278
441 193 118
193 441 118
343 59 382
59 343 382
40 296 652
296 40 652
202 237 844
237 202 844
98 295 346
295 98 346
412 63 14
63 412 14
157 421 839
421 157 839
294 110 883
110 294 883
152 169 140
169 152 140
343 276 628
276 343 628
312 47 978
47 312 978
161 271 69
271 161 69
83 340 106
340 83 106
370 36 881
36 370 881
353 71 496
71 353 496
381 370 860
370 381 860
91 283 355
283 91 355
183 300 856
300 183 856
386 1 181
1 386 181
116 428 984
428 116 984
286 133 206
133 286 206
324 28 763
28 324 763
395 268 161
268 395 161
394 329 996
329 394 996
268 285 872
285 268 872
249 331 476
331 249 476
77 177 131
177 77 131
267 312 680
312 267 680
307 55 0
55 307 0
217 254 838
254 217 838
297 440 893
440 297 893
148 91 972
91 148 972
302 381 86
381 302 86
200 48 299
48 200 299
296 128 170
128 296 170
204 241 206
241 204 206
2 293 354
293 2 354
311 325 91
325 311 91
416 211 544
211 416 544
16 165 125
165 16 125
44 166 474
166 44 474
302 6 303
6 302 303
208 452 447
452 208 447
141 28 293
28 141 293
426 294 855
294 426 855
246 110 865
110 246 865
394 420 891
420 394 891
254 177 324
177 254 324
285 233 294
233 285 294
290 118 725
118 290 725
326 335 909
335 326 909
264 5 143
5 264 143
152 122 57
122 152 57
153 351 428
351 153 428
123 180 230
180 123 230
373 177 932
177 373 932
10 187 501
187 10 501
325 386 125
386 325 125
235 151 173
151 235 173
370 272 236
272 370 236
148 10 488
10 148 488
193 275 244
275 193 244
44 440 100
440 44 100
175 313 925
313 175 925
71 395 15
395 71 15
154 251 538
251 154 538
73 342 539
342 73 539
17 244 288
244 17 288
394 185 441
185 394 441
13 28 959
28 13 959
179 298 726
298 179 726
140 46 536
46 140 536
447 446 255
446 447 255
219 323 818
323 219 818
92 226 148
226 92 148
385 63 256
63 385 256
334 337 185
337 334 185
3 311 840
311 3 840
329 47 947
47 329 947
384 148 966
148 384 966
31 127 776
127 31 776
245 71 902
71 245 902
167 318 697
318 167 697
195 237 253
237 195 253
87 182 306
182 87 306
155 247 876
247 155 876
282 386 759
386 282 759
445 329 471
329 445 471
161 119 204
119 161 204
438 19 171
19 438 171
74 222 397
222 74 397
172 377 546
377 172 546
443 243 105
243 443 105
56 345 88
345 56 88
187 111 920
111 187 920
175 44 10
44 175 10
413 127 763
127 413 763
259 434 690
434 259 690
267 73 996
73 267 996
343 254 405
254 343 405
152 170 78
170 152 78
64 31 600
31 64 600
127 61 214
61 127 214
256 431 779
431 256 779
46 162 523
162 46 523
374 316 709
316 374 709
72 326 461
326 72 461
319 192 918
192 319 918
50 254 137
254 50 137
398 450 901
450 398 901
150 139 13
139 150 13
376 366 359
366 376 359
168 221 375
221 168 375
77 371 513
371 77 513
301 95 259
95 301 259
129 294 490
294 129 490
10 299 957
299 10 957
167 46 204
46 167 204
324 30 347
30 324 347
317 92 450
92 317 450
159 136 838
136 159 838
81 374 717
374 81 717
169 268 873
268 169 873
110 322 389
322 110 389
259 305 410
305 259 410
108 194 305
194 108 305
397 427 775
427 397 775
288 347 240
347 288 240
402 76 221
76 402 221
441 412 171
412 441 171
150 159 827
159 150 827
122 330 921
330 122 921
187 192 933
192 187 933
207 84 846
84 207 846
225 136 939
136 225 939
451 152 443
152 451 443
92 356 928
356 92 928
145 443 53
443 145 53
161 4 198
4 161 198
15 279 707
279 15 707
99 51 206
51 99 206
122 8 876
8 122 876
15 257 965
257 15 965
432 175 894
175 432 894
331 186 632
186 331 632
96 254 369
254 96 369
328 57 274
57 328 274
246 397 672
397 246 672
130 445 622
445 130 622
358 16 891
16 358 891
70 196 241
196 70 241
88 260 511
260 88 511
239 251 878
251 239 878
266 121 596
121 266 596
62 91 118
91 62 118
134 229 786
229 134 786
96 48 608
48 96 608
187 103 361
103 187 361
239 442 891
442 239 891
193 220 326
220 193 326
186 282 183
282 186 183
258 164 154
164 258 154
200 346 517
346 200 517
144 353 642
353 144 642
131 89 927
89 131 927
197 162 446
162 197 446
20 426 661
426 20 661
225 408 514
408 225 514
292 79 317
79 292 317
169 399 938
399 169 938
450 417 633
417 450 633
402 35 62
35 402 62
383 255 323
255 383 323
164 413 280
413 164 280
78 389 623
389 78 623
169 270 917
270 169 917
181 420 469
420 181 469
296 215 163
215 296 163
191 2 265
2 191 265
245 35 414
35 245 414
324 325 431
325 324 431
449 102 622
102 449 622
79 21 129
21 79 129
158 164 832
164 158 832
182 226 115
226 182 115
396 58 114
58 396 114
115 385 764
385 115 764
389 250 702
250 389 702
4 189 701
189 4 701
436 24 268
24 436 268
267 118 113
118 267 113
124 447 521
447 124 521
175 379 821
379 175 821
36 246 41
246 36 41
324 48 997
48 324 997
307 255 909
255 307 909
375 144 394
144 375 394
118 389 907
389 118 907
337 177 647
177 337 647
174 159 87
159 174 87
106 400 659
400 106 659
305 281 230
281 305 230
290 112 422
112 290 422
291 376 800
376 291 800
133 113 573
113 133 573
7 392 304
392 7 304
144 310 913
310 144 913
167 137 56
137 167 56
414 84 456
84 414 456
53 98 148
98 53 148
312 71 659
71 312 659
442 160 978
160 442 978
195 16 91
16 195 91
120 22 294
22 120 294
394 373 216
373 394 216
185 236 9
236 185 9
311 124 882
124 311 882
272 87 792
87 272 792
192 99 897
99 192 897
111 425 291
425 111 291
415 58 144
58 415 144
167 50 519
50 167 519
129 128 976
128 129 976
332 403 758
403 332 758
196 302 857
302 196 857
309 169 592
169 309 592
419 321 88
321 419 88
14 442 259
442 14 259
434 169 698
169 434 698
78 22 548
22 78 548
443 292 82
292 443 82
9 395 392
395 9 392
307 185 555
185 307 555
348 63 436
63 348 436
422 363 928
363 422 928
218 265 659
265 218 659
133 77 895
77 133 895
361 177 151
177 361 151
171 101 146
101 171 146
415 381 393
381 415 393
181 288 118
288 181 118
380 316 536
316 380 536
394 288 309
288 394 309
190 380 890
380 190 890
39 424 411
424 39 411
346 427 326
427 346 326
414 314 926
314 414 926
203 199 524
199 203 524
343 147 795
147 343 795
211 261 742
261 211 742
193 91 1000
91 193 1000
75 404 811
404 75 811
2 403 255
403 2 255
94 420 486
420 94 486
33 37 445
37 33 445
21 223 249
223 21 249
137 229 531
229 137 531
207 85 997
85 207 997
388 263 367
263 388 367
388 75 184
75 388 184
451 394 497
394 451 497
287 330 936
330 287 936
391 79 1
79 391 1
57 225 788
225 57 788
369 306 670
306 369 670
424 414 742
414 424 742
140 343 699
343 140 699
296 119 845
119 296 845
118 170 164
170 118 164
304 50 756
50 304 756
348 430 950
430 348 950
298 167 394
167 298 394
108 178 701
178 108 701
53 318 495
318 53 495
303 337 724
337 303 724
390 367 614
367 390 614
175 449 177
449 175 177
200 359 322
359 200 322
305 297 440
297 305 440
228 184 886
184 228 886
311 452 147
452 311 147
2 18 400
18 2 400
135 37 390
37 135 390
81 208 216
208 81 216
114 208 549
208 114 549
353 407 950
407 353 950
253 14 964
14 253 964
356 135 613
135 356 613
126 367 648
367 126 648
309 176 249
176 309 249
265 429 778
429 265 778
15 105 177
105 15 177
379 392 727
392 379 727
122 128 915
128 122 915
72 348 209
348 72 209
264 90 614
90 264 614
221 20 255
20 221 255
319 66 90
66 319 90
248 258 926
258 248 926
112 250 399
250 112 399
103 2 206
2 103 206
266 429 416
429 266 416
9 7 21
7 9 21
304 269 979
269 304 979
220 20 851
20 220 851
277 119 570
119 277 570
279 44 256
44 279 256
194 178 705
178 194 705
320 79 833
79 320 833
177 335 689
335 177 689
414 134 894
134 414 894
108 377 55
377 108 55
311 128 913
128 311 913
295 38 163
38 295 163
64 336 629
336 64 629
273 245 448
245 273 448
70 285 920
285 70 920
416 368 938
368 416 938
389 151 225
151 389 225
93 234 743
234 93 743
44 161 643
161 44 643
252 207 17
207 252 17
46 430 596
430 46 596
2 169 978
169 2 978
299 409 610
409 299 610
183 372 240
372 183 240
445 32 807
32 445 807
454 260 955
260 454 955
4 69 93
69 4 93
427 160 891
160 427 891
400 319 131
319 400 131
58 94 964
94 58 964
328 224 981
224 328 981
311 391 202
391 311 202
27 81 162
81 27 162
186 346 974
346 186 974
433 255 133
255 433 133
206 89 264
89 206 264
421 226 310
226 421 310
309 435 630
435 309 630
270 278 80
278 270 80
408 347 679
347 408 679
144 313 203
313 144 203
65 160 17
160 65 17
173 341 674
341 173 674
348 232 129
232 348 129
215 427 759
427 215 759
270 44 919
44 270 919
273 134 632
134 273 632
368 448 887
448 368 887
27 107 613
107 27 613
156 218 4
218 156 4
265 260 212
260 265 212
61 120 691
120 61 691
197 79 130
79 197 130
309 78 551
78 309 551
32 211 326
211 32 326
218 314 178
314 218 178
356 437 680
437 356 680
391 359 236
359 391 236
230 110 751
110 230 751
241 397 724
397 241 724
402 173 501
173 402 501
103 190 551
190 103 551
160 213 223
213 160 223
86 63 401
63 86 401
49 6 384
6 49 384
128 346 930
346 128 930
145 454 529
454 145 529
368 255 732
255 368 732
65 109 147
109 65 147
235 227 917
227 235 917
299 379 199
379 299 199
50 107 181
107 50 181
239 99 271
99 239 271
444 297 385
297 444 385
2 272 352
272 2 352
167 68 399
68 167 399
435 329 393
329 435 393
105 56 790
56 105 790
319 204 554
204 319 554
263 219 671
219 263 671
381 125 631
125 381 631
327 5 779
5 327 779
94 416 215
416 94 215
52 278 400
278 52 400
121 183 548
183 121 548
198 375 518
375 198 518
141 199 767
199 141 767
233 358 33
358 233 33
446 3 246
3 446 246
454 376 387
376 454 387
144 99 908
99 144 908
77 285 217
285 77 217
443 149 223
149 443 223
240 252 196
252 240 196
256 189 525
189 256 525
12 20 199
20 12 199
105 120 532
120 105 532
425 284 441
284 425 441
398 259 885
259 398 885
301 411 688
411 301 688
11 13 655
13 11 655
97 322 807
322 97 807
291 173 353
173 291 353
184 226 210
226 184 210
106 274 35
274 106 35
149 444 220
444 149 220
422 349 217
349 422 217
175 403 146
403 175 146
135 390 483
390 135 483
252 20 282
20 252 282
360 230 296
230 360 296
400 23 755
23 400 755
273 380 918
380 273 918
35 371 898
371 35 898
449 234 629
234 449 629
342 417 508
417 342 508
117 200 636
200 117 636
233 234 235
234 233 235
131 408 419
408 131 419
171 453 877
453 171 877
51 78 289
78 51 289
265 5 864
5 265 864
399 117 756
117 399 756
93 309 118
309 93 118
150 176 327
176 150 327
349 170 77
170 349 77
138 57 861
57 138 861
269 249 302
249 269 302
370 28 434
28 370 434
145 170 755
170 145 755
344 259 36
259 344 36
265 444 78
444 265 78
178 97 677
97 178 677
415 443 192
443 415 192
16 322 501
322 16 501
173 415 599
415 173 599
238 206 586
206 238 586
18 441 758
441 18 758
172 338 964
338 172 964
31 159 452
159 31 452
335 379 433
379 335 433
26 115 39
115 26 39
262 419 481
419 262 481
143 292 698
292 143 698
75 225 948
225 75 948
276 189 506
189 276 506
280 370 43
370 280 43
275 131 727
131 275 727
349 296 603
296 349 603
121 199 841
199 121 841
227 156 599
156 227 599
15 106 575
106 15 575
257 406 166
406 257 166
135 450 124
450 135 124
232 260 595
260 232 595
39 418 530
418 39 530
102 258 665
258 102 665
452 127 13
127 452 13
433 265 723
265 433 723
398 397 785
397 398 785
365 265 884
265 365 884
110 415 868
415 110 868
64 57 840
57 64 840
166 284 181
284 166 181
316 212 286
212 316 286
454 270 637
270 454 637
52 120 798
120 52 798
152 305 429
305 152 429
32 386 76
386 32 76
43 417 462
417 43 462
295 354 340
354 295 340
114 110 417
110 114 417
214 294 303
294 214 303
233 208 217
208 233 217
307 234 606
234 307 606
329 265 253
265 329 253
365 104 218
104 365 218
210 357 997
357 210 997
355 111 783
111 355 783
83 209 592
209 83 592
422 285 132
285 422 132
319 169 732
169 319 732
263 306 546
306 263 546
351 249 305
249 351 305
454 327 664
327 454 664
124 270 242
270 124 242
66 225 268
225 66 268
182 125 86
125 182 86
37 309 460
309 37 460
337 377 989
377 337 989
274 325 53
325 274 53
362 307 789
307 362 789
86 361 636
361 86 636
58 24 479
24 58 479
328 347 582
347 328 582
414 5 199
5 414 199
157 84 7
84 157 7
336 212 859
212 336 859
377 386 263
386 377 263
149 78 901
78 149 901
13 441 527
441 13 527
185 113 623
113 185 623
258 394 973
394 258 973
355 96 710
96 355 710
48 442 347
442 48 347
227 386 723
386 227 723
131 201 111
201 131 111
164 275 446
275 164 446
70 302 636
302 70 636
273 269 338
269 273 338
19 418 953
418 19 953
71 301 126
301 71 126
326 221 779
221 326 779
329 13 452
13 329 452
96 158 857
158 96 857
266 387 869
387 266 869
205 165 373
165 205 373
396 212 89
212 396 89
300 66 463
66 300 463
113 183 15
183 113 15
296 87 879
87 296 879
134 377 670
377 134 670
348 135 402
135 348 402
110 329 98
329 110 98
209 179 691
179 209 691
100 81 615
81 100 615
242 92 285
92 242 285
443 342 571
342 443 571
314 232 345
232 314 345
432 265 1
265 432 1
364 383 771
383 364 771
126 210 867
210 126 867
149 127 383
127 149 383
391 340 472
340 391 472
227 137 175
137 227 175
434 133 15
133 434 15
8 132 109
132 8 109
23 170 212
170 23 212
69 334 117
334 69 117
194 192 308
192 194 308
364 8 557
8 364 557
40 178 758
178 40 758
438 280 943
280 438 943
84 33 700
33 84 700
298 327 169
327 298 169
298 199 264
199 298 264
77 116 171
116 77 171
444 392 851
392 444 851
340 337 574
337 340 574
344 130 983
130 344 983
375 189 317
189 375 317
217 97 786
97 217 786
74 442 262
442 74 262
308 193 235
193 308 235
401 181 608
181 401 608
222 245 857
245 222 857
37 385 435
385 37 435
425 188 8
188 425 8
160 209 993
209 160 993
322 3 290
3 322 290
354 2 321
2 354 321
317 452 873
452 317 873
64 156 478
156 64 478
171 237 735
237 171 735
373 343 279
343 373 279
307 277 190
277 307 190
171 323 921
323 171 921
216 302 658
302 216 658
294 14 485
14 294 485
203 226 964
226 203 964
106 86 691
86 106 691
17 445 104
445 17 104
109 4 529
4 109 529
174 313 202
313 174 202
427 214 974
214 427 974
134 322 339
322 134 339
63 129 33
129 63 33
240 73 913
73 240 913
52 107 976
107 52 976
53 444 376
444 53 376
146 149 580
149 146 580
278 316 502
316 278 502
113 430 89
430 113 89
273 422 710
422 273 710
449 293 414
293 449 414
163 27 212
27 163 212
82 18 23
18 82 23
334 424 734
424 334 734
414 404 756
404 414 756
197 149 631
149 197 631
81 16 782
16 81 782
407 140 788
140 407 788
66 79 459
79 66 459
392 412 718
412 392 718
410 321 39
321 410 39
121 354 388
354 121 388
274 73 390
73 274 390
91 181 712
181 91 712
50 425 789
425 50 789
147 213 496
213 147 496
198 293 0
293 198 0
452 333 650
333 452 650
178 141 496
141 178 496
352 133 690
133 352 690
175 76 939
76 175 939
259 35 941
35 259 941
21 360 993
360 21 993
353 329 615
329 353 615
92 22 560
22 92 560
117 29 428
29 117 428
409 396 661
396 409 661
58 242 354
242 58 354
261 24 449
24 261 449
444 70 67
70 444 67
349 89 339
89 349 339
147 406 24
406 147 24
367 383 159
383 367 159
313 196 912
196 313 912
258 53 70
53 258 70
307 276 181
276 307 181
20 286 664
286 20 664
26 111 669
111 26 669
370 232 447
232 370 447
397 76 183
76 397 183
139 30 450
30 139 450
69 187 38
187 69 38
102 348 161
348 102 161
212 254 119
254 212 119
317 427 750
427 317 750
213 299 817
299 213 817
125 92 400
92 125 400
426 353 839
353 426 839
336 169 778
169 336 778
216 316 61
316 216 61
436 145 728
145 436 728
77 250 225
250 77 225
390 399 316
399 390 316
285 378 386
378 285 386
206 316 434
316 206 434
388 32 813
32 388 813
252 37 7
37 252 7
250 70 59
70 250 59
432 367 44
367 432 44
415 355 608
355 415 608
247 195 481
195 247 481
230 44 599
44 230 599
159 445 970
445 159 970
414 312 138
312 414 138
282 8 78
8 282 78
319 49 622
49 319 622
307 254 118
254 307 118
446 196 102
196 446 102
320 62 82
62 320 82
128 317 734
317 128 734
131 72 513
72 131 513
39 140 172
140 39 172
248 8 141
8 248 141
46 14 747
14 46 747
393 235 523
235 393 523
12 44 641
44 12 641
207 381 747
381 207 747
171 293 254
293 171 254
454 4 810
4 454 810
344 14 541
14 344 541
302 312 715
312 302 715
340 137 401
137 340 401
440 208 579
208 440 579
116 252 156
252 116 156
20 310 870
310 20 870
192 405 752
405 192 752
410 190 517
190 410 517
151 445 8
445 151 8
432 15 758
15 432 758
80 264 214
264 80 214
233 255 190
255 233 190
338 77 501
77 338 501
435 287 682
287 435 682
56 267 989
267 56 989
227 409 142
409 227 142
365 388 176
388 365 176
164 173 832
173 164 832
413 302 204
302 413 204
362 454 513
454 362 513
257 421 148
421 257 148
362 83 328
83 362 328
202 124 118
124 202 118
223 449 706
449 223 706
127 190 818
190 127 818
133 184 105
184 133 105
241 182 950
182 241 950
351 300 365
300 351 365
426 110 339
110 426 339
147 88 34
88 147 34
330 209 549
209 330 549
270 192 818
192 270 818
102 411 47
411 102 47
237 394 740
394 237 740
82 38 664
38 82 664
47 403 792
403 47 792
232 336 232
336 232 232
306 174 881
174 306 881
192 386 183
386 192 183
373 117 948
117 373 948
260 87 649
87 260 649
128 242 509
242 128 509
249 365 580
365 249 580
328 166 75
166 328 75
144 86 833
86 144 833
116 232 43
232 116 43
152 132 30
132 152 30
11 45 162
45 11 162
23 96 911
96 23 911
310 3 597
3 310 597
285 174 202
174 285 202
426 274 556
274 426 556
154 256 912
256 154 912
202 390 896
390 202 896
137 430 460
430 137 460
166 223 984
223 166 984
38 196 354
196 38 354
405 338 789
338 405 789
107 130 428
130 107 428
405 385 491
385 405 491
65 89 739
89 65 739
80 68 651
68 80 651
188 281 742
281 188 742
362 377 782
377 362 782
398 48 682
48 398 682
247 402 629
402 247 629
281 421 423
421 281 423
330 400 165
400 330 165
352 232 439
232 352 439
74 327 847
327 74 847
156 273 658
273 156 658
281 303 258
303 281 258
321 134 955
134 321 955
102 263 2
263 102 2
92 281 189
281 92 189
276 352 256
352 276 256
54 30 262
30 54 262
104 181 431
181 104 431
176 341 745
341 176 745
24 240 475
240 24 475
41 83 619
83 41 619
9 15 258
15 9 258
329 410 384
410 329 384
324 412 23
412 324 23
244 181 526
181 244 526
211 446 432
446 211 432
103 7 671
7 103 671
50 144 739
144 50 739
439 294 424
294 439 424
289 292 974
292 289 974
155 27 729
27 155 729
57 337 30
337 57 30
243 232 829
232 243 829
214 350 358
350 214 358
105 13 536
13 105 536
327 289 761
289 327 761
299 392 921
392 299 921
136 305 189
305 136 189
188 353 772
353 188 772
229 45 364
45 229 364
112 440 440
440 112 440
316 218 99
218 316 99
298 226 620
226 298 620
390 452 131
452 390 131
258 9 866
9 258 866
444 131 711
131 444 711
415 60 801
60 415 801
429 373 503
