216 197 265
197 216 265
263 216 414
216 263 414
155 216 366
216 155 366
111 216 288
216 111 288
71 197 633
197 71 633
130 111 722
111 130 722
76 263 101
263 76 101
37 71 483
71 37 483
52 71 444
71 52 444
168 52 655
52 168 655
108 37 488
37 108 488
237 37 266
37 237 266
31 237 940
237 31 940
7 216 736
216 7 736
217 108 844
108 217 844
0 217 847
217 0 847
182 76 747
76 182 747
178 263 195
263 178 195
122 76 822
76 122 822
79 182 458
182 79 458
50 263 327
263 50 327
272 155 308
155 272 308
163 272 127
272 163 127
188 182 208
182 188 208
270 122 560
122 270 560
165 52 455
52 165 455
25 122 817
122 25 817
109 168 589
168 109 589
68 52 188
52 68 188
55 165 191
165 55 191
10 122 672
122 10 672
78 55 70
55 78 70
26 37 897
37 26 897
45 263 862
263 45 862
23 45 699
45 23 699
120 26 282
26 120 282
157 217 869
217 157 869
67 157 845
157 67 845
131 157 281
157 131 281
140 10 676
10 140 676
199 272 84
272 199 84
101 131 118
131 101 118
151 157 645
157 151 645
104 237 248
237 104 248
5 182 119
182 5 119
222 7 380
7 222 380
247 168 340
168 247 340
137 155 103
155 137 103
245 52 875
52 245 875
221 7 46
7 221 46
257 120 649
120 257 649
172 67 696
67 172 696
22 216 127
216 22 127
205 237 620
237 205 620
265 120 122
120 265 122
127 71 379
71 127 379
268 76 37
76 268 37
198 216 199
216 198 199
61 5 126
5 61 126
158 31 744
31 158 744
260 155 959
155 260 959
225 216 557
216 225 557
141 131 103
131 141 103
277 26 71
26 277 71
74 52 662
52 74 662
99 104 446
104 99 446
60 76 515
76 60 515
160 71 610
71 160 610
34 221 204
221 34 204
90 5 926
5 90 926
250 158 858
158 250 858
196 50 714
50 196 714
233 165 989
165 233 989
266 76 807
76 266 807
235 79 865
79 235 865
56 151 542
151 56 542
89 217 611
217 89 611
156 272 13
272 156 13
170 172 921
172 170 921
204 74 939
74 204 939
112 5 397
5 112 397
238 78 157
78 238 157
203 216 468
216 203 468
271 168 343
168 271 343
273 71 557
71 273 557
98 182 245
182 98 245
177 5 624
5 177 624
103 98 367
98 103 367
219 112 874
112 219 874
230 0 732
0 230 732
115 245 766
245 115 766
152 203 82
203 152 82
1 56 196
56 1 196
264 101 163
101 264 163
87 109 652
109 87 652
173 137 727
137 173 727
258 196 895
196 258 895
159 111 411
111 159 411
278 196 428
196 278 428
255 230 47
230 255 47
59 268 65
268 59 65
96 219 161
219 96 161
179 60 906
60 179 906
192 250 618
250 192 618
2 111 506
111 2 506
128 131 857
131 128 857
189 130 828
130 189 828
167 188 561
188 167 561
259 168 857
168 259 857
47 216 411
216 47 411
171 140 3
140 171 3
83 216 734
216 83 734
3 2 691
2 3 691
224 156 100
156 224 100
75 217 622
217 75 622
81 171 309
171 81 309
118 103 186
103 118 186
39 158 874
158 39 874
175 204 83
204 175 83
12 23 935
23 12 935
202 96 811
96 202 811
46 47 262
47 46 262
57 203 533
203 57 533
149 7 892
7 149 892
66 23 871
23 66 871
11 71 41
71 11 41
94 177 265
177 94 265
254 204 969
204 254 969
174 168 866
168 174 866
232 118 655
118 232 655
209 87 892
87 209 892
252 5 212
5 252 212
183 266 9
266 183 9
63 67 277
67 63 277
153 98 808
98 153 808
184 163 346
163 184 346
18 168 276
168 18 276
80 67 597
67 80 597
139 152 404
152 139 404
62 235 117
235 62 117
242 260 956
260 242 956
24 156 183
156 24 183
274 178 309
178 274 309
211 271 306
271 211 306
215 25 101
25 215 101
249 202 345
202 249 345
180 10 490
10 180 490
53 94 436
94 53 436
19 89 343
89 19 343
85 101 641
101 85 641
207 272 67
272 207 67
41 221 767
221 41 767
58 217 394
217 58 394
6 270 403
270 6 403
147 252 296
252 147 296
125 66 807
66 125 807
162 265 433
265 162 433
27 264 225
264 27 225
82 19 795
19 82 795
44 47 196
47 44 196
110 68 65
68 110 65
244 76 924
76 244 924
150 75 770
75 150 770
210 257 121
257 210 121
144 59 262
59 144 262
65 210 43
210 65 43
248 265 638
265 248 638
40 165 202
165 40 202
138 173 370
173 138 370
181 67 107
67 181 107
195 149 151
149 195 151
190 179 653
179 190 653
228 167 898
167 228 898
166 11 695
11 166 695
106 94 510
94 106 510
220 195 895
195 220 895
69 80 624
80 69 624
77 263 348
263 77 348
246 112 837
112 246 837
114 52 537
52 114 537
42 74 617
74 42 617
48 258 596
258 48 596
107 114 826
114 107 826
176 0 819
0 176 819
28 252 889
252 28 889
15 0 230
0 15 230
43 168 307
168 43 307
8 224 338
224 8 338
72 67 889
67 72 889
261 118 991
118 261 991
143 174 391
174 143 391
218 254 34
254 218 34
236 163 694
163 236 694
214 58 78
58 214 78
185 236 211
236 185 211
123 18 922
18 123 922
256 128 845
128 256 845
208 278 622
278 208 622
262 61 871
61 262 871
13 40 906
40 13 906
4 72 186
72 4 186
132 174 583
174 132 583
117 273 67
273 117 67
231 60 965
60 231 965
134 256 417
256 134 417
187 159 63
159 187 63
86 210 957
210 86 957
64 260 293
260 64 293
154 7 964
7 154 964
20 57 427
57 20 427
88 66 911
66 88 911
36 190 715
190 36 715
93 86 361
86 93 361
227 52 626
52 227 626
253 159 469
159 253 469
30 270 482
270 30 482
223 67 20
67 223 20
16 58 632
58 16 632
38 110 331
110 38 331
33 246 562
246 33 562
200 103 199
103 200 199
124 13 795
13 124 795
241 66 113
66 241 113
21 125 717
125 21 717
145 162 647
162 145 647
119 65 127
65 119 127
234 48 636
48 234 636
105 4 869
4 105 869
54 278 818
278 54 818
116 261 893
261 116 893
251 86 124
86 251 124
194 33 804
33 194 804
92 52 800
52 92 800
148 3 380
3 148 380
95 81 365
81 95 365
269 122 979
122 269 979
17 116 956
116 17 956
29 149 261
149 29 261
14 183 682
183 14 682
267 249 896
249 267 896
121 198 95
198 121 95
239 77 536
77 239 536
201 174 312
174 201 312
84 157 436
157 84 436
213 269 86
269 213 86
73 128 64
128 73 64
91 128 792
128 91 792
113 43 977
43 113 977
9 132 457
132 9 457
142 106 427
106 142 427
32 94 941
94 32 941
279 73 332
73 279 332
240 277 80
277 240 80
136 178 124
178 136 124
146 69 30
69 146 30
161 77 182
77 161 182
35 39 838
39 35 838
169 120 610
120 169 610
100 128 3
128 100 3
129 141 765
141 129 765
49 85 377
85 49 377
51 175 879
175 51 879
133 87 464
87 133 464
126 84 352
84 126 352
229 252 133
252 229 133
70 128 370
128 70 370
191 239 983
239 191 983
186 207 959
207 186 959
243 248 188
248 243 188
276 199 105
199 276 105
275 162 160
162 275 160
212 235 968
235 212 968
102 224 323
224 102 323
206 149 242
149 206 242
135 19 381
19 135 381
226 163 881
163 226 881
97 168 403
168 97 403
164 157 135
157 164 135
193 58 563
58 193 563
93 196 605
196 93 605
30 41 652
41 30 652
42 151 254
151 42 254
234 72 652
72 234 652
276 68 385
68 276 385
154 111 427
111 154 427
210 145 208
145 210 208
261 85 975
85 261 975
121 222 973
222 121 973
264 265 283
265 264 283
268 156 814
156 268 814
105 231 189
231 105 189
253 200 178
200 253 178
11 194 348
194 11 348
191 196 363
196 191 363
269 104 494
104 269 494
192 85 1
85 192 1
54 269 7
269 54 7
171 41 117
41 171 117
6 193 623
193 6 623
170 223 723
223 170 723
121 247 694
247 121 694
136 39 556
39 136 556
86 274 647
274 86 647
108 260 276
260 108 276
79 197 262
197 79 262
117 243 911
243 117 911
132 234 104
234 132 104
174 42 290
42 174 290
255 151 36
151 255 36
120 63 312
63 120 312
102 166 121
166 102 121
275 94 912
94 275 912
203 45 424
45 203 424
53 211 532
211 53 532
160 191 642
191 160 642
189 212 107
212 189 107
20 164 413
164 20 413
24 19 452
19 24 452
261 90 160
90 261 160
141 260 390
260 141 390
134 14 142
14 134 142
58 42 647
42 58 647
239 36 223
36 239 223
84 142 711
142 84 711
161 244 504
244 161 504
55 234 307
234 55 307
233 240 53
240 233 53
47 31 363
31 47 363
121 13 909
13 121 909
71 243 68
243 71 68
199 132 6
132 199 6
176 50 118
50 176 118
216 80 894
80 216 894
19 81 144
81 19 144
180 258 107
258 180 107
124 95 733
95 124 733
138 123 172
123 138 172
138 253 663
253 138 663
124 235 458
235 124 458
235 186 323
186 235 323
99 128 932
128 99 932
87 234 357
234 87 357
262 16 826
16 262 826
32 262 747
262 32 747
83 255 449
255 83 449
192 270 927
270 192 927
208 182 239
182 208 239
151 87 372
87 151 372
68 103 238
103 68 238
41 104 721
104 41 721
51 215 789
215 51 789
114 20 469
20 114 469
25 126 681
126 25 681
33 142 260
142 33 260
201 47 345
47 201 345
184 50 44
50 184 44
165 203 358
203 165 358
216 53 670
53 216 670
155 250 65
250 155 65
38 3 993
3 38 993
117 3 464
3 117 464
159 228 622
228 159 622
172 151 813
151 172 813
150 144 548
144 150 548
92 65 261
65 92 261
7 191 45
191 7 45
258 8 82
8 258 82
189 186 354
186 189 354
173 179 257
179 173 257
6 82 529
82 6 529
123 232 493
232 123 493
220 46 45
46 220 45
125 157 9
157 125 9
95 240 741
240 95 741
21 188 939
188 21 939
88 279 471
279 88 471
145 158 87
158 145 87
199 57 101
57 199 101
156 88 905
88 156 905
259 145 627
145 259 627
131 16 572
16 131 572
4 79 981
79 4 981
152 94 501
94 152 501
83 74 860
74 83 860
24 114 327
114 24 327
124 205 570
205 124 570
249 97 807
97 249 807
179 207 796
207 179 796
119 133 619
133 119 619
269 206 649
206 269 649
183 139 237
139 183 237
37 158 629
158 37 629
221 103 750
103 221 750
36 94 223
94 36 223
215 155 759
155 215 759
206 133 438
133 206 438
270 225 393
225 270 393
139 158 994
158 139 994
107 118 691
118 107 691
193 211 226
211 193 226
46 26 530
26 46 530
162 248 239
248 162 239
143 213 293
213 143 293
177 90 829
90 177 829
76 169 335
169 76 335
43 237 831
237 43 831
99 132 158
132 99 158
230 49 78
49 230 78
34 2 800
2 34 800
136 259 240
259 136 240
60 175 778
175 60 778
123 114 623
114 123 623
60 146 922
146 60 922
265 31 539
31 265 539
107 142 466
142 107 466
27 130 981
130 27 981
83 203 676
203 83 676
240 73 559
73 240 559
44 140 265
140 44 265
90 134 720
134 90 720
258 244 804
244 258 804
19 123 966
123 19 966
55 128 39
128 55 39
110 94 351
94 110 351
145 75 266
75 145 266
220 203 312
203 220 312
37 48 587
48 37 587
226 68 749
68 226 749
89 114 22
114 89 22
32 10 25
10 32 25
57 163 12
163 57 12
75 248 68
248 75 68
10 220 995
220 10 995
30 34 913
34 30 913
47 54 445
54 47 445
196 107 319
107 196 319
230 40 745
40 230 745
154 185 9
185 154 9
154 153 546
153 154 546
212 269 777
269 212 777
50 225 418
225 50 418
262 177 3
177 262 3
161 90 636
90 161 636
133 235 81
235 133 81
40 202 860
202 40 860
230 11 968
11 230 968
108 98 760
98 108 760
98 140 437
140 98 437
22 148 727
148 22 727
56 79 258
79 56 258
166 218 27
218 166 27
178 5 366
5 178 366
19 148 241
148 19 241
100 48 166
48 100 166
86 190 276
190 86 276
279 4 15
4 279 15
82 275 922
275 82 922
180 267 1000
267 180 1000
182 212 584
212 182 584
63 122 466
122 63 466
132 260 413
260 132 413
69 240 52
240 69 52
168 139 757
139 168 757
182 232 697
232 182 697
53 128 780
128 53 780
276 126 348
126 276 348
256 254 213
254 256 213
61 40 824
40 61 824
149 212 697
212 149 697
114 203 938
203 114 938
156 138 866
138 156 866
111 165 578
165 111 578
170 220 371
220 170 371
19 85 330
85 19 330
240 187 615
187 240 615
33 177 1
177 33 1
196 272 452
272 196 452
277 166 951
166 277 951
111 213 931
213 111 931
209 173 71
173 209 71
223 24 972
24 223 972
219 275 173
275 219 173
78 204 593
204 78 593
127 169 647
169 127 647
164 123 772
123 164 772
124 184 318
184 124 318
215 130 438
130 215 438
274 252 550
252 274 550
243 244 350
244 243 350
258 200 810
200 258 810
196 155 768
155 196 768
49 170 803
170 49 803
123 176 475
176 123 475
178 20 651
20 178 651
81 37 370
37 81 370
276 112 696
112 276 696
278 42 642
42 278 642
136 52 748
52 136 748
94 57 281
57 94 281
264 253 79
253 264 79
54 202 761
202 54 761
116 129 916
129 116 916
257 173 168
173 257 168
145 26 950
26 145 950
16 132 962
132 16 962
139 174 447
174 139 447
48 248 92
248 48 92
162 217 504
217 162 504
71 254 207
254 71 207
117 256 446
256 117 446
262 122 596
122 262 596
29 42 849
42 29 849
277 24 335
24 277 335
237 117 485
117 237 485
191 34 42
34 191 42
199 69 369
69 199 369
263 23 195
23 263 195
127 226 482
226 127 482
272 110 950
110 272 950
237 110 402
110 237 402
277 62 416
62 277 416
196 235 413
235 196 413
125 49 61
49 125 61
203 277 914
277 203 914
160 73 722
73 160 722
163 70 44
70 163 44
208 152 352
152 208 352
101 199 573
199 101 573
219 153 206
153 219 206
183 248 717
248 183 717
174 252 529
252 174 529
92 170 774
170 92 774
54 156 39
156 54 39
230 51 34
51 230 34
110 120 197
120 110 197
92 46 831
46 92 831
148 191 163
191 148 163
181 34 487
34 181 487
68 164 84
164 68 84
229 106 2
106 229 2
140 22 437
22 140 437
114 251 343
251 114 343
236 51 370
51 236 370
158 34 324
34 158 324
108 1 751
1 108 751
277 52 345
52 277 345
159 272 423
272 159 423
10 82 815
82 10 815
262 165 614
165 262 614
98 107 940
107 98 940
131 154 55
154 131 55
145 42 618
42 145 618
232 27 576
27 232 576
194 88 185
88 194 185
217 194 821
194 217 821
153 258 972
258 153 972
208 78 366
78 208 366
245 141 26
141 245 26
246 168 181
168 246 181
187 130 330
130 187 330
92 240 487
240 92 487
199 165 548
165 199 548
134 63 28
63 134 28
126 245 856
245 126 856
199 181 367
181 199 367
221 121 991
121 221 991
0 156 930
156 0 930
126 249 982
249 126 982
178 197 385
197 178 385
190 204 967
204 190 967
235 238 178
238 235 178
112 149 965
149 112 965
40 237 494
237 40 494
117 272 231
272 117 231
57 211 336
211 57 336
177 202 360
202 177 360
75 203 899
203 75 899
253 17 372
17 253 372
90 256 578
256 90 578
130 203 952
203 130 952
263 262 735
262 263 735
103 56 19
56 103 19
237 144 522
144 237 522
216 122 48
122 216 48
268 235 797
235 268 797
156 214 806
214 156 806
31 227 446
227 31 446
181 11 944
11 181 944
90 15 522
15 90 522
47 102 409
102 47 409
157 99 417
99 157 417
246 245 441
245 246 441
241 121 390
121 241 390
75 132 245
132 75 245
73 117 942
117 73 942
23 174 282
174 23 282
243 261 555
261 243 555
108 239 897
239 108 897
202 242 41
242 202 41
210 13 987
13 210 987
205 102 898
102 205 898
188 233 730
233 188 730
13 31 786
31 13 786
253 4 443
4 253 443
22 95 618
95 22 618
269 238 173
238 269 173
166 239 420
239 166 420
112 215 780
215 112 780
35 268 955
268 35 955
8 220 146
220 8 146
107 239 645
239 107 645
229 25 200
25 229 200
209 230 740
230 209 740
65 207 389
207 65 389
50 19 564
19 50 564
33 182 698
182 33 698
20 18 384
18 20 384
128 69 137
69 128 137
60 127 627
127 60 627
48 271 31
271 48 31
33 117 474
117 33 474
67 131 796
131 67 796
223 164 743
164 223 743
90 98 156
98 90 156
128 271 233
271 128 233
217 186 138
186 217 138
279 48 921
48 279 921
180 195 700
195 180 700
158 154 791
154 158 791
63 112 350
112 63 350
161 138 545
138 161 545
266 218 757
218 266 757
125 12 901
12 125 901
236 69 399
69 236 399
121 49 313
49 121 313
154 64 832
64 154 832
221 156 151
156 221 151
263 126 109
126 263 109
192 51 113
51 192 113
184 98 384
98 184 384
151 178 10
178 151 10
61 28 836
28 61 836
73 244 110
244 73 110
251 8 598
8 251 598
174 9 831
9 174 831
118 112 575
112 118 575
131 129 942
129 131 942
98 31 847
31 98 847
273 126 418
126 273 418
128 21 725
21 128 725
86 153 21
153 86 21
160 208 175
208 160 175
145 25 938
25 145 938
218 104 659
104 218 659
86 195 238
195 86 238
100 92 40
92 100 40
213 172 275
172 213 275
100 32 564
32 100 564
4 239 271
239 4 271
152 118 553
118 152 553
15 112 309
112 15 309
233 92 70
92 233 70
23 84 402
84 23 402
154 247 271
247 154 271
73 118 834
118 73 834
127 207 144
207 127 144
176 137 141
137 176 141
68 90 600
90 68 600
59 155 33
155 59 33
86 32 731
32 86 731
205 239 572
239 205 572
69 106 893
106 69 893
245 263 247
263 245 247
81 136 858
136 81 858
82 62 230
62 82 230
111 240 363
240 111 363
129 166 93
166 129 93
131 125 587
125 131 587
30 75 756
75 30 756
8 185 881
185 8 881
266 39 294
39 266 294
96 73 675
73 96 675
107 211 393
211 107 393
99 260 410
260 99 410
42 161 889
161 42 889
121 118 671
118 121 671
143 107 442
107 143 442
24 107 996
107 24 996
134 211 887
211 134 887
22 213 925
213 22 925
19 260 456
260 19 456
156 220 955
220 156 955
149 87 951
87 149 951
228 146 234
146 228 234
127 123 998
123 127 998
262 17 525
17 262 525
269 83 691
83 269 691
231 35 318
35 231 318
9 175 322
175 9 322
229 197 94
197 229 94
121 244 403
244 121 403
81 33 49
33 81 49
79 64 95
64 79 95
63 96 742
96 63 742
248 115 115
115 248 115
152 15 28
15 152 28
175 272 8
272 175 8
185 102 4
102 185 4
99 61 841
61 99 841
96 199 758
199 96 758
29 59 868
59 29 868
197 70 918
70 197 918
36 45 549
45 36 549
230 175 232
175 230 232
36 185 486
185 36 486
197 241 215
241 197 215
185 50 630
50 185 630
18 7 596
7 18 596
69 8 846
8 69 846
190 194 656
194 190 656
160 126 94
126 160 94
254 172 731
172 254 731
172 139 24
139 172 24
196 34 388
34 196 388
128 150 206
150 128 206
253 129 512
129 253 512
260 205 709
205 260 709
201 141 521
141 201 521
54 267 182
267 54 182
194 228 131
228 194 131
93 232 386
232 93 386
140 169 343
169 140 343
175 194 254
194 175 254
246 73 793
73 246 793
20 237 457
237 20 457
155 86 981
86 155 981
105 224 439
224 105 439
57 174 488
174 57 488
201 196 233
196 201 233
145 215 368
215 145 368
113 56 992
56 113 992
191 104 192
104 191 192
58 229 646
229 58 646
225 55 158
55 225 158
106 178 342
178 106 342
238 14 399
14 238 399
173 20 508
20 173 508
159 273 400
273 159 400
188 228 908
228 188 908
70 173 741
173 70 741
248 1 531
1 248 531
97 124 155
124 97 155
279 259 612
259 279 612
145 0 248
0 145 248
9 244 569
244 9 569
255 197 44
197 255 44
10 160 248
160 10 248
119 224 676
224 119 676
265 126 435
126 265 435
249 228 505
228 249 505
159 203 381
203 159 381
48 21 400
21 48 400
21 244 866
244 21 866
14 45 150
45 14 150
83 198 769
198 83 769
170 4 973
4 170 973
17 226 215
226 17 215
8 163 21
163 8 21
86 128 89
128 86 89
88 20 553
20 88 553
189 263 983
263 189 983
34 275 658
275 34 658
142 27 389
27 142 389
164 135 67
135 164 67
140 279 770
279 140 770
76 192 429
192 76 429
176 82 85
82 176 85
108 46 628
46 108 628
7 51 376
51 7 376
156 29 264
29 156 264
127 105 285
105 127 285
83 185 393
185 83 393
100 228 233
228 100 233
153 5 45
5 153 45
170 110 641
110 170 641
113 78 978
78 113 978
243 213 445
213 243 445
150 256 746
256 150 746
237 61 444
61 237 444
160 196 906
196 160 906
217 158 722
158 217 722
33 11 32
11 33 32
139 153 393
153 139 393
61 220 298
220 61 298
143 258 762
258 143 762
97 55 346
55 97 346
133 76 165
76 133 165
240 108 652
108 240 652
252 138 140
138 252 140
220 221 628
221 220 628
93 45 257
45 93 257
22 70 76
70 22 76
74 113 35
113 74 35
70 224 355
224 70 355
245 171 181
171 245 181
118 231 206
231 118 206
21 77 161
77 21 161
18 77 997
77 18 997
96 47 476
47 96 476
44 74 283
74 44 283
197 101 676
101 197 676
248 144 35
144 248 35
151 76 299
76 151 299
198 273 728
273 198 728
62 179 525
179 62 525
69 54 91
54 69 91
36 35 544
35 36 544
154 225 82
225 154 82
17 144 178
144 17 178
207 57 643
57 207 643
241 249 32
249 241 32
108 111 653
111 108 653
18 131 891
131 18 891
44 244 560
244 44 560
180 188 802
188 180 802
94 126 143
126 94 143
252 109 804
109 252 804
208 227 287
227 208 287
75 174 973
174 75 973
44 212 501
212 44 501
54 225 433
225 54 433
143 98 533
98 143 533
165 39 723
39 165 723
84 123 31
123 84 31
46 199 315
199 46 315
221 1 925
1 221 925
74 21 15
21 74 15
28 243 423
243 28 423
141 243 252
243 141 252
146 211 274
211 146 274
187 33 482
33 187 482
68 271 726
271 68 726
186 48 207
48 186 207
94 89 226
89 94 226
6 266 190
266 6 190
254 164 27
164 254 27
152 175 884
175 152 884
93 204 249
204 93 249
74 98 762
98 74 762
11 186 792
186 11 792
58 168 739
168 58 739
95 96 63
96 95 63
20 273 390
273 20 390
169 208 217
208 169 217
256 102 538
102 256 538
279 172 129
172 279 129
104 212 11
212 104 11
199 71 984
71 199 984
149 132 461
132 149 461
242 88 996
88 242 996
220 132 264
132 220 264
131 204 600
204 131 600
149 189 878
189 149 878
163 25 523
25 163 523
45 105 254
105 45 254
116 160 614
160 116 614
129 53 13
53 129 13
235 246 682
246 235 682
107 43 849
43 107 849
41 161 657
161 41 657
174 160 23
160 174 23
213 96 623
96 213 623
117 228 484
228 117 484
6 145 142
145 6 142
201 207 960
207 201 960
138 77 873
77 138 873
214 132 592
132 214 592
134 161 305
161 134 305
12 173 441
173 12 441
47 153 526
153 47 526
273 129 143
129 273 143
126 212 796
212 126 796
100 201 939
201 100 939
166 252 443
252 166 443
6 92 928
92 6 928
243 165 808
165 243 808
278 209 469
209 278 469
23 52 206
52 23 206
172 209 812
209 172 812
197 47 962
47 197 962
264 103 928
103 264 928
176 18 9
18 176 9
37 168 622
168 37 622
273 27 985
27 273 985
12 4 842
4 12 842
146 28 878
28 146 878
42 104 596
104 42 596
200 61 716
61 200 716
237 103 14
103 237 14
212 139 361
139 212 361
128 123 201
123 128 201
150 264 814
264 150 814
115 136 673
136 115 673
89 169 417
169 89 417
81 216 55
216 81 55
241 0 661
0 241 661
34 35 87
35 34 87
227 27 339
27 227 339
173 10 347
10 173 347
90 110 672
110 90 672
62 113 1000
113 62 1000
73 138 276
138 73 276
131 148 823
148 131 823
112 265 524
265 112 524
252 86 622
86 252 622
54 253 687
253 54 687
112 227 784
227 112 784
277 268 598
268 277 598
268 87 764
87 268 764
73 85 702
85 73 702
257 223 268
223 257 268
242 127 650
127 242 650
48 129 845
129 48 845
206 67 8
67 206 8
79 76 997
76 79 997
90 225 417
225 90 417
256 73 907
73 256 907
31 44 647
44 31 647
250 151 719
151 250 719
13 75 49
75 13 49
189 88 936
88 189 936
7 188 613
188 7 613
231 41 416
41 231 416
86 193 56
193 86 56
105 97 148
97 105 148
74 128 602
128 74 602
98 5 590
5 98 590
267 18 258
18 267 258
167 187 701
187 167 701
111 186 792
186 111 792
23 71 654
71 23 654
215 170 791
170 215 791
196 100 137
100 196 137
198 181 6
181 198 6
144 266 338
266 144 338
78 104 381
104 78 381
128 174 461
174 128 461
138 113 481
113 138 481
206 243 86
243 206 86
199 110 449
110 199 449
123 187 555
187 123 555
213 16 531
16 213 531
157 83 147
83 157 147
231 49 320
49 231 320
235 120 146
120 235 146
170 182 393
182 170 393
61 45 536
45 61 536
18 6 360
6 18 360
84 134 605
134 84 605
150 29 524
29 150 524
220 39 795
39 220 795
35 122 742
122 35 742
123 43 350
43 123 350
51 155 255
155 51 255
131 201 113
201 131 113
8 124 784
124 8 784
149 193 24
193 149 24
229 100 114
100 229 114
79 107 40
107 79 40
43 152 349
152 43 349
18 113 494
113 18 494
227 197 830
197 227 830
12 84 760
84 12 760
220 238 944
238 220 944
272 213 538
213 272 538
271 256 712
256 271 712
180 91 218
91 180 218
31 194 638
194 31 638
103 119 322
119 103 322
248 33 581
33 248 581
233 51 439
51 233 439
13 202 377
202 13 377
185 207 246
207 185 246
167 232 985
232 167 985
57 206 601
206 57 601
261 92 243
92 261 243
190 266 329
266 190 329
149 233 864
233 149 864
209 103 549
103 209 549
198 105 491
105 198 491
192 152 614
152 192 614
107 94 726
94 107 726
5 226 508
226 5 508
189 85 399
85 189 399
139 51 206
51 139 206
42 64 322
64 42 322
168 272 196
272 168 196
255 203 867
203 255 867
148 199 256
199 148 256
161 180 705
180 161 705
9 227 833
227 9 833
44 256 55
256 44 55
198 55 342
55 198 342
112 184 629
184 112 629
21 27 561
27 21 561
36 73 383
73 36 383
83 5 743
5 83 743
199 222 518
222 199 518
37 51 338
51 37 338
245 12 20
12 245 20
50 137 843
137 50 843
82 222 835
222 82 835
13 74 790
74 13 790
275 59 284
59 275 284
207 112 930
112 207 930
264 75 140
75 264 140
99 81 264
81 99 264
240 147 148
147 240 148
80 192 80
192 80 80
34 64 997
64 34 997
1 59 891
59 1 891
37 246 550
246 37 550
213 277 773
277 213 773
80 199 919
199 80 919
24 83 4
83 24 4
233 128 758
128 233 758
216 227 130
227 216 130
266 113 551
113 266 551
50 35 326
35 50 326
83 219 467
219 83 467
244 119 236
119 244 236
62 173 102
173 62 102
246 142 278
142 246 278
114 135 602
135 114 602
211 171 292
171 211 292
13 26 179
26 13 179
218 198 977
198 218 977
137 126 872
126 137 872
90 95 147
95 90 147
30 183 917
183 30 917
206 278 779
278 206 779
230 23 271
23 230 271
145 248 385
248 145 385
51 165 352
165 51 352
262 123 562
123 262 562
277 97 582
97 277 582
89 182 312
182 89 312
234 126 779
126 234 779
36 189 479
189 36 479
192 13 89
13 192 89
245 206 411
206 245 411
225 100 689
100 225 689
29 273 33
273 29 33
179 175 246
175 179 246
137 236 416
236 137 416
23 167 538
167 23 538
59 171 503
171 59 503
222 159 946
159 222 946
257 51 133
51 257 133
278 70 654
70 278 654
33 132 885
132 33 885
63 121 655
121 63 655
7 246 353
246 7 353
2 182 998
182 2 998
59 145 220
145 59 220
229 167 845
167 229 845
155 233 242
233 155 242
194 121 93
121 194 93
242 53 401
53 242 401
40 41 898
41 40 898
5 141 846
141 5 846
136 72 627
72 136 627
5 118 881
118 5 881
34 154 943
154 34 943
46 52 496
52 46 496
211 233 529
233 211 529
72 266 118
266 72 118
129 210 327
210 129 327
67 176 925
176 67 925
159 96 302
96 159 302
70 223 666
223 70 666
236 132 36
132 236 36
233 145 78
145 233 78
180 170 539
170 180 539
173 142 358
142 173 358
170 56 897
56 170 897
38 153 758
153 38 758
167 61 964
61 167 964
204 250 452
250 204 452
206 30 959
30 206 959
115 122 306
122 115 306
267 151 698
151 267 698
43 221 103
221 43 103
240 66 532
66 240 532
50 217 881
217 50 881
104 29 841
29 104 841
183 209 719
209 183 719
218 203 243
203 218 243
225 229 163
229 225 163
136 149 13
149 136 13
75 233 723
233 75 723
233 170 868
170 233 868
230 45 108
45 230 108
274 137 276
137 274 276
14 252 592
252 14 592
227 50 725
50 227 725
67 196 847
196 67 847
251 55 355
55 251 355
181 232 652
232 181 652
64 262 927
262 64 927
108 207 668
207 108 668
57 167 794
167 57 794
5 233 253
233 5 253
191 259 463
259 191 463
150 71 783
71 150 783
254 253 592
253 254 592
229 99 727
99 229 727
138 102 397
102 138 397
96 41 97
41 96 97
234 80 242
80 234 242
63 125 86
125 63 86
8 266 460
266 8 460
31 256 989
256 31 989
54 165 646
165 54 646
249 49 636
49 249 636
223 14 625
14 223 625
126 278 164
278 126 164
155 184 109
184 155 109
256 209 202
209 256 202
113 121 271
121 113 271
133 187 135
187 133 135
136 18 973
18 136 973
103 76 212
76 103 212
228 183 725
183 228 725
265 217 446
217 265 446
27 144 636
144 27 636
159 138 420
138 159 420
74 141 255
141 74 255
107 121 452
121 107 452
103 42 437
42 103 437
241 154 373
154 241 373
205 104 571
104 205 571
251 60 98
60 251 98
76 186 879
186 76 879
256 213 243
213 256 243
4 245 431
245 4 431
68 207 615
207 68 615
177 6 285
6 177 285
243 190 0
190 243 0
233 197 95
197 233 95
228 190 463
190 228 463
59 149 383
149 59 383
269 183 558
183 269 558
177 116 409
116 177 409
76 172 4
172 76 4
205 40 742
40 205 742
128 82 557
82 128 557
198 161 796
161 198 796
6 247 104
247 6 104
164 180 758
180 164 758
10 66 943
66 10 943
127 271 455
271 127 455
271 29 264
29 271 264
273 145 721
145 273 721
31 236 16
236 31 16
225 257 317
257 225 317
101 185 213
185 101 213
209 123 235
123 209 235
17 169 573
169 17 573
8 87 435
87 8 435
111 253 993
253 111 993
175 215 355
215 175 355
51 44 484
44 51 484
14 174 352
174 14 352
139 203 190
203 139 190
3 269 331
269 3 331
108 261 485
261 108 485
249 11 21
11 249 21
172 95 746
95 172 746
126 1 202
1 126 202
262 138 564
138 262 564
160 0 503
0 160 503
88 14 811
14 88 811
145 8 12
8 145 12
59 192 69
192 59 69
32 60 675
60 32 675
104 229 710
229 104 710
86 24 212
24 86 212
140 38 23
38 140 23
164 84 734
84 164 734
106 216 202
216 106 202
207 227 459
227 207 459
133 215 65
215 133 65
122 104 354
104 122 354
214 88 390
88 214 390
39 211 496
211 39 496
134 197 642
197 134 642
124 180 689
180 124 689
113 156 408
156 113 408
33 6 480
6 33 480
72 147 428
147 72 428
177 69 38
69 177 38
223 21 981
21 223 981
145 27 67
27 145 67
81 138 236
138 81 236
218 237 639
237 218 639
228 170 187
170 228 187
136 23 794
23 136 794
221 230 965
230 221 965
0 118 664
118 0 664
115 71 669
71 115 669
70 241 691
241 70 691
33 115 296
115 33 296
117 145 318
145 117 318
212 122 163
122 212 163
213 204 917
204 213 917
205 61 484
61 205 484
211 125 309
125 211 309
13 0 600
0 13 600
184 138 778
138 184 778
269 45 61
45 269 61
85 83 952
83 85 952
194 27 561
27 194 561
2 236 897
236 2 897
45 223 41
223 45 41
50 222 377
222 50 377
155 85 316
85 155 316
68 197 33
197 68 33
272 170 895
170 272 895
98 267 664
267 98 664
199 250 20
250 199 20
34 172 78
172 34 78
26 61 206
61 26 206
257 9 443
9 257 443
199 198 484
198 199 484
105 161 744
161 105 744
98 226 104
226 98 104
90 30 523
30 90 523
99 199 641
199 99 641
100 182 747
182 100 747
94 137 746
137 94 746
236 261 541
261 236 541
144 193 401
193 144 401
162 57 579
57 162 579
222 156 619
156 222 619
86 15 752
15 86 752
215 114 517
114 215 517
143 168 8
168 143 8
197 209 758
209 197 758
189 90 190
90 189 190
61 142 752
142 61 752
91 277 282
277 91 282
183 250 893
250 183 893
79 103 939
103 79 939
246 144 204
144 246 204
137 161 812
161 137 812
240 266 647
266 240 647
254 210 194
210 254 194
61 149 361
149 61 361
231 172 980
172 231 980
62 208 570
208 62 570
48 0 653
0 48 653
138 39 403
39 138 403
182 253 549
253 182 549
80 112 941
112 80 941
63 163 762
163 63 762
18 140 342
140 18 342
93 155 792
155 93 792
184 81 671
81 184 671
115 174 378
174 115 378
186 198 175
198 186 175
136 96 892
96 136 892
157 64 292
64 157 292
50 252 5
252 50 5
217 112 337
112 217 337
103 86 239
86 103 239
59 0 658
0 59 658
164 258 464
258 164 464
193 116 607
116 193 607
195 69 373
69 195 373
61 37 428
37 61 428
15 87 491
87 15 491
81 256 782
256 81 782
76 173 629
173 76 629
240 88 775
88 240 775
13 238 157
238 13 157
38 185 455
185 38 455
259 174 64
174 259 64
112 216 308
216 112 308
264 221 157
221 264 157
254 230 407
230 254 407
209 191 924
191 209 924
253 210 551
210 253 551
223 32 475
32 223 475
260 254 619
254 260 619
110 209 258
209 110 258
215 218 622
218 215 622
133 108 511
108 133 511
133 35 207
35 133 207
30 139 748
139 30 748
64 178 988
178 64 988
108 36 568
36 108 568
151 24 729
24 151 729
31 217 504
217 31 504
262 102 358
102 262 358
121 186 455
186 121 455
201 264 825
264 201 825
237 48 215
48 237 215
162 33 68
33 162 68
83 245 169
245 83 169
194 74 956
74 194 956
136 110 866
110 136 866
145 170 500
170 145 500
174 32 349
32 174 349
186 224 793
224 186 793
272 176 944
176 272 944
49 153 403
153 49 403
102 245 314
245 102 314
99 169 143
169 99 143
266 78 956
78 266 956
166 278 45
278 166 45
31 142 482
142 31 482
131 186 51
186 131 51
250 29 576
29 250 576
34 252 82
252 34 82
6 48 942
48 6 942
99 14 934
14 99 934
72 50 337
50 72 337
172 257 639
257 172 639
127 125 673
125 127 673
162 43 184
43 162 184
155 201 414
201 155 414
86 259 93
259 86 93
93 184 966
184 93 966
113 200 685
200 113 685
279 218 148
218 279 148
38 2 780
2 38 780
223 159 274
159 223 274
120 90 476
90 120 476
210 28 298
28 210 298
116 106 251
106 116 251
203 269 999
269 203 999
74 166 822
166 74 822
83 136 158
136 83 158
245 234 746
234 245 746
244 219 89
219 244 89
110 203 278
203 110 278
48 61 115
61 48 115
236 210 777
210 236 777
248 27 341
27 248 341
197 173 674
173 197 674
6 87 173
87 6 173
112 201 981
201 112 981
57 140 730
140 57 730
186 252 918
252 186 918
205 165 387
165 205 387
5 13 474
13 5 474
113 196 723
196 113 723
196 68 943
68 196 943
268 89 647
89 268 647
260 187 622
187 260 622
137 211 83
211 137 83
257 171 873
171 257 873
6 187 923
187 6 923
103 275 463
275 103 463
184 190 641
190 184 641
219 187 267
187 219 267
230 238 844
238 230 844
151 167 652
167 151 652
70 107 691
107 70 691
92 222 339
222 92 339
126 223 816
223 126 816
6 148 828
148 6 828
109 250 357
250 109 357
219 146 231
146 219 231
39 26 128
26 39 128
145 124 101
124 145 101
176 75 123
75 176 123
144 160 204
160 144 204
202 110 676
110 202 676
136 106 603
106 136 603
73 169 678
169 73 678
80 207 18
207 80 18
152 255 512
255 152 512
127 82 450
82 127 450
219 127 49
127 219 49
92 275 541
275 92 541
193 218 891
218 193 891
227 244 622
244 227 622
190 81 338
81 190 338
240 70 739
70 240 739
31 73 825
73 31 825
250 197 86
197 250 86
52 90 783
90 52 783
127 109 328
109 127 328
82 278 784
278 82 784
78 188 776
188 78 776
118 230 916
230 118 916
176 275 634
275 176 634
8 227 214
227 8 214