108 98 265
98 108 265
132 108 414
108 132 414
77 108 366
108 77 366
153 108 516
108 153 516
35 132 143
132 35 143
24 153 818
153 24 818
66 153 722
153 66 722
162 132 317
132 162 317
26 108 920
108 26 920
89 66 573
66 89 573
27 35 444
35 27 444
86 26 655
26 86 655
56 162 488
162 56 488
124 56 533
56 124 533
72 98 824
98 72 824
155 98 95
98 155 95
114 98 626
98 114 626
141 89 249
89 141 249
93 132 195
132 93 195
165 66 244
66 165 244
40 114 458
114 40 458
23 132 327
132 23 327
149 72 111
72 149 111
88 114 298
114 88 298
36 114 340
114 36 340
163 24 986
24 163 986
167 141 294
141 167 294
133 132 610
132 133 610
116 89 589
89 116 589
70 26 188
26 70 188
55 163 191
163 55 191
8 155 487
155 8 487
18 35 695
35 18 695
42 26 945
26 42 945
10 35 919
35 10 919
174 36 857
36 174 857
170 114 534
114 170 534
76 56 916
56 76 916
136 170 281
170 136 281
146 55 676
55 146 676
117 35 332
35 117 332
38 55 601
55 38 601
110 86 248
86 110 248
4 114 119
114 4 119
74 149 813
149 74 813
58 40 436
40 58 436
19 24 801
24 19 801
51 4 224
4 51 224
14 174 649
174 14 649
28 108 127
108 28 127
69 76 850
76 69 850
46 36 93
36 46 93
71 66 37
66 71 37
113 108 199
108 113 199
178 27 735
27 178 735
21 70 215
70 21 215
138 69 62
69 138 62
176 110 23
110 176 23
104 167 635
167 104 635
16 71 266
71 16 266
11 124 73
124 11 73
127 93 358
93 127 358
90 27 62
27 90 62
102 104 40
104 102 40
122 86 716
86 122 716
82 36 266
36 82 266
75 16 858
16 75 858
120 40 714
40 120 714
143 163 989
163 143 989
160 66 807
66 160 807
144 165 865
165 144 865
34 110 542
110 34 542
54 72 611
72 54 611
97 23 13
23 97 13
105 46 921
46 105 921
128 122 939
122 128 939
65 74 397
74 65 397
151 8 157
8 151 157
129 108 468
108 129 468
171 89 343
89 171 343
172 35 557
35 172 557
61 114 245
114 61 245
111 74 624
74 111 624
63 74 604
74 63 604
154 129 135
129 154 135
175 136 397
136 175 397
99 111 82
111 99 82
0 128 196
128 0 196
177 38 163
38 177 163
53 133 652
133 53 652
112 51 727
51 112 727
173 34 895
34 173 895
103 153 411
153 103 411
147 71 790
71 147 790
179 53 47
53 179 47
41 138 65
138 41 65
64 177 161
177 64 161
121 75 906
75 121 906
134 144 618
144 134 618
1 153 506
153 1 506
85 136 857
136 85 857
131 24 828
24 131 828
118 88 561
88 118 561
20 173 133
173 20 133
3 69 972
69 3 972
125 146 3
146 125 3
59 108 734
108 59 734
2 3 691
3 2 691
164 151 100
151 164 100
52 72 622
72 52 622
60 76 286
76 60 286
50 86 487
86 50 487
135 171 83
171 135 83
7 10 935
10 7 935
156 131 811
131 156 811
37 52 262
52 37 262
25 111 533
111 25 533
148 111 660
111 148 660
67 124 892
124 67 892
30 10 871
10 30 871
6 35 41
35 6 41
44 99 265
99 44 265
106 146 969
146 106 969
80 30 581
30 80 581
169 35 866
35 169 866
152 106 718
106 152 718
123 111 506
111 123 506
150 25 655
25 150 655
91 179 892
179 91 892
109 74 212
74 109 212
83 97 9
97 83 9
31 76 277
76 31 277
79 175 808
175 79 808
87 149 346
149 87 346
157 26 42
26 157 42
62 117 153
117 62 153
145 97 369
97 145 369
96 18 300
18 96 300
29 44 748
44 29 748
57 86 315
86 57 315
45 79 746
79 45 746
15 65 412
65 15 412
100 128 424
128 100 424
32 36 574
36 32 574
158 6 345
6 158 345
107 55 490
55 107 490
39 123 436
123 39 436
12 65 343
65 12 343
137 136 941
136 137 941
33 32 384
32 33 384
159 23 67
23 159 67
161 40 202
40 161 202
140 21 62
21 140 62
81 132 100
132 81 100
84 15 531
15 84 531
68 7 942
7 68 942
115 137 731
137 115 731
168 178 433
178 168 433
13 147 225
147 13 225
73 137 795
137 73 795
47 52 196
52 47 196
101 116 65
116 101 65
5 87 462
87 5 462
78 70 509
70 78 509
92 122 212
122 92 212
130 89 970
89 130 970
166 178 638
178 166 638
22 163 202
163 22 202
119 41 370
41 119 370
139 76 107
76 139 107
126 170 577
170 126 577
95 5 696
5 95 696
48 79 507
79 48 507
142 61 853
61 142 853
49 123 650
123 49 650
17 96 624
96 17 624
9 132 348
132 9 348
94 61 36
61 94 36
43 122 617
122 43 617
136 64 596
64 136 596
105 30 67
30 105 67
40 31 889
31 40 889
89 155 230
155 89 230
18 89 307
89 18 307
77 7 338
7 77 338
117 76 889
76 117 889
166 25 991
25 166 991
179 64 922
64 179 922
157 150 34
150 157 34
107 149 694
149 107 694
31 140 78
140 31 78
164 46 296
46 164 296
145 140 427
140 145 427
106 134 622
134 106 622
33 104 871
104 33 871
35 22 906
22 35 906
98 58 309
58 98 309
91 158 260
158 91 260
154 155 505
155 154 505
75 65 791
65 75 791
20 121 829
121 20 829
121 72 167
72 121 167
78 8 244
8 78 244
54 154 56
154 54 56
26 106 427
106 26 427
174 169 911
169 174 911
81 165 689
165 81 689
94 76 829
76 94 829
53 3 36
3 53 36
68 67 395
67 68 395
25 86 103
86 25 103
30 76 20
76 30 20
162 140 632
140 162 632
18 47 331
47 18 331
163 43 562
43 163 562
130 0 199
0 130 199
121 169 113
169 121 113
72 68 717
68 72 717
67 115 647
115 67 647
175 130 127
130 175 127
142 13 303
13 142 303
8 134 818
134 8 818
105 142 829
142 105 829
55 31 881
31 55 881
51 26 800
26 51 800
1 135 380
135 1 380
51 37 365
37 51 365
47 93 979
93 47 979
27 89 497
89 27 497
122 24 967
24 122 967
79 139 582
139 79 582
107 178 235
178 107 235
149 73 798
73 149 798
150 94 536
94 150 536
59 91 312
91 59 312
116 170 436
170 116 436
32 2 945
2 32 945
40 163 425
163 40 425
155 36 425
36 155 425
136 66 810
66 136 810
7 52 702
52 7 702
125 66 508
66 125 508
111 102 80
102 111 80
53 141 124
141 53 124
112 9 30
9 112 30
0 177 182
177 0 182
132 104 838
104 132 838
103 141 610
141 103 610
174 71 3
71 174 3
46 22 689
22 46 689
55 108 300
108 55 300
147 17 25
17 147 25
81 104 879
104 81 879
174 19 464
19 174 464
133 44 352
44 133 352
82 18 28
18 82 28
71 173 343
173 71 343
6 97 303
97 6 303
45 101 334
101 45 334
19 159 82
159 19 82
163 62 594
62 163 594
151 146 385
146 151 385
170 8 823
8 170 823
138 171 520
171 138 520
127 16 772
16 127 772
19 97 381
97 19 381
59 119 47
119 59 47
18 140 21
140 18 21
1 93 719
93 1 719
141 18 430
18 141 430
128 57 426
57 128 426
174 159 432
159 174 432
128 5 363
5 128 363
40 90 455
90 40 455
47 147 652
147 47 652
157 124 385
124 157 385
20 132 427
132 20 427
61 50 208
50 61 208
179 105 975
105 179 975
30 149 973
149 30 973
19 167 283
167 19 283
133 15 620
15 133 620
17 136 814
136 17 814
43 7 950
7 43 950
131 19 786
19 131 786
59 52 178
52 59 178
90 37 348
37 90 348
79 174 363
174 79 363
148 47 652
47 148 652
23 106 773
106 23 773
46 98 850
98 46 850
94 7 633
7 94 633
148 108 223
108 148 223
128 116 787
116 128 787
47 65 558
65 47 558
84 136 434
136 84 434
30 48 509
48 30 509
104 29 780
29 104 780
118 144 647
144 118 647
35 70 276
70 35 276
126 89 0
89 126 0
122 85 538
85 122 538
12 85 455
85 12 455
163 102 362
102 163 362
34 95 930
95 34 930
28 161 87
161 28 87
26 141 811
141 26 811
75 151 546
151 75 546
99 70 542
70 99 542
90 117 69
117 90 69
125 97 289
97 125 289
79 42 587
42 79 587
79 73 215
73 79 215
62 3 978
3 62 978
101 29 413
29 101 413
144 97 452
97 144 452
179 158 643
158 179 643
10 146 126
146 10 126
94 70 390
70 94 390
131 159 479
159 131 479
10 100 684
100 10 684
128 53 647
53 128 647
6 125 223
125 6 223
44 169 711
169 44 711
150 172 504
172 150 504
130 72 454
72 130 454
128 174 763
174 128 763
152 56 908
56 152 908
13 178 26
178 13 26
53 30 400
30 53 400
132 87 68
87 132 68
49 165 702
165 49 702
126 85 6
85 126 6
173 89 118
89 173 118
168 98 276
98 168 276
5 43 299
43 5 299
176 174 769
174 176 769
107 54 195
54 107 195
163 60 471
60 163 471
63 121 172
121 63 172
63 59 663
59 63 663
49 60 151
60 49 151
7 170 536
170 7 536
171 18 213
18 171 213
19 135 357
135 19 357
134 164 826
164 134 826
169 134 747
134 169 747
21 28 449
28 21 449
46 33 727
33 46 727
86 134 34
134 86 34
104 101 86
101 104 86
19 103 58
103 19 58
5 48 177
48 5 177
104 68 304
68 104 304
68 23 721
23 68 721
83 34 789
34 83 789
53 25 55
25 53 55
47 94 528
94 47 528
139 130 977
130 139 977
57 52 594
52 57 594
37 169 260
169 37 260
6 178 345
178 6 345
120 89 44
89 120 44
56 117 358
117 56 358
98 97 670
97 98 670
108 10 65
10 108 65
164 142 227
142 164 227
84 85 571
85 84 571
21 37 197
37 21 197
175 84 104
84 175 104
84 40 813
40 84 813
172 61 548
61 172 548
37 111 261
111 37 261
66 79 45
79 66 45
51 147 82
147 51 82
71 87 354
87 71 354
51 69 257
69 51 257
95 65 319
65 95 319
31 121 260
121 31 260
106 0 892
0 106 892
11 27 313
27 11 313
45 141 9
141 45 9
25 152 741
152 25 741
50 3 505
3 50 505
25 50 120
50 25 120
40 165 246
165 40 246
36 136 423
136 36 423
113 50 627
50 113 627
93 164 572
164 93 572
1 89 981
89 1 981
58 90 501
90 58 501
21 8 860
8 21 860
144 53 327
53 144 327
60 167 570
167 60 570
54 68 554
68 54 554
69 105 796
105 69 796
135 83 619
83 135 619
148 145 649
145 148 649
82 143 237
143 82 237
153 70 629
70 153 629
36 4 750
4 36 750
125 90 223
90 125 223
34 22 6
22 34 6
145 83 438
83 145 438
86 55 393
55 86 393
92 143 121
143 92 121
32 112 235
112 32 235
95 29 676
29 95 676
34 21 757
21 34 757
11 155 530
155 11 530
151 95 335
95 151 335
104 179 643
179 104 643
44 54 596
54 44 596
110 10 829
10 110 829
77 45 516
45 77 516
111 103 599
103 111 599
101 24 831
24 101 831
18 85 158
85 18 158
74 93 138
93 74 138
46 123 583
123 46 583
94 113 240
113 94 240
18 104 778
104 18 778
121 53 623
53 121 623
159 18 644
18 159 644
123 167 630
167 123 630
24 87 610
87 24 610
112 169 466
169 112 466
129 77 981
77 129 981
21 15 668
15 21 668
117 119 900
119 117 900
152 29 321
29 152 321
165 82 140
82 165 140
81 131 720
131 81 720
51 172 804
172 51 804
97 121 966
121 97 966
72 71 39
71 72 39
171 90 351
90 171 351
50 126 743
126 50 743
22 138 266
138 22 266
0 126 166
126 0 166
151 153 364
153 151 364
107 96 59
96 107 59
47 76 361
76 47 361
35 73 62
73 35 62
24 11 46
11 24 46
77 138 968
138 77 968
166 111 68
111 166 68
72 0 995
0 72 995
119 2 139
2 119 139
178 7 445
7 178 445
174 112 319
112 174 319
74 130 336
130 74 336
20 64 9
64 20 9
20 75 546
75 20 546
62 49 721
49 62 721
148 89 578
89 148 578
55 20 976
20 55 976
134 110 3
110 134 3
150 10 636
10 150 636
119 83 860
83 119 860
43 170 81
170 43 81
63 16 860
16 63 860
74 90 968
90 74 968
35 110 760
110 35 760
49 100 172
100 49 172
165 164 949
164 165 949
140 163 635
163 140 635
73 25 727
25 73 727
76 115 616
115 76 616
89 102 348
102 89 348
41 24 640
24 41 640
26 123 91
123 26 91
112 97 687
97 112 687
76 25 241
25 76 241
91 112 166
112 91 166
118 175 276
175 118 276
152 1 15
1 152 15
129 157 922
157 129 922
54 57 480
57 54 480
162 62 584
62 162 584
45 75 956
75 45 956
49 26 466
26 49 466
85 70 413
70 85 413
0 152 52
152 0 52
35 143 757
143 35 757
162 122 697
122 162 697
142 12 719
12 142 719
97 49 780
49 97 780
71 157 528
157 71 528
99 121 854
121 99 854
102 71 118
71 102 118
32 63 824
63 32 824
127 33 690
33 127 690
62 142 896
142 62 896
53 117 938
117 53 938
136 63 866
63 136 866
132 137 835
137 132 835
56 32 159
32 56 159
0 173 298
173 0 298
73 105 330
105 73 330
152 118 615
118 152 615
52 110 1
110 52 1
174 158 44
158 174 44
135 8 349
8 135 349
132 44 931
44 132 931
139 119 797
119 139 797
122 68 192
68 122 192
114 57 958
57 114 958
2 144 972
144 2 972
4 157 173
157 4 173
155 22 654
22 155 654
146 12 112
12 146 112
91 47 815
47 91 815
29 81 393
81 29 393
60 120 318
120 60 318
34 77 438
77 34 438
144 82 550
82 144 550
87 45 325
45 87 325
99 51 722
51 99 722
52 174 865
174 52 865
108 109 159
109 108 159
119 43 945
43 119 945
32 121 369
121 32 369
148 26 575
26 148 575
3 101 628
101 3 628
176 153 370
153 176 370
157 146 696
146 157 696
14 47 362
47 14 362
73 43 508
43 73 508
153 90 585
90 153 585
11 160 189
160 11 189
59 93 586
93 59 586
7 16 761
16 7 761
156 109 916
109 156 916
36 51 168
51 36 168
50 155 950
155 50 950
164 101 404
101 164 404
143 102 447
102 143 447
112 68 335
68 112 335
149 151 30
151 149 30
152 132 780
132 152 780
102 69 780
69 102 780
85 121 446
121 85 446
101 73 689
73 101 689
134 94 901
94 134 901
26 137 476
137 26 476
53 158 129
158 53 129
32 144 335
144 32 335
24 85 485
85 24 485
79 89 83
89 79 83
32 0 369
0 32 369
108 114 195
114 108 195
133 126 553
126 133 553
30 27 322
27 30 322
24 171 402
171 24 402
8 101 281
101 8 281
20 126 145
126 20 145
161 170 413
170 161 413
151 109 61
109 151 61
117 8 914
8 117 914
42 106 722
106 42 722
78 27 747
27 78 747
79 27 843
27 79 843
15 17 762
17 15 762
94 58 352
58 94 352
137 40 82
40 137 82
100 4 832
4 100 832
75 69 819
69 75 819
82 111 717
111 82 717
102 82 529
82 102 529
37 136 774
136 37 774
7 45 156
45 7 156
26 47 599
47 26 599
74 78 524
78 74 524
162 171 837
171 162 837
141 14 663
14 141 663
37 68 244
68 37 244
25 79 163
79 25 163
154 166 138
166 154 138
6 15 58
15 6 58
29 40 840
40 29 840
31 99 2
99 31 2
165 163 437
163 165 437
84 53 583
53 84 583
156 154 853
154 156 853
41 83 370
83 41 370
101 70 139
70 101 139
172 58 751
58 172 751
8 153 345
153 8 345
84 14 45
14 84 45
3 92 63
92 3 63
94 129 815
129 94 815
134 56 614
56 134 614
110 112 940
112 110 940
93 20 55
20 93 55
50 53 618
53 50 618
168 122 688
122 168 688
129 32 869
32 129 869
37 3 185
3 37 185
66 37 821
37 66 821
75 51 972
51 75 972
134 155 366
155 134 366
88 55 26
55 88 26
177 35 181
35 177 181
118 115 707
115 118 707
166 77 330
77 166 330
37 45 763
45 37 763
9 152 487
152 9 487
165 56 548
56 165 548
131 75 28
75 131 28
92 31 98
31 92 98
165 154 367
154 165 367
36 30 991
30 36 991
162 136 930
136 162 930
31 73 824
73 31 824
54 26 0
26 54 0
41 175 160
175 41 160
57 94 150
94 57 150
117 4 798
4 117 798
146 5 696
5 146 696
127 13 336
13 127 336
24 106 981
106 24 981
73 48 407
48 73 407
27 138 246
138 27 246
101 34 336
34 101 336
110 16 360
16 110 360
138 117 899
117 138 899
59 148 372
148 59 372
32 10 395
10 32 395
32 77 166
77 32 166
137 108 703
108 137 703
134 4 152
4 134 152
153 61 522
61 153 522
98 26 48
26 98 48
133 107 626
107 133 626
170 95 805
95 170 805
64 24 428
24 64 428
60 158 935
158 60 935
49 154 728
154 49 728
90 10 372
10 90 372
109 178 546
178 109 546
131 141 132
141 131 132
20 32 674
32 20 674
177 88 441
88 177 441
60 127 482
127 60 482
64 138 938
138 64 938
85 11 660
11 85 660
106 85 942
85 106 942
12 114 855
114 12 855
102 160 906
160 102 906
87 179 555
179 87 555
35 81 626
81 35 626
6 16 282
16 6 282
89 68 329
68 89 329
1 73 109
73 1 109
62 86 147
86 62 147
1 24 786
24 1 786
59 1 443
1 59 443
163 25 618
25 163 618
148 117 173
117 148 173
99 6 420
6 99 420
146 159 940
159 146 940
34 150 115
150 34 115
147 0 146
0 147 146
73 112 784
112 73 784
6 47 531
47 6 531
56 28 898
28 56 898
122 74 740
74 122 740
137 111 303
111 137 303
64 101 42
101 64 42
97 45 441
45 97 441
162 142 420
142 162 420
120 41 745
41 120 745
71 0 137
0 71 137
18 133 627
133 18 627
112 38 31
38 112 31
52 39 407
39 52 407
148 93 657
93 148 657
142 93 796
93 142 796
2 29 743
29 2 743
45 10 173
10 45 173
136 71 168
71 136 168
176 66 537
66 176 537
42 152 365
152 42 365
13 54 733
54 13 733
154 70 821
70 154 821
20 146 350
146 20 350
73 150 991
150 73 991
63 62 711
62 63 711
170 41 757
41 170 757
15 151 240
151 15 240
41 0 399
0 41 399
30 109 313
109 30 313
20 36 699
36 20 699
136 108 597
108 136 597
161 101 721
101 161 721
31 167 713
167 31 713
92 94 209
94 92 209
161 78 617
78 161 617
83 133 273
133 83 273
17 115 172
115 17 172
41 40 812
40 41 812
26 132 118
132 26 118
173 106 325
106 173 325
167 48 463
48 167 463
147 137 713
137 147 713
102 139 498
139 102 498
176 146 575
146 176 575
45 93 799
93 45 799
109 110 26
110 109 26
78 38 899
38 78 899
31 20 622
20 31 622
119 71 448
71 119 448
49 118 270
118 49 270
35 33 137
33 35 137
134 50 578
50 134 578
56 41 951
41 56 951
23 78 602
78 23 602
118 154 238
154 118 238
91 37 40
37 91 40
44 168 104
168 44 104
120 91 502
91 120 502
45 92 403
92 45 403
6 75 185
75 6 185
176 96 373
96 176 373
146 65 872
65 146 872
84 174 467
174 84 467
114 44 402
44 114 402
32 15 94
15 32 94
75 106 235
106 75 235
133 105 144
105 133 144
173 88 141
88 173 141
22 124 842
124 22 842
139 10 600
10 139 600
100 28 7
28 100 7
162 118 571
118 162 571
43 81 502
81 43 502
17 167 953
167 17 953
6 100 355
100 6 355
99 88 702
88 99 702
108 11 232
11 108 232
123 129 281
129 123 281
138 132 507
132 138 507
53 109 948
109 53 948
99 149 79
149 99 79
151 107 432
107 151 432
138 147 986
147 138 986
64 170 237
170 64 237
54 69 760
69 54 760
106 22 901
22 106 901
112 34 393
34 112 393
68 18 851
18 68 851
70 131 363
131 70 363
150 30 234
30 150 234
166 179 647
179 166 647
112 52 284
52 112 284
112 131 785
131 112 785
34 163 491
163 34 491
97 70 456
70 97 456
136 0 955
0 136 955
127 19 951
19 127 951
175 123 234
123 175 234
133 142 393
142 133 393
134 148 525
148 134 525
148 32 848
32 148 848
168 21 691
21 168 691
131 150 318
150 131 318
80 104 322
104 80 322
31 49 1
49 31 1
149 172 403
172 149 403
176 52 49
52 176 49
39 89 416
89 39 416
149 75 205
75 149 205
111 133 185
133 111 185
94 103 28
103 94 28
104 27 8
27 104 8
64 62 4
62 64 4
18 116 841
116 18 841
81 84 957
84 81 957
69 165 758
165 69 758
67 28 868
28 67 868
98 79 918
79 98 918
13 125 68
125 13 68
145 74 948
74 145 948
104 176 950
176 104 950
125 64 486
64 125 486
98 60 215
60 98 215
64 89 630
89 64 630
120 66 596
66 120 596
0 175 693
175 0 693
37 78 137
78 37 137
161 31 94
31 161 94
102 24 708
24 102 708
174 168 790
168 174 790
22 42 388
42 22 388
71 107 999
107 71 999
22 172 206
172 22 206
59 109 512
109 59 512
70 100 108
100 70 108
9 6 127
6 9 127
109 7 481
7 109 481
74 37 560
37 74 560
175 8 426
8 175 426
122 41 80
41 122 80
32 91 343
91 32 343
104 37 254
37 104 254
177 106 793
106 177 793
3 24 457
24 3 457
108 45 414
45 108 414
7 138 439
138 7 439
11 102 488
102 11 488
6 174 233
174 6 233
50 34 368
34 50 368
166 80 613
80 166 613
76 79 700
79 76 700
23 51 307
51 23 307
31 47 689
47 31 689
55 72 158
72 55 158
99 26 342
26 99 342
13 117 784
117 13 784
67 134 694
134 67 694
51 3 508
3 51 508
14 38 400
38 14 400
86 175 908
175 86 908
142 79 192
79 142 192
111 58 531
58 111 531
96 161 596
161 96 596
60 101 705
101 60 705
168 152 920
152 168 920
119 107 951
107 119 951
113 140 451
140 113 451
162 127 499
127 162 499
81 172 569
172 81 569
28 98 44
98 28 44
72 42 248
42 72 248
135 95 624
95 135 624
138 119 700
119 138 700
167 2 946
2 167 946
92 101 293
101 92 293
142 175 505
175 142 505
49 14 167
14 49 167
179 15 863
15 179 863
112 50 400
50 112 400
50 119 325
119 50 325
67 114 150
114 67 150
21 116 769
116 21 769
136 1 973
1 136 973
148 96 215
96 148 215
147 27 21
27 147 21
118 71 89
71 118 89
3 137 583
137 3 583
3 96 215
96 3 215
101 108 983
108 101 983
126 42 543
42 126 543
78 169 316
169 78 316
64 29 550
29 64 550
155 165 619
165 155 619
152 77 208
77 152 208
59 115 775
115 59 775
173 129 85
129 173 85
35 11 628
11 35 628
66 33 884
33 66 884
83 147 157
147 83 157
67 82 112
82 67 112
159 7 285
7 159 285
21 64 393
64 21 393
91 175 233
175 91 233
159 75 958
75 159 958
23 27 158
27 23 158
171 73 598
73 171 598
32 80 64
80 32 64
87 44 445
44 87 445
172 121 746
121 172 746
24 116 444
116 24 444
84 139 958
139 84 958
42 174 906
174 42 906
66 70 722
70 66 722
52 90 32
90 52 32
47 143 270
143 47 270
121 116 352
116 121 352
97 179 630
179 97 630
5 51 762
51 5 762
96 72 346
72 96 346
83 45 14
45 83 14
117 152 839
152 117 839
35 5 883
5 35 883
82 63 140
63 82 140
0 36 628
36 0 628
100 125 978
125 100 978
114 102 584
102 114 584
163 79 76
79 163 76
33 8 496
8 33 496
162 79 860
79 162 860
138 0 99
0 138 99
15 178 181
178 15 181
9 119 984
119 9 984
176 131 206
131 176 206
84 94 763
94 84 763
50 177 161
177 50 161
120 177 997
177 120 997
57 69 221
69 57 221
67 171 131
171 67 131
160 100 680
100 160 680
98 40 676
40 98 676
111 151 893
151 111 893
61 162 86
162 61 86
68 77 299
77 68 299
116 38 728
38 116 728
160 69 525
69 160 525
45 0 885
0 45 885
7 23 424
23 7 424
150 62 851
62 150 851
20 165 607
165 20 607
148 61 178
61 148 178
105 11 643
11 105 643
60 95 715
95 60 715
54 162 23
162 54 23
132 5 865
5 132 865
120 93 891
93 120 891
119 171 324
171 119 324
57 166 294
166 57 294
86 90 869
90 86 869
9 31 143
31 9 143
82 161 57
161 82 57
134 59 287
59 134 287
137 138 259
138 137 259
171 62 501
62 171 501
7 55 433
55 7 433
179 110 533
110 179 533
56 104 723
104 56 723
44 121 31
121 44 31
11 165 315
165 11 315
36 58 925
58 36 925
8 50 15
50 8 15
173 87 423
87 173 423
55 87 252
87 55 252
123 34 274
34 123 274
118 52 482
52 118 482
94 124 168
124 94 168
87 112 207
112 87 207
90 76 226
76 90 226
65 170 190
170 65 190
45 102 557
102 45 557
24 58 238
58 24 238
125 127 776
127 125 776
100 8 902
8 100 902
12 110 762
110 12 762
90 87 792
87 90 792
128 35 739
35 128 739
25 69 63
69 25 63
3 38 390
38 3 390
91 134 217
134 91 217
121 62 538
62 121 538
152 163 129
163 152 129
23 62 11
62 23 11
165 132 984
132 165 984
127 85 461
85 127 461
95 160 422
160 95 422
0 119 405
119 0 405
82 93 913
93 82 913
146 33 248
33 146 248
71 27 779
27 71 779
56 109 828
109 56 828
114 9 456
9 114 456
90 156 727
156 90 727
119 42 614
42 119 614
73 109 296
109 73 296
77 140 151
140 77 151
177 139 366
139 177 366
103 128 513
128 103 513
78 17 259
17 78 259
42 35 490
35 42 490
69 84 406
84 69 406
175 6 308
6 175 308
50 10 486
10 50 486
105 43 934
43 105 934
63 177 873
177 63 873
5 81 389
81 5 389
85 131 712
131 85 712
150 128 690
128 150 690
32 16 193
16 32 193
52 178 271
178 52 271
83 38 521
38 83 521
10 161 529
161 10 529
62 91 856
91 62 856
92 6 939
6 92 939
99 82 443
82 99 443
65 37 928
37 65 928
130 87 53
87 130 53
14 122 469
122 14 469
17 114 18
114 17 18
69 161 105
161 69 105
122 98 845
98 122 845
178 19 632
19 178 632
4 119 369
119 4 369
68 120 9
120 68 9
95 22 16
22 95 16
35 84 938
84 35 938
38 129 985
129 38 985
16 1 842
1 16 842
123 173 878
173 123 878
53 23 596
23 53 596
52 116 716
116 52 716
24 4 14
4 24 14
161 62 279
62 161 279
53 71 891
71 53 891
121 28 326
28 121 326
19 74 508
74 19 508
22 76 626
76 22 626
159 91 417
91 159 417
33 73 963
73 33 963
176 98 55
98 176 55
60 81 32
81 60 32
92 42 514
42 92 514
40 59 317
59 40 317
63 101 938
101 63 938
73 168 193
168 73 193
72 175 994
175 72 994
10 171 672
171 10 672
160 80 1000
80 160 1000
106 84 934
84 106 934
63 143 917
143 63 917
92 93 469
93 92 469
146 167 524
167 146 524
82 100 731
100 82 731
118 84 458
84 118 458
59 126 162
126 59 162
84 59 784
59 84 784
8 49 672
49 8 672
133 137 791
137 133 791
133 19 764
19 133 764
106 105 702
105 106 702
36 49 782
49 36 782
2 75 282
75 2 282
133 101 364
101 133 364
109 145 821
145 109 821
93 89 622
89 93 622
77 10 909
10 77 909
55 121 802
121 55 802
106 171 647
171 106 647
10 40 719
40 10 719
1 78 593
78 1 593
138 86 214
86 138 214
3 66 48
66 3 48
140 131 135
131 140 135
100 20 414
20 100 414
29 124 760
124 29 760
7 96 148
96 7 148
100 78 212
78 100 212
33 110 850
110 33 850
23 39 480
39 23 480
54 120 258
120 54 258
113 118 701
118 113 701
132 101 882
101 132 882
56 87 792
87 56 792
114 132 654
132 114 654
34 136 791
136 34 791
174 91 137
91 174 137
116 154 6
154 116 6
61 170 338
170 61 338
12 155 88
155 12 88
179 71 259
71 179 259
156 63 698
63 156 698
80 145 539
145 80 539
40 171 449
171 40 449
121 118 555
118 121 555
44 45 436
45 44 436
31 141 928
141 31 928
21 174 659
174 21 659
131 109 320
109 131 320
170 141 146
141 170 146
136 121 660
121 136 660
32 116 680
116 32 680
114 87 274
87 114 274
32 65 360
65 32 360
139 44 411
44 139 411
159 172 761
172 159 761
126 13 477
13 126 477
83 0 237
0 83 237
150 26 742
26 150 742
121 103 350
103 121 350
83 108 255
108 83 255
39 93 486
93 39 486
133 147 445
147 133 445
168 127 558
127 168 558
24 31 519
31 24 519
133 89 583
89 133 583
112 89 965
89 112 965
103 58 349
58 103 349
120 80 494
80 120 494
59 98 830
98 59 830
92 16 670
16 92 670
166 44 760
44 166 760
0 142 822
142 0 822
117 27 779
27 117 779
44 22 950
22 44 950
38 121 712
121 38 712
54 49 899
49 54 899
12 106 218
106 12 218
24 37 638
37 24 638
140 126 177
126 140 177
68 135 322
135 68 322
12 111 440
111 12 440
158 73 147
73 158 147
83 164 400
164 83 400
16 147 390
147 16 390
105 113 261
113 105 261
11 145 601
145 11 601
179 37 243
37 179 243
140 175 638
175 140 638
101 170 329
170 101 329
127 174 864
174 127 864
122 57 177
57 122 177
145 161 117
161 145 117
7 44 209
44 7 209
9 58 614
58 9 614
112 81 255
81 112 255
23 96 508
96 23 508
71 105 399
105 71 399
143 83 206
83 143 206
53 20 322
20 53 322
35 14 979
14 35 979
28 81 851
81 28 851
117 15 469
15 117 469
165 102 513
102 165 513
54 17 498
17 54 498
59 171 868
171 59 868
95 43 894
43 95 894
94 121 55
121 94 55
116 72 342
72 116 342
146 120 629
120 146 629
100 50 316
50 100 316
57 125 873
125 57 873
106 179 225
179 106 225
48 23 743
23 48 743
165 73 93
73 165 93
91 153 875
153 91 875
22 137 525
137 22 525
63 161 98
161 63 98
32 35 42
35 32 42
88 129 93
129 88 93
33 1 726
1 33 726
8 39 964
39 8 964
68 157 981
157 68 981
28 144 302
144 28 302
146 19 604
19 146 604
138 10 133
10 138 133
176 82 507
82 176 507
65 115 277
115 65 277
46 165 139
165 46 139
119 20 997
20 119 997
58 28 891
28 58 891
33 153 359
153 33 359
145 22 491
22 145 491
48 8 773
8 48 773
143 165 919
165 143 919
43 168 872
168 43 872
17 144 810
144 17 810
140 108 915
108 140 915
174 39 691
39 174 691
98 8 148
8 98 148
80 89 515
89 80 515
172 21 685
21 172 685
4 37 324
37 4 324
139 135 236
135 139 236
130 5 751
5 130 751
160 51 102
51 160 102
177 169 278
169 177 278
53 145 602
145 53 602
34 178 292
178 34 292
45 1 67
1 45 67
4 41 116
41 4 116
159 130 97
130 159 97
31 10 732
10 31 732
25 174 432
174 25 432
82 145 199
145 82 199
74 114 271
114 74 271
50 111 385
111 50 385
83 56 352
56 83 352
134 121 562
121 134 562
8 96 582
96 8 582
76 166 35
166 76 35
151 115 454
115 151 454
31 39 425
39 31 425
71 67 208
67 71 208
1 23 99
23 1 99
145 131 124
131 145 124
91 95 477
95 91 477
166 38 33
38 166 33
69 104 246
104 69 246
88 140 387
140 88 387
20 114 908
114 20 908
57 113 538
113 57 538
28 178 503
178 28 503
149 14 946
14 149 946
36 83 133
83 36 133
81 14 563
14 81 563
39 79 654
79 39 654
168 52 615
52 168 615
85 78 934
78 85 934
75 95 819
95 75 819
30 5 645
5 30 645
81 66 359
66 81 359
0 46 718
46 0 718
78 162 998
162 78 998
28 50 220
50 28 220
31 142 217
142 31 217
108 174 242
174 108 242
37 30 93
30 37 93
81 160 855
160 81 855
130 97 401
97 130 401
63 139 918
139 63 918
128 126 90
126 128 90
115 55 846
55 115 846
123 147 627
147 123 627
13 166 90
166 13 90
176 42 419
42 176 419
11 153 496
153 11 496
34 174 529
174 34 529
101 147 756
147 101 756
48 170 118
170 48 118
109 61 327
61 109 327
142 173 925
173 142 925
14 69 302
69 14 302
79 94 434
94 79 434
130 41 404
41 130 404
26 174 451
174 26 451
93 54 644
54 93 644
119 136 539
136 119 539
51 81 501
81 51 501
177 136 599
136 177 599
76 107 439
107 76 439
75 113 119
113 75 119
146 135 938
135 146 938
145 2 959
2 145 959
74 26 306
26 74 306
30 107 87
107 30 87
142 103 662
103 142 662
36 152 251
152 36 251
79 33 88
33 79 88
67 137 263
137 67 263
43 100 812
100 43 812
41 117 243
117 41 243
73 55 695
55 73 695
12 31 163
31 12 163
123 130 955
130 123 955
73 127 13
127 73 13
138 174 723
174 138 723
140 95 785
95 140 785
174 5 994
5 174 994
136 159 635
159 136 635
74 167 286
167 74 286
88 143 637
143 88 637
67 39 798
39 67 798
82 12 429
12 82 429
89 174 847
174 89 847
156 72 355
72 156 355
154 122 652
122 154 652
20 134 927
134 20 927
35 105 668
105 35 668
11 113 794
113 11 794
23 174 253
174 23 253
79 113 463
113 79 463
172 132 783
132 172 783
102 59 592
59 102 592
31 57 132
57 31 132
63 158 671
158 63 671
62 134 946
134 62 946
69 128 97
128 69 97
135 130 650
130 135 650
143 16 820
16 143 820
92 75 924
75 92 924
151 40 376
40 151 376
170 156 26
156 170 26
121 78 458
78 121 458
56 47 795
47 56 795
54 109 636
109 54 636
2 67 625
67 2 625
158 31 199
31 158 199
117 108 273
108 117 273
167 121 724
121 167 724
122 28 496
28 122 496
30 75 527
75 30 527
118 18 623
18 118 623
123 120 973
120 123 973
4 9 15
9 4 15
71 175 267
175 71 267
167 22 31
22 167 31
60 129 330
129 60 330
13 14 338
14 13 338
3 8 985
8 3 985
78 55 255
55 78 255
112 30 452
30 112 452
4 49 857
49 4 857
53 164 869
164 53 869
60 20 373
20 60 373
137 167 89
167 137 89
15 156 134
156 15 134
88 77 972
77 88 972
87 43 395
43 87 395
166 16 402
16 166 402
5 88 431
88 5 431
124 95 861
95 124 861
105 140 174
140 105 174
65 144 539
144 65 539
55 15 684
15 55 684
48 175 0
175 48 0
174 98 95
98 174 95
175 156 867
156 175 867
28 127 383
127 28 383
126 107 472
107 126 472
82 29 175
29 82 175
156 77 105
77 156 105
108 167 337
167 108 337
71 129 557
129 71 557
116 150 796
150 116 796
65 149 104
149 65 104
29 115 295
115 29 295
72 127 943
127 72 943
133 49 168
49 133 168
135 38 169
38 135 169
67 9 171
9 67 171
50 107 27
107 50 27
100 41 16
41 100 16
55 36 317
36 55 317
40 47 786
47 40 786
64 71 262
71 64 262
121 176 474
176 121 474
92 161 516
161 92 516
100 147 191
147 100 191
2 5 825
5 2 825
132 33 431
33 132 431
81 34 355
34 81 355
83 171 484
171 83 484
73 67 901
67 73 901
102 0 279
0 102 279
117 19 900
19 117 900
21 148 331
148 21 331
78 35 381
35 78 381
6 13 807
13 6 807
43 54 691
54 43 691
90 35 104
35 90 104
25 31 838
31 25 838
58 134 974
134 58 974
43 63 564
63 43 564
42 162 503
162 42 503
3 67 811
67 3 811
50 147 12
147 50 12
28 158 208
158 28 208
114 169 134
169 114 134
22 23 736
23 22 736
31 126 963
126 31 963
45 118 628
118 45 628
144 71 80
71 144 80
164 35 557
35 164 557
44 98 202
98 44 202
115 105 851
105 115 851
59 7 720
7 59 720
83 43 290
43 83 290
155 26 88
26 155 88
0 64 658
64 0 658
3 64 800
64 3 800
92 5 789
5 92 789
104 34 496
34 104 496
131 45 0
45 131 0
73 60 650
60 73 650
54 95 496
95 54 496
136 131 690
131 136 690
52 85 731
85 52 731
33 140 309
140 33 309
30 57 378
57 30 378
65 59 837
59 65 837
137 92 790
92 137 790
110 0 38
0 110 38
2 50 981
50 2 981
50 129 67
129 50 67
142 176 339
176 142 339
104 41 24
41 104 24
13 175 159
175 13 159
58 123 898
123 58 898
114 81 32
81 114 32
176 130 183
130 176 183
132 166 532
166 132 532
48 60 691
60 48 691
52 74 296
74 52 296
85 50 318
50 85 318
62 26 163
26 62 163
44 146 917
146 44 917
167 119 119
119 167 119
6 34 751
34 6 751
151 65 400
65 151 400
162 33 839
33 162 839
120 63 778
63 120 778
148 114 61
114 148 61
130 105 225
105 130 225
37 101 316
101 37 316
57 46 386
46 57 386
114 2 41
2 114 41
89 149 377
149 89 377
108 105 316
105 108 316
124 98 33
98 124 33
13 27 159
27 13 159
161 110 481
110 161 481
130 165 599
165 130 599
10 42 814
42 10 814
163 93 726
93 163 726
155 84 795
84 155 795
119 116 206
116 119 206
36 80 443
80 36 443
165 116 484
116 165 484
7 150 744
150 7 744
110 96 104
96 110 104
10 179 747
179 10 747
2 109 133
109 2 133
165 91 981
91 165 981
162 45 254
45 162 254
88 41 917
41 88 917
179 157 936
157 179 936
61 100 715
100 61 715
107 29 401
29 107 401
151 11 579
11 151 579
9 149 156
149 9 156
81 118 870
118 81 870
103 34 964
34 103 964
53 91 382
91 53 382
35 98 146
98 35 146
122 142 709
142 122 709
71 166 924
166 71 924
10 19 118
19 10 118
169 106 682
106 169 682
8 160 989
160 8 989
82 10 893
10 82 893
89 4 939
4 89 939
22 177 832
177 22 832
61 69 647
69 61 647
88 150 812
150 88 812
152 170 647
170 152 647
102 61 194
61 102 194
101 168 686
168 101 686
17 127 361
127 17 361
131 163 980
163 131 980
160 134 570
134 160 570
112 162 653
162 112 653
63 104 403
104 63 403
162 59 549
59 162 549
143 146 941
146 143 941
75 27 762
27 75 762
120 165 342
165 120 342
130 125 7
125 130 7
48 120 232
120 48 232
166 74 259
74 166 259
147 87 649
87 147 649
116 110 509
110 116 509
69 158 624
158 69 624
159 141 417
141 159 417
54 9 694
9 54 694
89 82 5
82 89 5
66 84 162
84 66 162
63 4 911
4 63 911
118 104 597
104 118 597
57 28 936
28 57 936
162 29 771
29 162 771
51 29 674
29 51 674
156 159 633
159 156 633
154 0 373
0 154 373
116 153 428
153 116 428
103 44 890
44 103 890
176 101 824
101 176 824
47 121 782
121 47 782
140 139 889
139 140 889
51 115 766
115 51 766
152 3 775
3 152 775
1 117 157
117 1 157
48 164 390
164 48 390
135 78 766
78 135 766
113 102 64
102 113 64
43 146 930
146 43 930
158 98 308
98 158 308
19 36 157
36 19 157
102 74 407
74 102 407
122 79 924
79 122 924
92 59 328
59 92 328
145 169 475
169 145 475
70 102 619
102 70 619
171 122 258
122 171 258
34 41 622
41 34 622
83 35 511
35 83 511
92 83 970
83 92 970
150 69 432
69 150 432
143 166 779
166 143 779
20 26 988
26 20 988
35 125 568
125 35 568
40 144 729
144 40 729
24 66 504
66 24 504
48 134 971
134 48 971
62 177 562
177 62 562
30 87 455
87 30 455
15 12 189
12 15 189
33 24 621
24 33 621
112 71 315
71 112 315
52 114 224
114 52 224
88 38 807
38 88 807
84 37 643
37 84 643
8 123 323
123 8 323
50 9 158
9 50 158
169 102 503
102 169 503
99 87 740
87 99 740
138 173 944
173 138 944
109 75 403
75 109 403
62 130 917
130 62 917
161 88 314
88 161 314
18 91 143
91 18 143
170 155 956
155 170 956
99 14 45
14 99 45
24 169 482
169 24 482
93 107 536
107 93 536
86 10 643
10 86 643
67 32 138
32 67 138
32 82 82
82 32 82
65 112 942
112 65 942
18 67 934
67 18 934
147 89 337
89 147 337
163 36 639
36 163 639
48 133 313
133 48 313
22 151 594
151 22 594
103 108 672
108 103 672
6 118 414
118 6 414
101 113 93
113 101 93
125 120 966
120 125 966
80 52 685
52 80 685
152 41 148
41 152 148
164 2 643
2 164 643
14 120 73
120 14 73
10 67 329
67 10 329
173 97 819
97 173 819
156 99 251
99 156 251
117 99 822
99 117 822
21 123 158
123 21 158
88 145 600
145 88 600
81 135 746
135 81 746
172 4 89
4 172 89
119 143 957
143 119 957
112 119 730
119 112 730
116 133 387
133 116 387
61 111 317
111 61 317
154 98 193
98 154 193
22 130 309
130 22 309
5 19 173
19 5 173
15 146 486
146 15 486
11 87 916
87 11 916
82 167 52
167 82 52
41 23 400
23 41 400
148 80 679
80 148 679
174 124 943
124 174 943
133 76 647
76 133 647
70 118 622
118 70 622
88 34 83
34 88 83
39 12 102
12 39 102
178 65 865
65 178 865
118 4 543
4 118 543
156 43 273
43 156 273
175 73 178
73 175 178
92 118 267
118 92 267
74 117 844
117 74 844
40 113 652
113 40 652
79 112 691
112 79 691
37 22 854
22 37 854
149 63 528
63 149 528
2 65 469
65 2 469
124 10 357
10 124 357
4 123 231
123 4 231
104 155 128
155 104 128
50 60 101
60 50 101
173 70 330
70 173 330
42 69 242
69 42 242
115 57 322
57 115 322
119 123 881
123 119 881
99 33 997
33 99 997
5 106 923
106 5 923
91 119 899
119 91 899
143 105 18
105 143 18
13 49 636
49 13 636
58 143 200
143 58 200
150 57 726
57 150 726
133 129 450
129 133 450
4 133 49
133 4 49
37 157 541
157 37 541
100 68 576
68 100 576
29 22 384
22 29 384
59 172 622
172 59 622
175 176 338
176 175 338
152 79 739
79 152 739
24 10 1
10 24 1
40 100 870
100 40 870
153 10 783
10 153 783
133 124 328
124 133 328
129 139 198
139 129 198
155 95 49
95 155 49
176 74 916
74 176 916
173 121 665
121 173 665
157 168 694
168 157 694
147 59 214
59 147 214
1 161 754
161 1 754
138 158 7
158 138 7
7 132 424
132 7 424
136 69 64
69 136 64
12 101 132
101 12 132
172 144 904
144 172 904
105 156 350
156 105 350
87 3 502
3 87 502
63 31 890
31 63 890
65 135 810
135 65 810
62 154 410
154 62 410
126 154 952
154 126 952
118 94 14
94 118 14
113 67 770
67 113 770
128 118 438
118 128 438
142 18 941
18 142 941
74 44 194
44 74 194
110 13 963
13 110 963
14 93 890
93 14 890
143 150 861
150 143 861
91 117 601
117 91 601
19 119 496
119 19 496
55 106 959
106 55 959
90 60 991
60 90 991
19 116 863
116 19 863
56 31 39
31 56 39
43 149 808
149 43 808
88 159 140
159 88 140
170 32 214
32 170 214
92 112 374
112 92 374
36 88 385
88 36 385
169 8 343
8 169 343
107 79 208
79 107 208
84 138 781
138 84 781
161 158 454
158 161 454
81 54 97
54 81 97
10 59 859
59 10 859
88 51 963
51 88 963
18 74 946
74 18 946
17 120 282
120 17 282
48 111 173
111 48 173
7 175 559
175 7 559
36 149 405
149 36 405
132 72 193
72 132 193
99 60 905
60 99 905
90 63 948
63 90 948
164 33 126
33 164 126
63 155 493
155 63 493
84 152 304
152 84 304
127 121 892
121 127 892
72 63 173
63 72 173
23 100 282
100 23 282
25 108 810
108 25 810
168 146 876
146 168 876
174 15 580
15 174 580
175 37 864
37 175 864
9 134 838
134 9 838
143 67 290
67 143 290
66 118 879
118 66 879
24 133 134
133 24 134
128 63 304
63 128 304
84 169 819
169 84 819
135 108 623
108 135 623
111 136 424
136 111 424
24 128 871
128 24 871
74 39 826
39 74 826
146 165 431
165 146 431
83 156 890
156 83 890
62 78 797
78 62 797
10 175 135
175 10 135
9 100 368
100 9 368
159 110 832
110 159 832
40 149 248
149 40 248
133 69 489
69 133 489
166 14 28
14 166 28
41 63 270
63 41 270
53 159 258
159 53 258
135 31 767
31 135 767
26 129 894
129 26 894
7 6 15
6 7 15
79 161 747
161 79 747
85 175 219
175 85 219
32 177 300
177 32 300
117 144 204
144 117 204
70 53 753
53 70 753
41 136 309
136 41 309
122 13 847
13 122 847
38 118 28
118 38 28
139 93 843
93 139 843
19 134 421
134 19 421
165 93 692
93 165 692
158 90 548
90 158 548
114 178 331
178 114 331
156 84 813
84 156 813
36 110 829
110 36 829
146 84 602
84 146 602
84 86 895
86 84 895
50 82 218
82 50 218
145 72 505
72 145 505
141 153 664
153 141 664
86 161 192
161 86 192
110 152 772
152 110 772
22 69 533
69 22 533
97 39 758
39 97 758
158 23 153
23 158 153
179 29 827
29 179 827
98 166 317
166 98 317
29 138 594
138 29 594
65 77 587
77 65 587
3 141 336
141 3 336
144 0 840
0 144 840
36 128 577
128 36 577
76 53 39
53 76 39
77 78 611
78 77 611
131 132 442
132 131 442
104 52 583
52 104 583
67 105 832
105 67 832
108 4 706
4 108 706
107 37 550
37 107 550
114 92 795
92 114 795
77 126 44
126 77 44
149 8 402
8 149 402
121 140 179
140 121 179
21 130 561
130 21 561
167 66 886
66 167 886
89 118 835
118 89 835
34 64 26
64 34 26
126 172 645
172 126 645
59 31 205
31 59 205
83 112 610
112 83 610
127 48 33
48 127 33
125 152 525
152 125 525
47 86 857
86 47 857
69 175 468
175 69 468
19 158 201
158 19 201
113 26 204
26 113 204
70 105 775
105 70 775
61 63 750
63 61 750
151 174 184
174 151 184
39 125 282
125 39 282
124 64 816
64 124 816
133 158 998
158 133 998
123 117 811
117 123 811
64 134 131
134 64 131
100 47 453
47 100 453
13 17 833
17 13 833
173 27 658
27 173 658
115 87 233
87 115 233
178 83 409
83 178 409
80 138 585
138 80 585
165 96 113
96 165 113
136 38 310
38 136 310
66 172 116
172 66 116
18 168 986
168 18 986
5 157 633
157 5 633
58 29 426
29 58 426
122 77 783
77 122 783
103 10 45
10 103 45
83 139 627
139 83 627
143 125 882
125 143 882
72 90 603
90 72 603
120 175 682
175 120 682
163 9 859
9 163 859
120 169 380
169 120 380
105 124 271
124 105 271
94 167 367
167 94 367
34 14 938
14 34 938
99 104 246
104 99 246
69 49 387
49 69 387
55 62 257
62 55 257
139 110 993
110 139 993
0 1 27
1 0 27
62 126 44
126 62 44
62 60 701
60 62 701
133 122 823
122 133 823
69 109 307
109 69 307
40 150 998
150 40 998
2 95 566
95 2 566
53 74 150
74 53 150
55 54 749
54 55 749
105 4 497
4 105 497
105 90 962
90 105 962
145 12 706
12 145 706
11 93 489
93 11 489
14 112 436
112 14 436
120 111 950
111 120 950
163 10 474
10 163 474
73 177 518
177 73 518
18 155 956
155 18 956
25 131 786
131 25 786
106 172 841
172 106 841
68 129 495
129 68 495
174 27 420
27 174 420
17 155 474
155 17 474
159 74 69
74 159 69
133 1 236
1 133 236
97 73 109
73 97 109
2 73 969
73 2 969
137 105 554
105 137 554
66 32 50
32 66 50
118 3 536
3 118 536
147 176 908
176 147 908
127 117 669
117 127 669
130 167 972
167 130 972
116 145 619
145 116 619
170 105 366
105 170 366
80 109 252
109 80 252
52 76 953
76 52 953
140 19 995
19 140 995
99 58 779
58 99 779
22 154 153
154 22 153
163 83 322
83 163 322
84 90 104
90 84 104
100 163 753
163 100 753
142 44 535
44 142 535
115 94 944
94 115 944
152 54 343
54 152 343
115 149 213
149 115 213
89 101 947
101 89 947
118 82 524
82 118 524
99 21 602
21 99 602
99 43 923
43 99 923
155 156 818
156 155 818
8 26 687
26 8 687
88 50 956
50 88 956
144 154 260
154 144 260
135 153 351
153 135 351
61 5 248
5 61 248
53 173 1000
173 53 1000
112 41 206
41 112 206
153 73 594
73 153 594
145 151 410
151 145 410
81 70 321
70 81 321
24 60 146
60 24 146
149 86 672
86 149 672
15 97 986
97 15 986
28 166 370
166 28 370
127 32 84
32 127 84
138 139 443
139 138 443
172 78 648
78 172 648
94 73 293
73 94 293
35 155 471
155 35 471
160 47 964
47 160 964
64 113 164
113 64 164
156 132 161
132 156 161
98 38 585
38 98 585
142 86 94
86 142 94
147 56 683
56 147 683
138 123 261
123 138 261
129 179 754
179 129 754
166 145 321
145 166 321
166 94 509
94 166 509
115 91 847
91 115 847
86 127 133
127 86 133
113 104 100
104 113 100
10 167 42
167 10 42
140 100 93
100 140 93
159 115 444
115 159 444
37 130 460
130 37 460
85 77 753
77 85 753
115 101 536
101 115 536
73 172 720
172 73 720
79 71 129
71 79 129
68 128 567
128 68 567
105 95 411
95 105 411
161 25 584
25 161 584
158 1 270
1 158 270
15 119 314
119 15 314
70 171 587
171 70 587
122 94 526
94 122 526
120 156 457
156 120 457
163 33 835
33 163 835
129 61 704
61 129 704
93 60 886
60 93 886
