1 2 0
2 1 0
1 3 1
3 1 1
1 4 2
4 1 2
1 5 3
5 1 3
1 6 4
6 1 4
1 7 5
7 1 5
1 8 6
8 1 6
1 9 7
9 1 7
1 10 8
10 1 8
1 11 9
11 1 9
1 12 10
12 1 10
1 13 11
13 1 11
1 14 12
14 1 12
1 15 13
15 1 13
1 16 14
16 1 14
1 17 15
17 1 15
1 18 16
18 1 16
1 19 17
19 1 17
1 20 18
20 1 18
1 21 19
21 1 19
1 22 20
22 1 20
1 23 21
23 1 21
1 24 22
24 1 22
1 25 23
25 1 23
1 26 24
26 1 24
1 27 25
27 1 25
1 28 26
28 1 26
1 29 27
29 1 27
1 30 28
30 1 28
1 31 29
31 1 29
1 32 30
32 1 30
1 33 31
33 1 31
1 34 32
34 1 32
1 35 33
35 1 33
1 36 34
36 1 34
1 37 35
37 1 35
1 38 36
38 1 36
1 39 37
39 1 37
1 40 38
40 1 38
1 41 39
41 1 39
1 42 40
42 1 40
1 43 41
43 1 41
1 44 42
44 1 42
1 45 43
45 1 43
1 46 44
46 1 44
1 47 45
47 1 45
1 48 46
48 1 46
1 49 47
49 1 47
1 50 48
50 1 48
1 51 49
51 1 49
1 52 50
52 1 50
1 53 51
53 1 51
1 54 52
54 1 52
1 55 53
55 1 53
1 56 54
56 1 54
1 57 55
57 1 55
1 58 56
58 1 56
1 59 57
59 1 57
1 60 58
60 1 58
1 61 59
61 1 59
1 62 60
62 1 60
1 63 61
63 1 61
1 64 62
64 1 62
1 65 63
65 1 63
1 66 64
66 1 64
1 67 65
67 1 65
1 68 66
68 1 66
1 69 67
69 1 67
1 70 68
70 1 68
1 71 69
71 1 69
1 72 70
72 1 70
1 73 71
73 1 71
1 74 72
74 1 72
1 75 73
75 1 73
1 76 74
76 1 74
1 77 75
77 1 75
1 78 76
78 1 76
1 79 77
79 1 77
1 80 78
80 1 78
1 81 79
81 1 79
1 82 80
82 1 80
1 83 81
83 1 81
1 84 82
84 1 82
1 85 83
85 1 83
1 86 84
86 1 84
1 87 85
87 1 85
1 88 86
88 1 86
1 89 87
89 1 87
1 90 88
90 1 88
1 91 89
91 1 89
1 92 90
92 1 90
1 93 91
93 1 91
1 94 92
94 1 92
1 95 93
95 1 93
1 96 94
96 1 94
1 97 95
97 1 95
1 98 96
98 1 96
1 99 97
99 1 97
1 100 98
100 1 98
1 101 99
101 1 99
1 102 100
102 1 100
1 103 101
103 1 101
1 104 102
104 1 102
1 105 103
105 1 103
1 106 104
106 1 104
1 107 105
107 1 105
1 108 106
108 1 106
1 109 107
109 1 107
1 110 108
110 1 108
1 111 109
111 1 109
1 112 110
112 1 110
1 113 111
113 1 111
1 114 112
114 1 112
1 115 113
115 1 113
1 116 114
116 1 114
1 117 115
117 1 115
1 118 116
118 1 116
1 119 117
119 1 117
1 120 118
120 1 118
1 121 119
121 1 119
1 122 120
122 1 120
1 123 121
123 1 121
1 124 122
124 1 122
1 125 123
125 1 123
1 126 124
126 1 124
1 127 125
127 1 125
1 128 126
128 1 126
1 129 127
129 1 127
1 130 128
130 1 128
1 131 129
131 1 129
1 132 130
132 1 130
1 133 131
133 1 131
1 134 132
134 1 132
1 135 133
135 1 133
1 136 134
136 1 134
1 137 135
137 1 135
1 138 136
138 1 136
1 139 137
139 1 137
1 140 138
140 1 138
1 141 139
141 1 139
1 142 140
142 1 140
1 143 141
143 1 141
1 144 142
144 1 142
1 145 143
145 1 143
1 146 144
146 1 144
1 147 145
147 1 145
1 148 146
148 1 146
1 149 147
149 1 147
1 150 148
150 1 148
1 151 149
151 1 149
1 152 150
152 1 150
1 153 151
153 1 151
1 154 152
154 1 152
1 155 153
155 1 153
1 156 154
156 1 154
1 157 155
157 1 155
1 158 156
158 1 156
1 159 157
159 1 157
1 160 158
160 1 158
1 161 159
161 1 159
1 162 160
162 1 160
1 163 161
163 1 161
1 164 162
164 1 162
1 165 163
165 1 163
1 166 164
166 1 164
1 167 165
167 1 165
1 168 166
168 1 166
1 169 167
169 1 167
1 170 168
170 1 168
1 171 169
171 1 169
1 172 170
172 1 170
1 173 171
173 1 171
1 174 172
174 1 172
1 175 173
175 1 173
1 176 174
176 1 174
1 177 175
177 1 175
1 178 176
178 1 176
1 179 177
179 1 177
1 180 178
180 1 178
1 181 179
181 1 179
1 182 180
182 1 180
1 183 181
183 1 181
1 184 182
184 1 182
1 185 183
185 1 183
1 186 184
186 1 184
1 187 185
187 1 185
1 188 186
188 1 186
1 189 187
189 1 187
1 190 188
190 1 188
1 191 189
191 1 189
1 192 190
192 1 190
1 193 191
193 1 191
1 194 192
194 1 192
1 195 193
195 1 193
1 196 194
196 1 194
1 197 195
197 1 195
1 198 196
198 1 196
1 199 197
199 1 197
1 200 198
200 1 198
1 201 199
201 1 199
1 202 200
202 1 200
1 203 201
203 1 201
1 204 202
204 1 202
1 205 203
205 1 203
1 206 204
206 1 204
1 207 205
207 1 205
1 208 206
208 1 206
1 209 207
209 1 207
1 210 208
210 1 208
1 211 209
211 1 209
1 212 210
212 1 210
1 213 211
213 1 211
1 214 212
214 1 212
1 215 213
215 1 213
1 216 214
216 1 214
1 217 215
217 1 215
1 218 216
218 1 216
1 219 217
219 1 217
1 220 218
220 1 218
1 221 219
221 1 219
1 222 220
222 1 220
1 223 221
223 1 221
1 224 222
224 1 222
1 225 223
225 1 223
1 226 224
226 1 224
1 227 225
227 1 225
1 228 226
228 1 226
1 229 227
229 1 227
1 230 228
230 1 228
1 231 229
231 1 229
1 232 230
232 1 230
1 233 231
233 1 231
1 234 232
234 1 232
1 235 233
235 1 233
1 236 234
236 1 234
1 237 235
237 1 235
1 238 236
238 1 236
1 239 237
239 1 237
1 240 238
240 1 238
1 241 239
241 1 239
1 242 240
242 1 240
1 243 241
243 1 241
1 244 242
244 1 242
1 245 243
245 1 243
1 246 244
246 1 244
1 247 245
247 1 245
1 248 246
248 1 246
1 249 247
249 1 247
1 250 248
250 1 248
1 251 249
251 1 249
1 252 250
252 1 250
1 253 251
253 1 251
1 254 252
254 1 252
1 255 253
255 1 253
1 256 254
256 1 254
1 257 255
257 1 255
1 258 256
258 1 256
1 259 257
259 1 257
1 260 258
260 1 258
1 261 259
261 1 259
1 262 260
262 1 260
1 263 261
263 1 261
1 264 262
264 1 262
1 265 263
265 1 263
1 266 264
266 1 264
1 267 265
267 1 265
1 268 266
268 1 266
1 269 267
269 1 267
1 270 268
270 1 268
1 271 269
271 1 269
1 272 270
272 1 270
1 273 271
273 1 271
1 274 272
274 1 272
1 275 273
275 1 273
1 276 274
276 1 274
1 277 275
277 1 275
1 278 276
278 1 276
1 279 277
279 1 277
1 280 278
280 1 278
1 281 279
281 1 279
1 282 280
282 1 280
1 283 281
283 1 281
1 284 282
284 1 282
1 285 283
285 1 283
1 286 284
286 1 284
1 287 285
287 1 285
1 288 286
288 1 286
1 289 287
289 1 287
1 290 288
290 1 288
1 291 289
291 1 289
1 292 290
292 1 290
1 293 291
293 1 291
1 294 292
294 1 292
1 295 293
295 1 293
1 296 294
296 1 294
1 297 295
297 1 295
1 298 296
298 1 296
1 299 297
299 1 297
1 300 298
300 1 298
1 301 299
301 1 299
1 302 300
302 1 300
1 303 301
303 1 301
1 304 302
304 1 302
1 305 303
305 1 303
1 306 304
306 1 304
1 307 305
307 1 305
1 308 306
308 1 306
1 309 307
309 1 307
1 310 308
310 1 308
1 311 309
311 1 309
1 312 310
312 1 310
1 313 311
313 1 311
1 314 312
314 1 312
1 315 313
315 1 313
1 316 314
316 1 314
1 317 315
317 1 315
1 318 316
318 1 316
1 319 317
319 1 317
1 320 318
320 1 318
1 321 319
321 1 319
1 322 320
322 1 320
1 323 321
323 1 321
1 324 322
324 1 322
1 325 323
325 1 323
1 326 324
326 1 324
1 327 325
327 1 325
1 328 326
328 1 326
1 329 327
329 1 327
1 330 328
330 1 328
1 331 329
331 1 329
1 332 330
332 1 330
1 333 331
333 1 331
1 334 332
334 1 332
1 335 333
335 1 333
1 336 334
336 1 334
1 337 335
337 1 335
1 338 336
338 1 336
1 339 337
339 1 337
1 340 338
340 1 338
1 341 339
341 1 339
1 342 340
342 1 340
1 343 341
343 1 341
1 344 342
344 1 342
1 345 343
345 1 343
1 346 344
346 1 344
1 347 345
347 1 345
1 348 346
348 1 346
1 349 347
349 1 347
1 350 348
350 1 348
1 351 349
351 1 349
1 352 350
352 1 350
1 353 351
353 1 351
1 354 352
354 1 352
1 355 353
355 1 353
1 356 354
356 1 354
1 357 355
357 1 355
1 358 356
358 1 356
1 359 357
359 1 357
1 360 358
360 1 358
1 361 359
361 1 359
1 362 360
362 1 360
1 363 361
363 1 361
1 364 362
364 1 362
1 365 363
365 1 363
1 366 364
366 1 364
1 367 365
367 1 365
1 368 366
368 1 366
1 369 367
369 1 367
1 370 368
370 1 368
1 371 369
371 1 369
1 372 370
372 1 370
1 373 371
373 1 371
1 374 372
374 1 372
1 375 373
375 1 373
1 376 374
376 1 374
1 377 375
377 1 375
1 378 376
378 1 376
1 379 377
379 1 377
1 380 378
380 1 378
1 381 379
381 1 379
1 382 380
382 1 380
1 383 381
383 1 381
1 384 382
384 1 382
1 385 383
385 1 383
1 386 384
386 1 384
1 387 385
387 1 385
1 388 386
388 1 386
1 389 387
389 1 387
1 390 388
390 1 388
1 391 389
391 1 389
1 392 390
392 1 390
1 393 391
393 1 391
1 394 392
394 1 392
1 395 393
395 1 393
1 396 394
396 1 394
1 397 395
397 1 395
1 398 396
398 1 396
1 399 397
399 1 397
1 400 398
400 1 398
1 401 399
401 1 399
1 402 400
402 1 400
1 403 401
403 1 401
1 404 402
404 1 402
1 405 403
405 1 403
1 406 404
406 1 404
1 407 405
407 1 405
1 408 406
408 1 406
1 409 407
409 1 407
1 410 408
410 1 408
1 411 409
411 1 409
1 412 410
412 1 410
1 413 411
413 1 411
1 414 412
414 1 412
1 415 413
415 1 413
1 416 414
416 1 414
1 417 415
417 1 415
1 418 416
418 1 416
1 419 417
419 1 417
1 420 418
420 1 418
1 421 419
421 1 419
1 422 420
422 1 420
1 423 421
423 1 421
1 424 422
424 1 422
1 425 423
425 1 423
1 426 424
426 1 424
1 427 425
427 1 425
1 428 426
428 1 426
1 429 427
429 1 427
1 430 428
430 1 428
1 431 429
431 1 429
1 432 430
432 1 430
1 433 431
433 1 431
1 434 432
434 1 432
1 435 433
435 1 433
1 436 434
436 1 434
1 437 435
437 1 435
1 438 436
438 1 436
1 439 437
439 1 437
1 440 438
440 1 438
1 441 439
441 1 439
1 442 440
442 1 440
1 443 441
443 1 441
1 444 442
444 1 442
1 445 443
445 1 443
1 446 444
446 1 444
1 447 445
447 1 445
1 448 446
448 1 446
1 449 447
449 1 447
1 450 448
450 1 448
1 451 449
451 1 449
1 452 450
452 1 450
1 453 451
453 1 451
1 454 452
454 1 452
1 455 453
455 1 453
1 456 454
456 1 454
1 457 455
457 1 455
1 458 456
458 1 456
1 459 457
459 1 457
1 460 458
460 1 458
1 461 459
461 1 459
1 462 460
462 1 460
1 463 461
463 1 461
1 464 462
464 1 462
1 465 463
465 1 463
1 466 464
466 1 464
1 467 465
467 1 465
1 468 466
468 1 466
1 469 467
469 1 467
1 470 468
470 1 468
1 471 469
471 1 469
1 472 470
472 1 470
1 473 471
473 1 471
1 474 472
474 1 472
1 475 473
475 1 473
1 476 474
476 1 474
1 477 475
477 1 475
1 478 476
478 1 476
1 479 477
479 1 477
1 480 478
480 1 478
1 481 479
481 1 479
1 482 480
482 1 480
1 483 481
483 1 481
1 484 482
484 1 482
1 485 483
485 1 483
1 486 484
486 1 484
1 487 485
487 1 485
1 488 486
488 1 486
1 489 487
489 1 487
1 490 488
490 1 488
1 491 489
491 1 489
1 492 490
492 1 490
1 493 491
493 1 491
1 494 492
494 1 492
1 495 493
495 1 493
1 496 494
496 1 494
1 497 495
497 1 495
1 498 496
498 1 496
1 499 497
499 1 497
1 500 498
500 1 498
1 501 499
501 1 499
1 502 500
502 1 500
1 503 501
503 1 501
1 504 502
504 1 502
1 505 503
505 1 503
1 506 504
506 1 504
1 507 505
507 1 505
1 508 506
508 1 506
1 509 507
509 1 507
1 510 508
510 1 508
1 511 509
511 1 509
1 512 510
512 1 510
1 513 511
513 1 511
1 514 512
514 1 512
1 515 513
515 1 513
1 516 514
516 1 514
1 517 515
517 1 515
1 518 516
518 1 516
1 519 517
519 1 517
1 520 518
520 1 518
1 521 519
521 1 519
1 522 520
522 1 520
1 523 521
523 1 521
1 524 522
524 1 522
1 525 523
525 1 523
1 526 524
526 1 524
1 527 525
527 1 525
1 528 526
528 1 526
1 529 527
529 1 527
2 3 0
3 2 0
2 4 1
4 2 1
2 5 2
5 2 2
2 6 3
6 2 3
2 7 4
7 2 4
2 8 5
8 2 5
2 9 6
9 2 6
2 10 7
10 2 7
2 11 8
11 2 8
2 12 9
12 2 9
2 13 10
13 2 10
2 14 11
14 2 11
2 15 12
15 2 12
2 16 13
16 2 13
2 17 14
17 2 14
2 18 15
18 2 15
2 19 16
19 2 16
2 20 17
20 2 17
2 21 18
21 2 18
2 22 19
22 2 19
2 23 20
23 2 20
2 24 21
24 2 21
2 25 22
25 2 22
2 26 23
26 2 23
2 27 24
27 2 24
2 28 25
28 2 25
2 29 26
29 2 26
2 30 27
30 2 27
2 31 28
31 2 28
2 32 29
32 2 29
2 33 30
33 2 30
2 34 31
34 2 31
2 35 32
35 2 32
2 36 33
36 2 33
2 37 34
37 2 34
2 38 35
38 2 35
2 39 36
39 2 36
2 40 37
40 2 37
2 41 38
41 2 38
2 42 39
42 2 39
2 43 40
43 2 40
2 44 41
44 2 41
2 45 42
45 2 42
2 46 43
46 2 43
2 47 44
47 2 44
2 48 45
48 2 45
2 49 46
49 2 46
2 50 47
50 2 47
2 51 48
51 2 48
2 52 49
52 2 49
2 53 50
53 2 50
2 54 51
54 2 51
2 55 52
55 2 52
2 56 53
56 2 53
2 57 54
57 2 54
2 58 55
58 2 55
2 59 56
59 2 56
2 60 57
60 2 57
2 61 58
61 2 58
2 62 59
62 2 59
2 63 60
63 2 60
2 64 61
64 2 61
2 65 62
65 2 62
2 66 63
66 2 63
2 67 64
67 2 64
2 68 65
68 2 65
2 69 66
69 2 66
2 70 67
70 2 67
2 71 68
71 2 68
2 72 69
72 2 69
2 73 70
73 2 70
2 74 71
74 2 71
2 75 72
75 2 72
2 76 73
76 2 73
2 77 74
77 2 74
2 78 75
78 2 75
2 79 76
79 2 76
2 80 77
80 2 77
2 81 78
81 2 78
2 82 79
82 2 79
2 83 80
83 2 80
2 84 81
84 2 81
2 85 82
85 2 82
2 86 83
86 2 83
2 87 84
87 2 84
2 88 85
88 2 85
2 89 86
89 2 86
2 90 87
90 2 87
2 91 88
91 2 88
2 92 89
92 2 89
2 93 90
93 2 90
2 94 91
94 2 91
2 95 92
95 2 92
2 96 93
96 2 93
2 97 94
97 2 94
2 98 95
98 2 95
2 99 96
99 2 96
2 100 97
100 2 97
2 101 98
101 2 98
2 102 99
102 2 99
2 103 100
103 2 100
2 104 101
104 2 101
2 105 102
105 2 102
2 106 103
106 2 103
2 107 104
107 2 104
2 108 105
108 2 105
2 109 106
109 2 106
2 110 107
110 2 107
2 111 108
111 2 108
2 112 109
112 2 109
2 113 110
113 2 110
2 114 111
114 2 111
2 115 112
115 2 112
2 116 113
116 2 113
2 117 114
117 2 114
2 118 115
118 2 115
2 119 116
119 2 116
2 120 117
120 2 117
2 121 118
121 2 118
2 122 119
122 2 119
2 123 120
123 2 120
2 124 121
124 2 121
2 125 122
125 2 122
2 126 123
126 2 123
2 127 124
127 2 124
2 128 125
128 2 125
2 129 126
129 2 126
2 130 127
130 2 127
2 131 128
131 2 128
2 132 129
132 2 129
2 133 130
133 2 130
2 134 131
134 2 131
2 135 132
135 2 132
2 136 133
136 2 133
2 137 134
137 2 134
2 138 135
138 2 135
2 139 136
139 2 136
2 140 137
140 2 137
2 141 138
141 2 138
2 142 139
142 2 139
2 143 140
143 2 140
2 144 141
144 2 141
2 145 142
145 2 142
2 146 143
146 2 143
2 147 144
147 2 144
2 148 145
148 2 145
2 149 146
149 2 146
2 150 147
150 2 147
2 151 148
151 2 148
2 152 149
152 2 149
2 153 150
153 2 150
2 154 151
154 2 151
2 155 152
155 2 152
2 156 153
156 2 153
2 157 154
157 2 154
2 158 155
158 2 155
2 159 156
159 2 156
2 160 157
160 2 157
2 161 158
161 2 158
2 162 159
162 2 159
2 163 160
163 2 160
2 164 161
164 2 161
2 165 162
165 2 162
2 166 163
166 2 163
2 167 164
167 2 164
2 168 165
168 2 165
2 169 166
169 2 166
2 170 167
170 2 167
2 171 168
171 2 168
2 172 169
172 2 169
2 173 170
173 2 170
2 174 171
174 2 171
2 175 172
175 2 172
2 176 173
176 2 173
2 177 174
177 2 174
2 178 175
178 2 175
2 179 176
179 2 176
2 180 177
180 2 177
2 181 178
181 2 178
2 182 179
182 2 179
2 183 180
183 2 180
2 184 181
184 2 181
2 185 182
185 2 182
2 186 183
186 2 183
2 187 184
187 2 184
2 188 185
188 2 185
2 189 186
189 2 186
2 190 187
190 2 187
2 191 188
191 2 188
2 192 189
192 2 189
2 193 190
193 2 190
2 194 191
194 2 191
2 195 192
195 2 192
2 196 193
196 2 193
2 197 194
197 2 194
2 198 195
198 2 195
2 199 196
199 2 196
2 200 197
200 2 197
2 201 198
201 2 198
2 202 199
202 2 199
2 203 200
203 2 200
2 204 201
204 2 201
2 205 202
205 2 202
2 206 203
206 2 203
2 207 204
207 2 204
2 208 205
208 2 205
2 209 206
209 2 206
2 210 207
210 2 207
2 211 208
211 2 208
2 212 209
212 2 209
2 213 210
213 2 210
2 214 211
214 2 211
2 215 212
215 2 212
2 216 213
216 2 213
2 217 214
217 2 214
2 218 215
218 2 215
2 219 216
219 2 216
2 220 217
220 2 217
2 221 218
221 2 218
2 222 219
222 2 219
2 223 220
223 2 220
2 224 221
224 2 221
2 225 222
225 2 222
2 226 223
226 2 223
2 227 224
227 2 224
2 228 225
228 2 225
2 229 226
229 2 226
2 230 227
230 2 227
2 231 228
231 2 228
2 232 229
232 2 229
2 233 230
233 2 230
2 234 231
234 2 231
2 235 232
235 2 232
2 236 233
236 2 233
2 237 234
237 2 234
2 238 235
238 2 235
2 239 236
239 2 236
2 240 237
240 2 237
2 241 238
241 2 238
2 242 239
242 2 239
2 243 240
243 2 240
2 244 241
244 2 241
2 245 242
245 2 242
2 246 243
246 2 243
2 247 244
247 2 244
2 248 245
248 2 245
2 249 246
249 2 246
2 250 247
250 2 247
2 251 248
251 2 248
2 252 249
252 2 249
2 253 250
253 2 250
2 254 251
254 2 251
2 255 252
255 2 252
2 256 253
256 2 253
2 257 254
257 2 254
2 258 255
258 2 255
2 259 256
259 2 256
2 260 257
260 2 257
2 261 258
261 2 258
2 262 259
262 2 259
2 263 260
263 2 260
2 264 261
264 2 261
2 265 262
265 2 262
2 266 263
266 2 263
2 267 264
267 2 264
2 268 265
268 2 265
2 269 266
269 2 266
2 270 267
270 2 267
2 271 268
271 2 268
2 272 269
272 2 269
2 273 270
273 2 270
2 274 271
274 2 271
2 275 272
275 2 272
2 276 273
276 2 273
2 277 274
277 2 274
2 278 275
278 2 275
2 279 276
279 2 276
2 280 277
280 2 277
2 281 278
281 2 278
2 282 279
282 2 279
2 283 280
283 2 280
2 284 281
284 2 281
2 285 282
285 2 282
2 286 283
286 2 283
2 287 284
287 2 284
2 288 285
288 2 285
2 289 286
289 2 286
2 290 287
290 2 287
2 291 288
291 2 288
2 292 289
292 2 289
2 293 290
293 2 290
2 294 291
294 2 291
2 295 292
295 2 292
2 296 293
296 2 293
2 297 294
297 2 294
2 298 295
298 2 295
2 299 296
299 2 296
2 300 297
300 2 297
2 301 298
301 2 298
2 302 299
302 2 299
2 303 300
303 2 300
2 304 301
304 2 301
2 305 302
305 2 302
2 306 303
306 2 303
2 307 304
307 2 304
2 308 305
308 2 305
2 309 306
309 2 306
2 310 307
310 2 307
2 311 308
311 2 308
2 312 309
312 2 309
2 313 310
313 2 310
2 314 311
314 2 311
2 315 312
315 2 312
2 316 313
316 2 313
2 317 314
317 2 314
2 318 315
318 2 315
2 319 316
319 2 316
2 320 317
320 2 317
2 321 318
321 2 318
2 322 319
322 2 319
2 323 320
323 2 320
2 324 321
324 2 321
2 325 322
325 2 322
2 326 323
326 2 323
2 327 324
327 2 324
2 328 325
328 2 325
2 329 326
329 2 326
2 330 327
330 2 327
2 331 328
331 2 328
2 332 329
332 2 329
2 333 330
333 2 330
2 334 331
334 2 331
2 335 332
335 2 332
2 336 333
336 2 333
2 337 334
337 2 334
2 338 335
338 2 335
2 339 336
339 2 336
2 340 337
340 2 337
2 341 338
341 2 338
2 342 339
342 2 339
2 343 340
343 2 340
2 344 341
344 2 341
2 345 342
345 2 342
2 346 343
346 2 343
2 347 344
347 2 344
2 348 345
348 2 345
2 349 346
349 2 346
2 350 347
350 2 347
2 351 348
351 2 348
2 352 349
352 2 349
2 353 350
353 2 350
2 354 351
354 2 351
2 355 352
355 2 352
2 356 353
356 2 353
2 357 354
357 2 354
2 358 355
358 2 355
2 359 356
359 2 356
2 360 357
360 2 357
2 361 358
361 2 358
2 362 359
362 2 359
2 363 360
363 2 360
2 364 361
364 2 361
2 365 362
365 2 362
2 366 363
366 2 363
2 367 364
367 2 364
2 368 365
368 2 365
2 369 366
369 2 366
2 370 367
370 2 367
2 371 368
371 2 368
2 372 369
372 2 369
2 373 370
373 2 370
2 374 371
374 2 371
2 375 372
375 2 372
2 376 373
376 2 373
2 377 374
377 2 374
2 378 375
378 2 375
2 379 376
379 2 376
2 380 377
380 2 377
2 381 378
381 2 378
2 382 379
382 2 379
2 383 380
383 2 380
2 384 381
384 2 381
2 385 382
385 2 382
2 386 383
386 2 383
2 387 384
387 2 384
2 388 385
388 2 385
2 389 386
389 2 386
2 390 387
390 2 387
2 391 388
391 2 388
2 392 389
392 2 389
2 393 390
393 2 390
2 394 391
394 2 391
2 395 392
395 2 392
2 396 393
396 2 393
2 397 394
397 2 394
2 398 395
398 2 395
2 399 396
399 2 396
2 400 397
400 2 397
2 401 398
401 2 398
2 402 399
402 2 399
2 403 400
403 2 400
2 404 401
404 2 401
2 405 402
405 2 402
2 406 403
406 2 403
2 407 404
407 2 404
2 408 405
408 2 405
2 409 406
409 2 406
2 410 407
410 2 407
2 411 408
411 2 408
2 412 409
412 2 409
2 413 410
413 2 410
2 414 411
414 2 411
2 415 412
415 2 412
2 416 413
416 2 413
2 417 414
417 2 414
2 418 415
418 2 415
2 419 416
419 2 416
2 420 417
420 2 417
2 421 418
421 2 418
2 422 419
422 2 419
2 423 420
423 2 420
2 424 421
424 2 421
2 425 422
425 2 422
2 426 423
426 2 423
2 427 424
427 2 424
2 428 425
428 2 425
2 429 426
429 2 426
2 430 427
430 2 427
2 431 428
431 2 428
2 432 429
432 2 429
2 433 430
433 2 430
2 434 431
434 2 431
2 435 432
435 2 432
2 436 433
436 2 433
2 437 434
437 2 434
2 438 435
438 2 435
2 439 436
439 2 436
2 440 437
440 2 437
2 441 438
441 2 438
2 442 439
442 2 439
2 443 440
443 2 440
2 444 441
444 2 441
2 445 442
445 2 442
2 446 443
446 2 443
2 447 444
447 2 444
2 448 445
448 2 445
2 449 446
449 2 446
2 450 447
450 2 447
2 451 448
451 2 448
2 452 449
452 2 449
2 453 450
453 2 450
2 454 451
454 2 451
2 455 452
455 2 452
2 456 453
456 2 453
2 457 454
457 2 454
2 458 455
458 2 455
2 459 456
459 2 456
2 460 457
460 2 457
2 461 458
461 2 458
2 462 459
462 2 459
2 463 460
463 2 460
2 464 461
464 2 461
2 465 462
465 2 462
2 466 463
466 2 463
2 467 464
467 2 464
2 468 465
468 2 465
2 469 466
469 2 466
2 470 467
470 2 467
2 471 468
471 2 468
2 472 469
472 2 469
2 473 470
473 2 470
2 474 471
474 2 471
2 475 472
475 2 472
2 476 473
476 2 473
2 477 474
477 2 474
2 478 475
478 2 475
2 479 476
479 2 476
2 480 477
480 2 477
2 481 478
481 2 478
2 482 479
482 2 479
2 483 480
483 2 480
2 484 481
484 2 481
2 485 482
485 2 482
2 486 483
486 2 483
2 487 484
487 2 484
2 488 485
488 2 485
2 489 486
489 2 486
2 490 487
490 2 487
2 491 488
491 2 488
2 492 489
492 2 489
2 493 490
493 2 490
2 494 491
494 2 491
2 495 492
495 2 492
2 496 493
496 2 493
2 497 494
497 2 494
2 498 495
498 2 495
2 499 496
499 2 496
2 500 497
500 2 497
2 501 498
501 2 498
2 502 499
502 2 499
2 503 500
503 2 500
2 504 501
504 2 501
2 505 502
505 2 502
2 506 503
506 2 503
2 507 504
507 2 504
2 508 505
508 2 505
2 509 506
509 2 506
2 510 507
510 2 507
2 511 508
511 2 508
2 512 509
512 2 509
2 513 510
513 2 510
2 514 511
514 2 511
2 515 512
515 2 512
2 516 513
516 2 513
2 517 514
517 2 514
2 518 515
518 2 515
2 519 516
519 2 516
2 520 517
520 2 517
2 521 518
521 2 518
2 522 519
522 2 519
2 523 520
523 2 520
2 524 521
524 2 521
2 525 522
525 2 522
2 526 523
526 2 523
2 527 524
527 2 524
2 528 525
528 2 525
2 529 526
529 2 526
3 4 0
4 3 0
3 5 1
5 3 1
3 6 2
6 3 2
3 7 3
7 3 3
3 8 4
8 3 4
3 9 5
9 3 5
3 10 6
10 3 6
3 11 7
11 3 7
3 12 8
12 3 8
3 13 9
13 3 9
3 14 10
14 3 10
3 15 11
15 3 11
3 16 12
16 3 12
3 17 13
17 3 13
3 18 14
18 3 14
3 19 15
19 3 15
3 20 16
20 3 16
3 21 17
21 3 17
3 22 18
22 3 18
3 23 19
23 3 19
3 24 20
24 3 20
3 25 21
25 3 21
3 26 22
26 3 22
3 27 23
27 3 23
3 28 24
28 3 24
3 29 25
29 3 25
3 30 26
30 3 26
3 31 27
31 3 27
3 32 28
32 3 28
3 33 29
33 3 29
3 34 30
34 3 30
3 35 31
35 3 31
3 36 32
36 3 32
3 37 33
37 3 33
3 38 34
38 3 34
3 39 35
39 3 35
3 40 36
40 3 36
3 41 37
41 3 37
3 42 38
42 3 38
3 43 39
43 3 39
3 44 40
44 3 40
3 45 41
45 3 41
3 46 42
46 3 42
3 47 43
47 3 43
3 48 44
48 3 44
3 49 45
49 3 45
3 50 46
50 3 46
3 51 47
51 3 47
3 52 48
52 3 48
3 53 49
53 3 49
3 54 50
54 3 50
3 55 51
55 3 51
3 56 52
56 3 52
3 57 53
57 3 53
3 58 54
58 3 54
3 59 55
59 3 55
3 60 56
60 3 56
3 61 57
61 3 57
3 62 58
62 3 58
3 63 59
63 3 59
3 64 60
64 3 60
3 65 61
65 3 61
3 66 62
66 3 62
3 67 63
67 3 63
3 68 64
68 3 64
3 69 65
69 3 65
3 70 66
70 3 66
3 71 67
71 3 67
3 72 68
72 3 68
3 73 69
73 3 69
3 74 70
74 3 70
3 75 71
75 3 71
3 76 72
76 3 72
3 77 73
77 3 73
3 78 74
78 3 74
3 79 75
79 3 75
3 80 76
80 3 76
3 81 77
81 3 77
3 82 78
82 3 78
3 83 79
83 3 79
3 84 80
84 3 80
3 85 81
85 3 81
3 86 82
86 3 82
3 87 83
87 3 83
3 88 84
88 3 84
3 89 85
89 3 85
3 90 86
90 3 86
3 91 87
91 3 87
3 92 88
92 3 88
3 93 89
93 3 89
3 94 90
94 3 90
3 95 91
95 3 91
3 96 92
96 3 92
3 97 93
97 3 93
3 98 94
98 3 94
3 99 95
99 3 95
3 100 96
100 3 96
3 101 97
101 3 97
3 102 98
102 3 98
3 103 99
103 3 99
3 104 100
104 3 100
3 105 101
105 3 101
3 106 102
106 3 102
3 107 103
107 3 103
3 108 104
108 3 104
3 109 105
109 3 105
3 110 106
110 3 106
3 111 107
111 3 107
3 112 108
112 3 108
3 113 109
113 3 109
3 114 110
114 3 110
3 115 111
115 3 111
3 116 112
116 3 112
3 117 113
117 3 113
3 118 114
118 3 114
3 119 115
119 3 115
3 120 116
120 3 116
3 121 117
121 3 117
3 122 118
122 3 118
3 123 119
123 3 119
3 124 120
124 3 120
3 125 121
125 3 121
3 126 122
126 3 122
3 127 123
127 3 123
3 128 124
128 3 124
3 129 125
129 3 125
3 130 126
130 3 126
3 131 127
131 3 127
3 132 128
132 3 128
3 133 129
133 3 129
3 134 130
134 3 130
3 135 131
135 3 131
3 136 132
136 3 132
3 137 133
137 3 133
3 138 134
138 3 134
3 139 135
139 3 135
3 140 136
140 3 136
3 141 137
141 3 137
3 142 138
142 3 138
3 143 139
143 3 139
3 144 140
144 3 140
3 145 141
145 3 141
3 146 142
146 3 142
3 147 143
147 3 143
3 148 144
148 3 144
3 149 145
149 3 145
3 150 146
150 3 146
3 151 147
151 3 147
3 152 148
152 3 148
3 153 149
153 3 149
3 154 150
154 3 150
3 155 151
155 3 151
3 156 152
156 3 152
3 157 153
157 3 153
3 158 154
158 3 154
3 159 155
159 3 155
3 160 156
160 3 156
3 161 157
161 3 157
3 162 158
162 3 158
3 163 159
163 3 159
3 164 160
164 3 160
3 165 161
165 3 161
3 166 162
166 3 162
3 167 163
167 3 163
3 168 164
168 3 164
3 169 165
169 3 165
3 170 166
170 3 166
3 171 167
171 3 167
3 172 168
172 3 168
3 173 169
173 3 169
3 174 170
174 3 170
3 175 171
175 3 171
3 176 172
176 3 172
3 177 173
177 3 173
3 178 174
178 3 174
3 179 175
179 3 175
3 180 176
180 3 176
3 181 177
181 3 177
3 182 178
182 3 178
3 183 179
183 3 179
3 184 180
184 3 180
3 185 181
185 3 181
3 186 182
186 3 182
3 187 183
187 3 183
3 188 184
188 3 184
3 189 185
189 3 185
3 190 186
190 3 186
3 191 187
191 3 187
3 192 188
192 3 188
3 193 189
193 3 189
3 194 190
194 3 190
3 195 191
195 3 191
3 196 192
196 3 192
3 197 193
197 3 193
3 198 194
198 3 194
3 199 195
199 3 195
3 200 196
200 3 196
3 201 197
201 3 197
3 202 198
202 3 198
3 203 199
203 3 199
3 204 200
204 3 200
3 205 201
205 3 201
3 206 202
206 3 202
3 207 203
207 3 203
3 208 204
208 3 204
3 209 205
209 3 205
3 210 206
210 3 206
3 211 207
211 3 207
3 212 208
212 3 208
3 213 209
213 3 209
3 214 210
214 3 210
3 215 211
215 3 211
3 216 212
216 3 212
3 217 213
217 3 213
3 218 214
218 3 214
3 219 215
219 3 215
3 220 216
220 3 216
3 221 217
221 3 217
3 222 218
222 3 218
3 223 219
223 3 219
3 224 220
224 3 220
3 225 221
225 3 221
3 226 222
226 3 222
3 227 223
227 3 223
3 228 224
228 3 224
3 229 225
229 3 225
3 230 226
230 3 226
3 231 227
231 3 227
3 232 228
232 3 228
3 233 229
233 3 229
3 234 230
234 3 230
3 235 231
235 3 231
3 236 232
236 3 232
3 237 233
237 3 233
3 238 234
238 3 234
3 239 235
239 3 235
3 240 236
240 3 236
3 241 237
241 3 237
3 242 238
242 3 238
3 243 239
243 3 239
3 244 240
244 3 240
3 245 241
245 3 241
3 246 242
246 3 242
3 247 243
247 3 243
3 248 244
248 3 244
3 249 245
249 3 245
3 250 246
250 3 246
3 251 247
251 3 247
3 252 248
252 3 248
3 253 249
253 3 249
3 254 250
254 3 250
3 255 251
255 3 251
3 256 252
256 3 252
3 257 253
257 3 253
3 258 254
258 3 254
3 259 255
259 3 255
3 260 256
260 3 256
3 261 257
261 3 257
3 262 258
262 3 258
3 263 259
263 3 259
3 264 260
264 3 260
3 265 261
265 3 261
3 266 262
266 3 262
3 267 263
267 3 263
3 268 264
268 3 264
3 269 265
269 3 265
3 270 266
270 3 266
3 271 267
271 3 267
3 272 268
272 3 268
3 273 269
273 3 269
3 274 270
274 3 270
3 275 271
275 3 271
3 276 272
276 3 272
3 277 273
277 3 273
3 278 274
278 3 274
3 279 275
279 3 275
3 280 276
280 3 276
3 281 277
281 3 277
3 282 278
282 3 278
3 283 279
283 3 279
3 284 280
284 3 280
3 285 281
285 3 281
3 286 282
286 3 282
3 287 283
287 3 283
3 288 284
288 3 284
3 289 285
289 3 285
3 290 286
290 3 286
3 291 287
291 3 287
3 292 288
292 3 288
3 293 289
293 3 289
3 294 290
294 3 290
3 295 291
295 3 291
3 296 292
296 3 292
3 297 293
297 3 293
3 298 294
298 3 294
3 299 295
299 3 295
3 300 296
300 3 296
3 301 297
301 3 297
3 302 298
302 3 298
3 303 299
303 3 299
3 304 300
304 3 300
3 305 301
305 3 301
3 306 302
306 3 302
3 307 303
307 3 303
3 308 304
308 3 304
3 309 305
309 3 305
3 310 306
310 3 306
3 311 307
311 3 307
3 312 308
312 3 308
3 313 309
313 3 309
3 314 310
314 3 310
3 315 311
315 3 311
3 316 312
316 3 312
3 317 313
317 3 313
3 318 314
318 3 314
3 319 315
319 3 315
3 320 316
320 3 316
3 321 317
321 3 317
3 322 318
322 3 318
3 323 319
323 3 319
3 324 320
324 3 320
3 325 321
325 3 321
3 326 322
326 3 322
3 327 323
327 3 323
3 328 324
328 3 324
3 329 325
329 3 325
3 330 326
330 3 326
3 331 327
331 3 327
3 332 328
332 3 328
3 333 329
333 3 329
3 334 330
334 3 330
3 335 331
335 3 331
3 336 332
336 3 332
3 337 333
337 3 333
3 338 334
338 3 334
3 339 335
339 3 335
3 340 336
340 3 336
3 341 337
341 3 337
3 342 338
342 3 338
3 343 339
343 3 339
3 344 340
344 3 340
3 345 341
345 3 341
3 346 342
346 3 342
3 347 343
347 3 343
3 348 344
348 3 344
3 349 345
349 3 345
3 350 346
350 3 346
3 351 347
351 3 347
3 352 348
352 3 348
3 353 349
353 3 349
3 354 350
354 3 350
3 355 351
355 3 351
3 356 352
356 3 352
3 357 353
357 3 353
3 358 354
358 3 354
3 359 355
359 3 355
3 360 356
360 3 356
3 361 357
361 3 357
3 362 358
362 3 358
3 363 359
363 3 359
3 364 360
364 3 360
3 365 361
365 3 361
3 366 362
366 3 362
3 367 363
367 3 363
3 368 364
368 3 364
3 369 365
369 3 365
3 370 366
370 3 366
3 371 367
371 3 367
3 372 368
372 3 368
3 373 369
373 3 369
3 374 370
374 3 370
3 375 371
375 3 371
3 376 372
376 3 372
3 377 373
377 3 373
3 378 374
378 3 374
3 379 375
379 3 375
3 380 376
380 3 376
3 381 377
381 3 377
3 382 378
382 3 378
3 383 379
383 3 379
3 384 380
384 3 380
3 385 381
385 3 381
3 386 382
386 3 382
3 387 383
387 3 383
3 388 384
388 3 384
3 389 385
389 3 385
3 390 386
390 3 386
3 391 387
391 3 387
3 392 388
392 3 388
3 393 389
393 3 389
3 394 390
394 3 390
3 395 391
395 3 391
3 396 392
396 3 392
3 397 393
397 3 393
3 398 394
398 3 394
3 399 395
399 3 395
3 400 396
400 3 396
3 401 397
401 3 397
3 402 398
402 3 398
3 403 399
403 3 399
3 404 400
404 3 400
3 405 401
405 3 401
3 406 402
406 3 402
3 407 403
407 3 403
3 408 404
408 3 404
3 409 405
409 3 405
3 410 406
410 3 406
3 411 407
411 3 407
3 412 408
412 3 408
3 413 409
413 3 409
3 414 410
414 3 410
3 415 411
415 3 411
3 416 412
416 3 412
3 417 413
417 3 413
3 418 414
418 3 414
3 419 415
419 3 415
3 420 416
420 3 416
3 421 417
421 3 417
3 422 418
422 3 418
3 423 419
423 3 419
3 424 420
424 3 420
3 425 421
425 3 421
3 426 422
426 3 422
3 427 423
427 3 423
3 428 424
428 3 424
3 429 425
429 3 425
3 430 426
430 3 426
3 431 427
431 3 427
3 432 428
432 3 428
3 433 429
433 3 429
3 434 430
434 3 430
3 435 431
435 3 431
3 436 432
436 3 432
3 437 433
437 3 433
3 438 434
438 3 434
3 439 435
439 3 435
3 440 436
440 3 436
3 441 437
441 3 437
3 442 438
442 3 438
3 443 439
443 3 439
3 444 440
444 3 440
3 445 441
445 3 441
3 446 442
446 3 442
3 447 443
447 3 443
3 448 444
448 3 444
3 449 445
449 3 445
3 450 446
450 3 446
3 451 447
451 3 447
3 452 448
452 3 448
3 453 449
453 3 449
3 454 450
454 3 450
3 455 451
455 3 451
3 456 452
456 3 452
3 457 453
457 3 453
3 458 454
458 3 454
3 459 455
459 3 455
3 460 456
460 3 456
3 461 457
461 3 457
3 462 458
462 3 458
3 463 459
463 3 459
3 464 460
464 3 460
3 465 461
465 3 461
3 466 462
466 3 462
3 467 463
467 3 463
3 468 464
468 3 464
3 469 465
469 3 465
3 470 466
470 3 466
3 471 467
471 3 467
3 472 468
472 3 468
3 473 469
473 3 469
3 474 470
474 3 470
3 475 471
475 3 471
3 476 472
476 3 472
3 477 473
477 3 473
3 478 474
478 3 474
3 479 475
479 3 475
3 480 476
480 3 476
3 481 477
481 3 477
3 482 478
482 3 478
3 483 479
483 3 479
3 484 480
484 3 480
3 485 481
485 3 481
3 486 482
486 3 482
3 487 483
487 3 483
3 488 484
488 3 484
3 489 485
489 3 485
3 490 486
490 3 486
3 491 487
491 3 487
3 492 488
492 3 488
3 493 489
493 3 489
3 494 490
494 3 490
3 495 491
495 3 491
3 496 492
496 3 492
3 497 493
497 3 493
3 498 494
498 3 494
3 499 495
499 3 495
3 500 496
500 3 496
3 501 497
501 3 497
3 502 498
502 3 498
3 503 499
503 3 499
3 504 500
504 3 500
3 505 501
505 3 501
3 506 502
506 3 502
3 507 503
507 3 503
3 508 504
508 3 504
3 509 505
509 3 505
3 510 506
510 3 506
3 511 507
511 3 507
3 512 508
512 3 508
3 513 509
513 3 509
3 514 510
514 3 510
3 515 511
515 3 511
3 516 512
516 3 512
3 517 513
517 3 513
3 518 514
518 3 514
3 519 515
519 3 515
3 520 516
520 3 516
3 521 517
521 3 517
3 522 518
522 3 518
3 523 519
523 3 519
3 524 520
524 3 520
3 525 521
525 3 521
3 526 522
526 3 522
3 527 523
527 3 523
3 528 524
528 3 524
3 529 525
529 3 525
4 5 0
5 4 0
4 6 1
6 4 1
4 7 2
7 4 2
4 8 3
8 4 3
4 9 4
9 4 4
4 10 5
10 4 5
4 11 6
11 4 6
4 12 7
12 4 7
4 13 8
13 4 8
4 14 9
14 4 9
4 15 10
15 4 10
4 16 11
16 4 11
4 17 12
17 4 12
4 18 13
18 4 13
4 19 14
19 4 14
4 20 15
20 4 15
4 21 16
21 4 16
4 22 17
22 4 17
4 23 18
23 4 18
4 24 19
24 4 19
4 25 20
25 4 20
4 26 21
26 4 21
4 27 22
27 4 22
4 28 23
28 4 23
4 29 24
29 4 24
4 30 25
30 4 25
4 31 26
31 4 26
4 32 27
32 4 27
4 33 28
33 4 28
4 34 29
34 4 29
4 35 30
35 4 30
4 36 31
36 4 31
4 37 32
37 4 32
4 38 33
38 4 33
4 39 34
39 4 34
4 40 35
40 4 35
4 41 36
41 4 36
4 42 37
42 4 37
4 43 38
43 4 38
4 44 39
44 4 39
4 45 40
45 4 40
4 46 41
46 4 41
4 47 42
47 4 42
4 48 43
48 4 43
4 49 44
49 4 44
4 50 45
50 4 45
4 51 46
51 4 46
4 52 47
52 4 47
4 53 48
53 4 48
4 54 49
54 4 49
4 55 50
55 4 50
4 56 51
56 4 51
4 57 52
57 4 52
4 58 53
58 4 53
4 59 54
59 4 54
4 60 55
60 4 55
4 61 56
61 4 56
4 62 57
62 4 57
4 63 58
63 4 58
4 64 59
64 4 59
4 65 60
65 4 60
4 66 61
66 4 61
4 67 62
67 4 62
4 68 63
68 4 63
4 69 64
69 4 64
4 70 65
70 4 65
4 71 66
71 4 66
4 72 67
72 4 67
4 73 68
73 4 68
4 74 69
74 4 69
4 75 70
75 4 70
4 76 71
76 4 71
4 77 72
77 4 72
4 78 73
78 4 73
4 79 74
79 4 74
4 80 75
80 4 75
4 81 76
81 4 76
4 82 77
82 4 77
4 83 78
83 4 78
4 84 79
84 4 79
4 85 80
85 4 80
4 86 81
86 4 81
4 87 82
87 4 82
4 88 83
88 4 83
4 89 84
89 4 84
4 90 85
90 4 85
4 91 86
91 4 86
4 92 87
92 4 87
4 93 88
93 4 88
4 94 89
94 4 89
4 95 90
95 4 90
4 96 91
96 4 91
4 97 92
97 4 92
4 98 93
98 4 93
4 99 94
99 4 94
4 100 95
100 4 95
4 101 96
101 4 96
4 102 97
102 4 97
4 103 98
103 4 98
4 104 99
104 4 99
4 105 100
105 4 100
4 106 101
106 4 101
4 107 102
107 4 102
4 108 103
108 4 103
4 109 104
109 4 104
4 110 105
110 4 105
4 111 106
111 4 106
4 112 107
112 4 107
4 113 108
113 4 108
4 114 109
114 4 109
4 115 110
115 4 110
4 116 111
116 4 111
4 117 112
117 4 112
4 118 113
118 4 113
4 119 114
119 4 114
4 120 115
120 4 115
4 121 116
121 4 116
4 122 117
122 4 117
4 123 118
123 4 118
4 124 119
124 4 119
4 125 120
125 4 120
4 126 121
126 4 121
4 127 122
127 4 122
4 128 123
128 4 123
4 129 124
129 4 124
4 130 125
130 4 125
4 131 126
131 4 126
4 132 127
132 4 127
4 133 128
133 4 128
4 134 129
134 4 129
4 135 130
135 4 130
4 136 131
136 4 131
4 137 132
137 4 132
4 138 133
138 4 133
4 139 134
139 4 134
4 140 135
140 4 135
4 141 136
141 4 136
4 142 137
142 4 137
4 143 138
143 4 138
4 144 139
144 4 139
4 145 140
145 4 140
4 146 141
146 4 141
4 147 142
147 4 142
4 148 143
148 4 143
4 149 144
149 4 144
4 150 145
150 4 145
4 151 146
151 4 146
4 152 147
152 4 147
4 153 148
153 4 148
4 154 149
154 4 149
4 155 150
155 4 150
4 156 151
156 4 151
4 157 152
157 4 152
4 158 153
158 4 153
4 159 154
159 4 154
4 160 155
160 4 155
4 161 156
161 4 156
4 162 157
162 4 157
4 163 158
163 4 158
4 164 159
164 4 159
4 165 160
165 4 160
4 166 161
166 4 161
4 167 162
167 4 162
4 168 163
168 4 163
4 169 164
169 4 164
4 170 165
170 4 165
4 171 166
171 4 166
4 172 167
172 4 167
4 173 168
173 4 168
4 174 169
174 4 169
4 175 170
175 4 170
4 176 171
176 4 171
4 177 172
177 4 172
4 178 173
178 4 173
4 179 174
179 4 174
4 180 175
180 4 175
4 181 176
181 4 176
4 182 177
182 4 177
4 183 178
183 4 178
4 184 179
184 4 179
4 185 180
185 4 180
4 186 181
186 4 181
4 187 182
187 4 182
4 188 183
188 4 183
4 189 184
189 4 184
4 190 185
190 4 185
4 191 186
191 4 186
4 192 187
192 4 187
4 193 188
193 4 188
4 194 189
194 4 189
4 195 190
195 4 190
4 196 191
196 4 191
4 197 192
197 4 192
4 198 193
198 4 193
4 199 194
199 4 194
4 200 195
200 4 195
4 201 196
201 4 196
4 202 197
202 4 197
4 203 198
203 4 198
4 204 199
204 4 199
4 205 200
205 4 200
4 206 201
206 4 201
4 207 202
207 4 202
4 208 203
208 4 203
4 209 204
209 4 204
4 210 205
210 4 205
4 211 206
211 4 206
4 212 207
212 4 207
4 213 208
213 4 208
4 214 209
214 4 209
4 215 210
215 4 210
4 216 211
216 4 211
4 217 212
217 4 212
4 218 213
218 4 213
4 219 214
219 4 214
4 220 215
220 4 215
4 221 216
221 4 216
4 222 217
222 4 217
4 223 218
223 4 218
4 224 219
224 4 219
4 225 220
225 4 220
4 226 221
226 4 221
4 227 222
227 4 222
4 228 223
228 4 223
4 229 224
229 4 224
4 230 225
230 4 225
4 231 226
231 4 226
4 232 227
232 4 227
4 233 228
233 4 228
4 234 229
234 4 229
4 235 230
235 4 230
4 236 231
236 4 231
4 237 232
237 4 232
4 238 233
238 4 233
4 239 234
239 4 234
4 240 235
240 4 235
4 241 236
241 4 236
4 242 237
242 4 237
4 243 238
243 4 238
4 244 239
244 4 239
4 245 240
245 4 240
4 246 241
246 4 241
4 247 242
247 4 242
4 248 243
248 4 243
4 249 244
249 4 244
4 250 245
250 4 245
4 251 246
251 4 246
4 252 247
252 4 247
4 253 248
253 4 248
4 254 249
254 4 249
4 255 250
255 4 250
4 256 251
256 4 251
4 257 252
257 4 252
4 258 253
258 4 253
4 259 254
259 4 254
4 260 255
260 4 255
4 261 256
261 4 256
4 262 257
262 4 257
4 263 258
263 4 258
4 264 259
264 4 259
4 265 260
265 4 260
4 266 261
266 4 261
4 267 262
267 4 262
4 268 263
268 4 263
4 269 264
269 4 264
4 270 265
270 4 265
4 271 266
271 4 266
4 272 267
272 4 267
4 273 268
273 4 268
4 274 269
274 4 269
4 275 270
275 4 270
4 276 271
276 4 271
4 277 272
277 4 272
4 278 273
278 4 273
4 279 274
279 4 274
4 280 275
280 4 275
4 281 276
281 4 276
4 282 277
282 4 277
4 283 278
283 4 278
4 284 279
284 4 279
4 285 280
285 4 280
4 286 281
286 4 281
4 287 282
287 4 282
4 288 283
288 4 283
4 289 284
289 4 284
4 290 285
290 4 285
4 291 286
291 4 286
4 292 287
292 4 287
4 293 288
293 4 288
4 294 289
294 4 289
4 295 290
295 4 290
4 296 291
296 4 291
4 297 292
297 4 292
4 298 293
298 4 293
4 299 294
299 4 294
4 300 295
300 4 295
4 301 296
301 4 296
4 302 297
302 4 297
4 303 298
303 4 298
4 304 299
304 4 299
4 305 300
305 4 300
4 306 301
306 4 301
4 307 302
307 4 302
4 308 303
308 4 303
4 309 304
309 4 304
4 310 305
310 4 305
4 311 306
311 4 306
4 312 307
312 4 307
4 313 308
313 4 308
4 314 309
314 4 309
4 315 310
315 4 310
4 316 311
316 4 311
4 317 312
317 4 312
4 318 313
318 4 313
4 319 314
319 4 314
4 320 315
320 4 315
4 321 316
321 4 316
4 322 317
322 4 317
4 323 318
323 4 318
4 324 319
324 4 319
4 325 320
325 4 320
4 326 321
326 4 321
4 327 322
327 4 322
4 328 323
328 4 323
4 329 324
329 4 324
4 330 325
330 4 325
4 331 326
331 4 326
4 332 327
332 4 327
4 333 328
333 4 328
4 334 329
334 4 329
4 335 330
335 4 330
4 336 331
336 4 331
4 337 332
337 4 332
4 338 333
338 4 333
4 339 334
339 4 334
4 340 335
340 4 335
4 341 336
341 4 336
4 342 337
342 4 337
4 343 338
343 4 338
4 344 339
344 4 339
4 345 340
345 4 340
4 346 341
346 4 341
4 347 342
347 4 342
4 348 343
348 4 343
4 349 344
349 4 344
4 350 345
350 4 345
4 351 346
351 4 346
4 352 347
352 4 347
4 353 348
353 4 348
4 354 349
354 4 349
4 355 350
355 4 350
4 356 351
356 4 351
4 357 352
357 4 352
4 358 353
358 4 353
4 359 354
359 4 354
4 360 355
360 4 355
4 361 356
361 4 356
4 362 357
362 4 357
4 363 358
363 4 358
4 364 359
364 4 359
4 365 360
365 4 360
4 366 361
366 4 361
4 367 362
367 4 362
4 368 363
368 4 363
4 369 364
369 4 364
4 370 365
370 4 365
4 371 366
371 4 366
4 372 367
372 4 367
4 373 368
373 4 368
4 374 369
374 4 369
4 375 370
375 4 370
4 376 371
376 4 371
4 377 372
377 4 372
4 378 373
378 4 373
4 379 374
379 4 374
4 380 375
380 4 375
4 381 376
381 4 376
4 382 377
382 4 377
4 383 378
383 4 378
4 384 379
384 4 379
4 385 380
385 4 380
4 386 381
386 4 381
4 387 382
387 4 382
4 388 383
388 4 383
4 389 384
389 4 384
4 390 385
390 4 385
4 391 386
391 4 386
4 392 387
392 4 387
4 393 388
393 4 388
4 394 389
394 4 389
4 395 390
395 4 390
4 396 391
396 4 391
4 397 392
397 4 392
4 398 393
398 4 393
4 399 394
399 4 394
4 400 395
400 4 395
4 401 396
401 4 396
4 402 397
402 4 397
4 403 398
403 4 398
4 404 399
404 4 399
4 405 400
405 4 400
4 406 401
406 4 401
4 407 402
407 4 402
4 408 403
408 4 403
4 409 404
409 4 404
4 410 405
410 4 405
4 411 406
411 4 406
4 412 407
412 4 407
4 413 408
413 4 408
4 414 409
414 4 409
4 415 410
415 4 410
4 416 411
416 4 411
4 417 412
417 4 412
4 418 413
418 4 413
4 419 414
419 4 414
4 420 415
420 4 415
4 421 416
421 4 416
4 422 417
422 4 417
4 423 418
423 4 418
4 424 419
424 4 419
4 425 420
425 4 420
4 426 421
426 4 421
4 427 422
427 4 422
4 428 423
428 4 423
4 429 424
429 4 424
4 430 425
430 4 425
4 431 426
431 4 426
4 432 427
432 4 427
4 433 428
433 4 428
4 434 429
434 4 429
4 435 430
435 4 430
4 436 431
436 4 431
4 437 432
437 4 432
4 438 433
438 4 433
4 439 434
439 4 434
4 440 435
440 4 435
4 441 436
441 4 436
4 442 437
442 4 437
4 443 438
443 4 438
4 444 439
444 4 439
4 445 440
445 4 440
4 446 441
446 4 441
4 447 442
447 4 442
4 448 443
448 4 443
4 449 444
449 4 444
4 450 445
450 4 445
4 451 446
451 4 446
4 452 447
452 4 447
4 453 448
453 4 448
4 454 449
454 4 449
4 455 450
455 4 450
4 456 451
456 4 451
4 457 452
457 4 452
4 458 453
458 4 453
4 459 454
459 4 454
4 460 455
460 4 455
4 461 456
461 4 456
4 462 457
462 4 457
4 463 458
463 4 458
4 464 459
464 4 459
4 465 460
465 4 460
4 466 461
466 4 461
4 467 462
467 4 462
4 468 463
468 4 463
4 469 464
469 4 464
4 470 465
470 4 465
4 471 466
471 4 466
4 472 467
472 4 467
4 473 468
473 4 468
4 474 469
474 4 469
4 475 470
475 4 470
4 476 471
476 4 471
4 477 472
477 4 472
4 478 473
478 4 473
4 479 474
479 4 474
4 480 475
480 4 475
4 481 476
481 4 476
4 482 477
482 4 477
4 483 478
483 4 478
4 484 479
484 4 479
4 485 480
485 4 480
4 486 481
486 4 481
4 487 482
487 4 482
4 488 483
488 4 483
4 489 484
489 4 484
4 490 485
490 4 485
4 491 486
491 4 486
4 492 487
492 4 487
4 493 488
493 4 488
4 494 489
494 4 489
4 495 490
495 4 490
4 496 491
496 4 491
4 497 492
497 4 492
4 498 493
498 4 493
4 499 494
499 4 494
4 500 495
500 4 495
4 501 496
501 4 496
4 502 497
502 4 497
4 503 498
503 4 498
4 504 499
504 4 499
4 505 500
505 4 500
4 506 501
506 4 501
4 507 502
507 4 502
4 508 503
508 4 503
